                                                            
                                                            
                                                            
                                                            
                                                            
                                                            
                                                            
                                                            
                                                            
                                                            
                                                            
                                                            
                                                            
                                                            
                                                            
                                                            
                              111                           
                           1111111                          
                         1111111111                         
                         11111111111                        
                  111    11111111111                        
                 1111111111111111111                        
                 1111111111111111111111 11                  
                 1111111111111111111111111                  
                 11111    11111111111111111                 
                  1      111111111  1111111                 
                          111         1111                  
                                        11                  
                                                            
                                                            
                                                            
                                                            
                                                            
                                                            
                                                            
                                                            
                                                            
                                                            
                                                            
                                                            
                                                            
                                                            
                                                            
                                                            
