                                                            
                                                            
                                                            
                                                            
                                                            
                                                            
                                                            
                                                            
                                                            
                                                            
                                                            
                                                            
                                                            
                                                            
                                                            
                                                            
                                                            
                                                            
                                                            
                            111                             
                          111111                            
                          1111111                           
                          1111111                           
                          1111111                           
                          1111111                           
                          1111111                           
                           11111                            
                                                            
                                                            
                                                            
                                                            
                                                            
                                                            
                                                            
                                                            
                                                            
                                                            
                                                            
                                                            
                                                            
                                                            
                                                            
                                                            
                                                            
