                                                      111111
                                                        1111
                                                         111
                                                           1
                                                            
                                                            
                                                            
                                                            
                                                            
                                                            
                          1                                 
                         111111                             
                         111111                             
                         111111                             
                          1111                              
                          11111                             
                         1111111                            
                         1111111                            
                         1111111                            
                        1111111                             
                         111111                             
                        1111111                             
                        11111111                            
                        11111111                            
                        111111111                           
                        111111111                           
                        1111111111                          
                       11111111111                          
                       11111111111                          
                       111111111                            
                        1111111                             
                        11  111                             
                       111  111                             
                       11111111111                          
                        1111111111                          
                                                            
                                                            
                                                            
                                                            
                                                            
                                                            
                                                            
                                                            
                                                            
