                1111111111                                  
                1111111111                                  
                 111111111                                  
                 1111111111                                 
                  111111111                                 
                  111111111                                 
                   11111111                                 
                   11111111                                 
                    11111111                                
                     1111111                                
                     1111111                                
                      1111111                               
                       111111                               
                        11111                               
                        111111                              
                         11111                              
                           1111                             
                            111                             
                             11                             
                             11                             
                                                            
                                                            
                                                            
                                                            
                                                            
                                                            
                                                            
                                                            
                                                            
                                                            
                                                            
                                                            
                                                            
                                                            
                                                            
                                                            
                                                            
                                                            
                                                            
                                                            
                                                            
                                                            
                                                            
                                                            
