1111111111111111111                                         
1111111111111111111                                         
1111111111111111111                                         
1111111111111111111                                         
1111111111111111111                                         
1111111111111111111                                         
1111111111111111111                                         
1111111111111111111                                         
111111111111111111                 111                      
111111111111111111                 111111                   
11111111111111111                  11111111                 
11111111111111111                   11111111                
1111111111111111                   111111111                
111111111111111                    111111111                
11111111111111                      11111111                
1111111111111                       111111111               
11111111111                          11111111               
111111111                             11111111              
                                     111111111              
                                     111111111              
                                    1111111111              
                                    1111111111              
                                    1111111111              
                                    1111111111              
                                    1111111111              
                                    1111111111              
                                   11111111111              
                                  111111111111              
                                 1111111111111              
                                 1111111111111              
                                111 1111111111              
                                111 1111111111              
                                    1111111111              
                                    1111111111              
                                    1111111111              
                                   11111111111              
                                   111111111111             
                                   111111111111             
                                  11111111111111            
                                  11111111111111            
                                  111111111111111           
                                  111111111111111           
                                 1111111111111111           
                                 11111111111111111          
