000000000000000000000000000000000000000000000000000001111111111111111111111110000001110011111111111111111100000000000000000000000000000000000000000000
000000000000000000000000000000000000000000000000000001111111111111111111111110000001110011111111111111111100000000000000000000000000000000000000000000
000000000000000000000000000000000000000000000000000001111111111111111111111111111111111111111111111111111111100000000000000000000000000000000000000000
000000000000000000000000000000000000000000000000000001111111111111111111111111111111111111111111111111111111100000000000000000000000000000000000000000
000000000000000000000000000000000000000000000000000000111111111111111111111111111111111111111111111111111111110000000000000000000000000000000000000000
000000000000000000000000000000000000000000000000000000111111111111111111111111111111111111111111111111111111110000000000000000000000000000000000000000
000000000000000000000000000000000000000000000000000000011111111111111111111111111111111111111111111111111111111100000000000000000000000000000000000000
000000000000000000000000000000000000000000000000000000011111111111111111111111111111111111111111111111111111111100000000000000000000000000000000000000
000000000000000000000000000000000000000000000000000000011111111111111111111111111111111111111111111111111111111110000000000000000000000000000000000000
000000000000000000000000000000000000000000000000000000011111111111111111111111111111111111111111111111111111111110000000000000000000000000000000000000
000000000000000000000000000000000000000000000000000000000111111111111111111111111111111111111111111111111111111111000000000000000000000000000000000000
000000000000000000000000000000000000000000000000000000000111111111111111111111111111111111111111111111111111111111000000000000000000000000000000000000
000000000000000000000000000000000000000000000000000000000001111111111111111111111111111111111111111111111111111111110000000000000000000000000000000000
000000000000000000000000000000000000000000000000000000000001111111111111111111111111111111111111111111111111111111110000000000000000000000000000000000
000000000000000000000000000000000000000000000000000000000000011111111111111111111111111111111111111111111111111111111100000000000000000000000000000000
000000000000000000000000000000000000000000000000000000000000011111111111111111111111111111111111111111111111111111111100000000000000000000000000000000
000000000000000000000000000000000000000000000000000000000000000011111111111111111111111111111111111111111111111111111110000000000000000000000000000000
000000000000000000000000000000000000000000000000000000000000000011111111111111111111111111111111111111111111111111111110000000000000000000000000000000
000000000000000000000000000000000000000000000000000000000000000011111111111111111111111111111111111111111111111111111111000000000000000000000000000000
000000000000000000000000000000000000000000000000000000000000000011111111111111111111111111111111111111111111111111111111000000000000000000000000000000
000000000000000000000000000000000000000000000000000000000000001111111111111111111111111111111111111111111111111111111111100000000000000000000000000000
000000000000000000000000000000000000000000000000000000000000001111111111111111111111111111111111111111111111111111111111100000000000000000000000000000
000000000000000000000000000000000000000000000000000000000000011111111111111111111111111111111111111111111111111111111111110000000000000000000000000000
000000000000000000000000000000000000000000000000000000000000011111111111111111111111111111111111111111111111111111111111110000000000000000000000000000
000000000000000000000000000000000000000000000000000000000000111111111111111111111111111111111111111111111111111111111111111000000000000000000000000000
000000000000000000000000000000000000000000000000000000000000111111111111111111111111111111111111111111111111111111111111111000000000000000000000000000
000000000000000000000000000000000000000000000000000000000000111111111111111111111111111111111111111111111111111111111111111100000000000000000000000000
000000000000000000000000000000000000000000000000000000000000111111111111111111111111111111111111111111111111111111111111111100000000000000000000000000
000000000000000000000000000000000000000000000000000000000001111111111111111111111111111111111111111111111111111111111111111110000000000000000000000000
000000000000000000000000000000000000000000000000000000000001111111111111111111111111111111111111111111111111111111111111111110000000000000000000000000
000000000000000000000000000000000000000000000000000000000001111111111111111111111111111111111111111111111111111111111111111110000000000000000000000000
000000000000000000000000000000000000000000000000000000000001111111111111111111111111111111111111111111111111111111111111111110000000000000000000000000
000000000000000000000000000000000000000000000000000000000001111111111111111111111111111111111111111111111111111111111111111111000000000000000000000000
000000000000000000000000000000000000000000000000000000000001111111111111111111111111111111111111111111111111111111111111111111000000000000000000000000
000000000000000000000000000000000000000000000000000000000001111111111111111111111111111111111111111111111111111111111111111111100000000000000000000000
000000000000000000000000000000000000000000000000000000000001111111111111111111111111111111111111111111111111111111111111111111100000000000000000000000
000000000000000000000000000000000000000000000000000000000001111111111111111111111111111111111111111111111111111111111111111111100000000000000000000000
000000000000000000000000000000000000000000000000000000000001111111111111111111111111111111111111111111111111111111111111111111100000000000000000000000
000000000000000000000000000000000000000000000000000000000001111111111111111111111111111111111111111111111111111111111111111111110000000000000000000000
000000000000000000000000000000000000000000000000000000000001111111111111111111111111111111111111111111111111111111111111111111110000000000000000000000
000000000000000000000000000000000000000000000000000000000001111111111111111111111111111111111111111111111111111111111111111111110000000000000000000000
000000000000000000000000000000000000000000000000000000000001111111111111111111111111111111111111111111111111111111111111111111110000000000000000000000
000000000000000000000000000000000000000000000000000000000001111111111111111111111111111111111111111111111111111111111111111111111000000000000000000000
000000000000000000000000000000000000000000000000000000000001111111111111111111111111111111111111111111111111111111111111111111111000000000000000000000
000000000000000000000000000000000000000000000000000000000001111111111111111111111111111111111111111111111111111111111111111111111000000000000000000000
000000000000000000000000000000000000000000000000000000000001111111111111111111111111111111111111111111111111111111111111111111111000000000000000000000
000000000000000000000000000000000000000000000000000000000000111111111111111111111111111111111111111111111111111111111111111111111000000000000000000000
000000000000000000000000000000000000000000000000000000000000111111111111111111111111111111111111111111111111111111111111111111111000000000000000000000
000000000000000000000000000000000000000000000000000000000000001111111111111111111111111111111111111111111111111111111111111111111100000000000000000000
000000000000000000000000000000000000000000000000000000000000001111111111111111111111111111111111111111111111111111111111111111111100000000000000000000
000000000000000000000000000000000000000000000000000000000000000001101110111111111111111111111111111111111111111111111111111111111100000000000000000000
000000000000000000000000000000000000000000000000000000000000000001101110111111111111111111111111111111111111111111111111111111111100000000000000000000
000000000000000000000000000000000000000000000000000000000000000000000000100111111111111111111111111111111111111111111111111111111110000000000000000000
000000000000000000000000000000000000000000000000000000000000000000000000100111111111111111111111111111111111111111111111111111111110000000000000000000
000000000000000000000000000000000000000000000000000000000000000000000000000111111111111111111111111111111111111111111111111111111010000000000000000000
000000000000000000000000000000000000000000000000000000000000000000000000000111111111111111111111111111111111111111111111111111111010000000000000000000
000000000000000000000000000000000000000000000000000000000000000000000000000111111111111111111111111111111111111111111111111111101101000000000000000000
000000000000000000000000000000000000000000000000000000000000000000000000000111111111111111111111111111111111111111111111111111101101000000000000000000
000000000000000000000000000000000000000000000000000000000000000000000000001111111111111111111111111111111111111111111111111111110100000000000000000000
000000000000000000000000000000000000000000000000000000000000000000000000001111111111111111111111111111111111111111111111111111110100000000000000000000
000000000000000000000000000000000000000000000000000000000000000000000000000000111111111111111111111111111111111111111111111111110010000000000000000000
000000000000000000000000000000000000000000000000000000000000000000000000000000111111111111111111111111111111111111111111111111110010000000000000000000
000000000000000000000000000000000000000000000000000000000000000000000000000001111111111111111011111111111111111111111101111111111001000000000000000000
000000000000000000000000000000000000000000000000000000000000000000000000000001111111111111111011111111111111111111111101111111111001000000000000000000
000000000000000000000000000000000000000000000000000000000000000000000000000001111111111111111001111111111111111111111110110111111000000000000000000000
000000000000000000000000000000000000000000000000000000000000000000000000000001111111111111111001111111111111111111111110110111111000000000000000000000
000000000000000000000000000000000000000000000000000000000000000000000000000001111111101111111000111111111111111111111111110011111100000000000000000000
000000000000000000000000000000000000000000000000000000000000000000000000000001111111101111111000111111111111111111111111110011111100000000000000000000
000000000000000000000000000000000000000000000000000000000000000000000000000001111111110111111000011111111111111111111111110001111100000000000000000000
000000000000000000000000000000000000000000000000000000000000000000000000000001111111110111111000011111111111111111111111110001111100000000000000000000
000000000000000000000000000000000000000000000000000000000000000000000000000000111111111111111001111111111111111111111111110000111111000000000000000000
000000000000000000000000000000000000000000000000000000000000000000000000000000111111111111111001111111111111111111111111110000111111000000000000000000
000000000000000000000000000000000000000000000000000000000000000000000000000000111111110011110011111111111111111111111111110000010100000000000000000000
000000000000000000000000000000000000000000000000000000000000000000000000000000111111110011110011111111111111111111111111110000010100000000000000000000
000000000000000000000000000000000000000000000000000000000000000000000000000000111111110001111111111111111111111111111111110000001010000000000000000000
000000000000000000000000000000000000000000000000000000000000000000000000000000111111110001111111111111111111111111111111110000001010000000000000000000
000000000000000000000000000000000000000000000000000000000000000000000000000000111111111001111111111111111111111111111111111000000000000000000000000000
000000000000000000000000000000000000000000000000000000000000000000000000000000111111111001111111111111111111111111111111111000000000000000000000000000
000000000000000000000000000000000000000000000000000000000000000000000000000000001111100001111111111111111111111111111111111100000000000000000000000000
000000000000000000000000000000000000000000000000000000000000000000000000000000001111100001111111111111111111111111111111111100000000000000000000000000
000000000000000000000000000000000000000000000000000000000000000000000000000000001111100011111111111111111111111111111111111100000000000000000000000000
000000000000000000000000000000000000000000000000000000000000000000000000000000001111100011111111111111111111111111111111111100000000000000000000000000
000000000000000000000000000000000000000000000000000000000000000000000000000000000111100111111111111111111111111111111111111110000000000000000000000000
000000000000000000000000000000000000000000000000000000000000000000000000000000000111100111111111111111111111111111111111111110000000000000000000000000
000000000000000000000000000000000000000000000000000000000000000000000000000000000111101111111111111111111111111111111111111111000000000000000000000000
000000000000000000000000000000000000000000000000000000000000000000000000000000000111101111111111111111111111111111111111111111000000000000000000000000
000000000000000000000000000000000000000000000000000000000000000000000000000000000111001111111111111111111111111111111111111111110000000000000000000000
000000000000000000000000000000000000000000000000000000000000000000000000000000000111001111111111111111111111111111111111111111110000000000000000000000
000000000000000000000000000000000000000000000000000000000000000000000000000000000011011111111111111111111111111111111111111111111100000000000000000000
000000000000000000000000000000000000000000000000000000000000000000000000000000000011011111111111111111111111111111111111111111111100000000000000000000
000000000000000000000000000000000000000000001110000000000000000000000000000000000011011111111111111111111111111111111111111111111110000000000000000000
000000000000000000000000000000000000000000001110000000000000000000000000000000000011011111111111111111111111111111111111111111111110000000000000000000
000000000000000000000000000000000000111111111111100000000000000000000000000000000001111111111111111111111111111111111111111111110000000000000000000000
000000000000000000000000000000000000111111111111100000000000000000000000000000000001111111111111111111111111111111111111111111110000000000000000000000
000000000000000000000000000000000111111111111111111000000000000000000000000000000001111111111111111111111111111111111111111111111000000000000000000000
000000000000000000000000000000000111111111111111111000000000000000000000000000000001111111111111111111111111111111111111111111111000000000000000000000
000000000000000000000000000000011111111111111111111100000000000000000000000000000011111111111111111111111111111111111111111111111000000000000000000000
000000000000000000000000000000011111111111111111111100000000000000000000000000000011111111111111111111111111111111111111111111111000000000000000000000
000000000000000000000000000000111111111111111111111100000000000000000000000000000011111111111111111111111111111111111111111111111100000000000000000000
000000000000000000000000000000111111111111111111111100000000000000000000000000000011111111111111111111111111111111111111111111111100000000000000000000
000000000000000000000000000001111111111111111111111100000000000000000000000000000011111111111111111111111111111111111111111111111100000000000000000000
000000000000000000000000000001111111111111111111111100000000000000000000000000000011111111111111111111111111111111111111111111111100000000000000000000
000000000000000000000000000001111111111111111111111110000000000000000000000000000111111111111111111111111111111111111111111111111100000000000000000000
000000000000000000000000000001111111111111111111111110000000000000000000000000000111111111111111111111111111111111111111111111111100000000000000000000
000000000000000000000000000000111111111111111111111111000000000000000000000000000111111111111111111111111111111111111111111111111110000000000000000000
000000000000000000000000000000111111111111111111111111000000000000000000000000000111111111111111111111111111111111111111111111111110000000000000000000
000000000000000000000000000000111111111111111111111111110110000000000000000000000111111111111111111111111111111111111111111111111110000000000000000000
000000000000000000000000000000111111111111111111111111110110000000000000000000000111111111111111111111111111111111111111111111111110000000000000000000
000000000000000000000000000000111111111111111111111111111111111111111111111111111111111111111111111111111111111111111111111111111111000000000000000000
000000000000000000000000000000111111111111111111111111111111111111111111111111111111111111111111111111111111111111111111111111111111000000000000000000
000000000000000000000000000000011111111111111111111111111111111111111111111111111111111111111111111111111111111111111111111111111111000000000000000000
000000000000000000000000000000011111111111111111111111111111111111111111111111111111111111111111111111111111111111111111111111111111000000000000000000
000000000000000000000000000000011111111111111111111111111111111111111111111111111111111111111111111111111111111111111111111111111111000000000000000000
000000000000000000000000000000011111111111111111111111111111111111111111111111111111111111111111111111111111111111111111111111111111000000000000000000
111111111111111111111111111111111111111111111111111111111111111111111111111111111111111111111111111111111111111111111111111111111111111111111111111111
111111111111111111111111111111111111111111111111111111111111111111111111111111111111111111111111111111111111111111111111111111111111111111111111111111
