111111111111111111111111100000000000000000011111111111111111111111111111111111111111111111111111111111111111111111111111111111111111111111111111111111
111111111111111111111111100000000000000000011111111111111111111111111111111111111111111111111111111111111111111111111111111111111111111111111111111111
111111111111111111111111111110000000000000001111111111111111111111111111111111111111111111111111111111111111111111111111111111111111111111111111111111
111111111111111111111111111110000000000000001111111111111111111111111111111111111111111111111111111111111111111111111111111111111111111111111111111111
111111111111111111111111111110000000000100001111111111111111111111111111111111111111111111111111111111111111111111111111111111111111111111111111111111
111111111111111111111111111110000000000100001111111111111111111111111111111111111111111111111111111111111111111111111111111111111111111111111111111111
111111111111111111111111111111000000001100000000000111111111111111111111111111111111111111111111111111111111111111111111111111111111111111111111111111
111111111111111111111111111111000000001100000000000111111111111111111111111111111111111111111111111111111111111111111111111111111111111111111111111111
111111111111111111111100001110000000000000000000001111111111111111111111111111111111111111111111111111111111111111111111111111111111111111111111111111
111111111111111111111100001110000000000000000000001111111111111111111111111111111111111111111111111111111111111111111111111111111111111111111111111111
111111111111111111111000000000000000000000000000000111111111111111111111111111111111111111111111111111111111111111111111111111111111111111111111111111
111111111111111111111000000000000000000000000000000111111111111111111111111111111111111111111111111111111111111111111111111111111111111111111111111111
111111111111111111111100000000000000000000000000000001111111111111111111111111111111111111111111111111111111111111111111111111111111111111111111111111
111111111111111111111100000000000000000000000000000001111111111111111111111111111111111111111111111111111111111111111111111111111111111111111111111111
111111111111111111111110000000000000000000000000000000011111111111111111111111111111111111111111111111111111111111111111111111111111111111111111111111
111111111111111111111110000000000000000000000000000000011111111111111111111111111111111111111111111111111111111111111111111111111111111111111111111111
111111111111111111111100000000000000000000000000000000000111111111111111111111111111111111111111111111111111111111111111111111111111111111111111111111
111111111111111111111100000000000000000000000000000000000111111111111111111111111111111111111111111111111111111111111111111111111111111111111111111111
111111111111111111111100000000000000000000000000001110000001111111111111111111111111111111111111111111111111111111111111111111111111111111111111111111
111111111111111111111100000000000000000000000000001110000001111111111111111111111111111111111111111111111111111111111111111111111111111111111111111111
111111111111111111111100000000000000000000000000001111100000011111111111111111111111111111111111111111111111111111111111111111111111111111111111111111
111111111111111111111100000000000000000000000000001111100000011111111111111111111111111111111111111111111111111111111111111111111111111111111111111111
111111111111111111111100000000000000000000000000011111111000000111111111111111111111111111111111111111111111111111111111111111111111111111111111111111
111111111111111111111100000000000000000000000000011111111000000111111111111111111111111111111111111111111111111111111111111111111111111111111111111111
111111111111111111111100000000000000000000000000111111111110000001111111111111111111111111111111111111111111111111111111111111111111111111111111111111
111111111111111111111100000000000000000000000000111111111110000001111111111111111111111111111111111111111111111111111111111111111111111111111111111111
111111111111111111111100000000000001111111111111111111111111100000001111111111111111111111111111111111111111111111111111111111111111111111111111111111
111111111111111111111100000000000001111111111111111111111111100000001111111111111111111111111111111111111111111111111111111111111111111111111111111111
111111111111111111111100000000000000111111111111111111111111110000000111111111111111111111111111111111111111111111111111111111111111111111111111111111
111111111111111111111100000000000000111111111111111111111111110000000111111111111111111111111111111111111111111111111111111111111111111111111111111111
111111111111000000000000000000000000111111111111111111111111111100000000111111111111111111111111111111111111111111111111111111111111111111111111111111
111111111111000000000000000000000000111111111111111111111111111100000000111111111111111111111111111111111111111111111111111111111111111111111111111111
111111110000000000000000000000000000000111111111111111111111111111000000001111111111111111111111111111111111111111111111111111111111111111111111111111
111111110000000000000000000000000000000111111111111111111111111111000000001111111111111111111111111111111111111111111111111111111111111111111111111111
111111000000000000000000000000000000000000011111111111111111111111110000000111111111111111111111111111111111111111111111111111111111111111111111111111
111111000000000000000000000000000000000000011111111111111111111111110000000111111111111111111111111111111111111111111111111111111111111111111111111111
111110000000000000000000000000000000000000000000000000000000000111111100000001111111111111111111111111111111111111111111111111111111111111111111111111
111110000000000000000000000000000000000000000000000000000000000111111100000001111111111111111111111111111111111111111111111111111111111111111111111111
111100000000000000000000000000000000000000000000000000000000000000111110000000011111111111111111111111111111111111111111111111111111111111111111111111
111100000000000000000000000000000000000000000000000000000000000000111110000000011111111111111111111111111111111111111111111111111111111111111111111111
111000000000000000000000000000000000000000000000000000000000000000001111100000001111111111111111111111111111111111111111111111111111111111111111111111
111000000000000000000000000000000000000000000000000000000000000000001111100000001111111111111111111111111111111111111111111111111111111111111111111111
110000000000000000000000000000000000000000000000000000000000000000001111110000000111111111111111111111111111111111111111111111111111111111111111111111
110000000000000000000000000000000000000000000000000000000000000000001111110000000111111111111111111111111111111111111111111111111111111111111111111111
100000000000000000000000000000000000000000000000000000000000000000111111111000000011111111111111111111111111111111111111111111111111111111111111111111
100000000000000000000000000000000000000000000000000000000000000000111111111000000011111111111111111111111111111111111111111111111111111111111111111111
100000000000000000000000000000000000000000000000000000000000000000111111111100000001111111111111111111111111111111111111111111111111111111111111111111
100000000000000000000000000000000000000000000000000000000000000000111111111100000001111111111111111111111111111111111111111111111111111111111111111111
100000000000000000000000000000000000000000000000000000000000000001111111111110000001111111111111111111111111111111111111111111111111111111111111111111
100000000000000000000000000000000000000000000000000000000000000001111111111110000001111111111111111111111111111111111111111111111111111111111111111111
100000000000000000000000000000000000000000000000000000000000011111111111111111000001111111111111111111111111111111111111111111111111111111111111111111
100000000000000000000000000000000000000000000000000000000000011111111111111111000001111111111111111111111111111111111111111111111111111111111111111111
000000000000000000000000000000000000000000000000000000000000000000000000000000000000000000000000000000000000000000000000000000000000000000011111111111
000000000000000000000000000000000000000000000000000000000000000000000000000000000000000000000000000000000000000000000000000000000000000000011111111111
100000000000000000000000000000000000000000000011111111100011111111111111111111100001111111111111111111111111111111111111111111111111111111111111111111
100000000000000000000000000000000000000000000011111111100011111111111111111111100001111111111111111111111111111111111111111111111111111111111111111111
110000000000000000000000000000000000000000000001111111111111111111111111111111100011111111111111111111111111111111111111111111111111111111111111111111
110000000000000000000000000000000000000000000001111111111111111111111111111111100011111111111111111111111111111111111111111111111111111111111111111111
111000000000000000000000000000000000000000000000111111111111111111111111111111111111111111111111111111111111111111111111111111111111111111111111111111
111000000000000000000000000000000000000000000000111111111111111111111111111111111111111111111111111111111111111111111111111111111111111111111111111111
111110000000000000000000000000000000000000000000011111111111111111111111111111111111111111111111111111111111111111111111111111111111111111111111111111
111110000000000000000000000000000000000000000000011111111111111111111111111111111111111111111111111111111111111111111111111111111111111111111111111111
111111100000000000000000000000000000000000000000011111111111111111111111111111111111111111111111111111111111111111111111111111111111111111111111111111
111111100000000000000000000000000000000000000000011111111111111111111111111111111111111111111111111111111111111111111111111111111111111111111111111111
111111111100000000000000000000000000000000000000011111111111111111111111111111111111111111111111111111111111111111111111111111111111111111111111111111
111111111100000000000000000000000000000000000000011111111111111111111111111111111111111111111111111111111111111111111111111111111111111111111111111111
111111111111110000000000000000000000000000111111111111111111111111111111111111111111111111111111111111111111111111111111111111111111111111111111111111
111111111111110000000000000000000000000000111111111111111111111111111111111111111111111111111111111111111111111111111111111111111111111111111111111111
111111111111111111111000000000000000000001111111111111111111111111111111111111111111111111111111111111111111111111111111111111111111111111111111111111
111111111111111111111000000000000000000001111111111111111111111111111111111111111111111111111111111111111111111111111111111111111111111111111111111111
111111111111111111111110000000111100000001111111111111111111111111111111111111111111111111111111111111111111111111111111111111111111111111111111111111
111111111111111111111110000000111100000001111111111111111111111111111111111111111111111111111111111111111111111111111111111111111111111111111111111111
111111111111111111111111110000000000000011111111111111111111111111111111111111111111111111111111111111111111111111111111111111111111111111111111111111
111111111111111111111111110000000000000011111111111111111111111111111111111111111111111111111111111111111111111111111111111111111111111111111111111111
111111111111111111111111111000000000000001111111111111111111111111111111111111111111111111111111111111111111111111111111111111111111111111111111111111
111111111111111111111111111000000000000001111111111111111111111111111111111111111111111111111111111111111111111111111111111111111111111111111111111111
111111111111111111111111111110000000000000111111111111111111111111111111111111111111111111111111111111111111111111111111111111111111111111111111111111
111111111111111111111111111110000000000000111111111111111111111111111111111111111111111111111111111111111111111111111111111111111111111111111111111111
111111111111111111111111111110000000110000111111111111111111111111111111111111111111111111111111111111111111111111111111111111111111111111111111111111
111111111111111111111111111110000000110000111111111111111111111111111111111111111111111111111111111111111111111111111111111111111111111111111111111111
111111111111111111111111111100000000011111111111111111111111111111111111111111111111111111111111111111111111111111111111111111111111111111111111111111
111111111111111111111111111100000000011111111111111111111111111111111111111111111111111111111111111111111111111111111111111111111111111111111111111111
111111111111111111111111111000000000001111111111111111111111111111111111111111111111111111111111111111111111111111111111111111111111111111111111111111
111111111111111111111111111000000000001111111111111111111111111111111111111111111111111111111111111111111111111111111111111111111111111111111111111111
111111111111111111111111111000000011111111111111111111111111111111111111111111111111111111111111111111111111111111111111111111111111111111111111111111
111111111111111111111111111000000011111111111111111111111111111111111111111111111111111111111111111111111111111111111111111111111111111111111111111111
111111111111111111111111111110001111111111111111111111111111111111111111111111111111111111111111111111111111111111111111111111111111111111111111111111
111111111111111111111111111110001111111111111111111111111111111111111111111111111111111111111111111111111111111111111111111111111111111111111111111111
111111111111111111111111111111111111111111111111111111111111111111111111111111111111111111111111111111111111111111111111111111111111111111111111111111
111111111111111111111111111111111111111111111111111111111111111111111111111111111111111111111111111111111111111111111111111111111111111111111111111111
111111111111111111111111111111111111111111111111111111111111111111111111111111111111111111111111111111111111111111111111111111111111111111111111111111
111111111111111111111111111111111111111111111111111111111111111111111111111111111111111111111111111111111111111111111111111111111111111111111111111111
111111111111111111111111111111111111111111111111111111111111111111111111111111111111111111111111111111111111111111111111111111111111111111111111111111
111111111111111111111111111111111111111111111111111111111111111111111111111111111111111111111111111111111111111111111111111111111111111111111111111111
111111111111111111111111111111111111111111111111111111111111111111111111111111111111111111111111111111111111111111111111111111111111111111111111111111
111111111111111111111111111111111111111111111111111111111111111111111111111111111111111111111111111111111111111111111111111111111111111111111111111111
111111111111111111111111111111111111111111111111111111111111111111111111111111111111111111111111111111111111111111111111111111111111111111111111111111
111111111111111111111111111111111111111111111111111111111111111111111111111111111111111111111111111111111111111111111111111111111111111111111111111111
111111111111111111111111111111111111111111111111111111111111111111111111111111111111111111111111111111111111111111111111111111111111111111111111111111
111111111111111111111111111111111111111111111111111111111111111111111111111111111111111111111111111111111111111111111111111111111111111111111111111111
111111111111111111111111111111111111111111111111111111111111111111111111111111111111111111111111111111111111111111111111111111111111111111111111111111
111111111111111111111111111111111111111111111111111111111111111111111111111111111111111111111111111111111111111111111111111111111111111111111111111111
111111111111111111111111111111111111111111111111111111111111111111111111111111111111111111111111111111111111111111111111111111111111111111111111111111
111111111111111111111111111111111111111111111111111111111111111111111111111111111111111111111111111111111111111111111111111111111111111111111111111111
111111111111111111111111111111111111111111111111111111111111111111111111111111111111111111111111111111111111111111111111111111111111111111111111111111
111111111111111111111111111111111111111111111111111111111111111111111111111111111111111111111111111111111111111111111111111111111111111111111111111111
111111111111111111111111111111111111111111111111111111111111111111111111111111111111111111111111111111111111111111111111111111111111111111111111111111
111111111111111111111111111111111111111111111111111111111111111111111111111111111111111111111111111111111111111111111111111111111111111111111111111111
111111111111111111111111111111111111111111111111111111111111111111111111111111111111111111111111111111111111111111111111111111111111111111111111111111
111111111111111111111111111111111111111111111111111111111111111111111111111111111111111111111111111111111111111111111111111111111111111111111111111111
111111111111111111111111111111111111111111111111111111111111111111111111111111111111111111111111111111111111111111111111111111111111111111111111111111
111111111111111111111111111111111111111111111111111111111111111111111111111111111111111111111111111111111111111111111111111111111111111111111111111111
111111111111111111111111111111111111111111111111111111111111111111111111111111111111111111111111111111111111111111111111111111111111111111111111111111
111111111111111111111111111111111111111111111111111111111111111111111111111111111111111111111111111111111111111111111111111111111111111111111111111111
111111111111111111111111111111111111111111111111111111111111111111111111111111111111111111111111111111111111111111111111111111111111111111111111111111
111111111111111111111111111111111111111111111111111111111111111111111111111111111111111111111111111111111111111111111111111111111111111111111111111111
