111111111111111111111111111111111111111111111111000000000000000001111111111111111111111111111111111111111111111111111111111100000000000000000000000000
111111111111111111111111111111111111111111111111000000000000000001111111111111111111111111111111111111111111111111111111111100000000000000000000000000
111111111111111111111111111111111111111111111111000000000000001111111111111111111111111111111111111111111111111111111111111111111100000000000000000000
111111111111111111111111111111111111111111111111000000000000001111111111111111111111111111111111111111111111111111111111111111111100000000000000000000
111111111111111111111111111111111111111111111111000000000000000111111111111111111111111111111111111111111111111111111111111111111111111000000000000000
111111111111111111111111111111111111111111111111000000000000000111111111111111111111111111111111111111111111111111111111111111111111111000000000000000
111111111111111111111111111111111111111111111111110000000000000111111111111111111111111111111111111111111111111111111111111111111111111111111100000000
111111111111111111111111111111111111111111111111110000000000000111111111111111111111111111111111111111111111111111111111111111111111111111111100000000
111111111111111111111111111111111111111111111111111000000000000011111111111111111111111111111111111111111111111111111111111111111111111111111111111111
111111111111111111111111111111111111111111111111111000000000000011111111111111111111111111111111111111111111111111111111111111111111111111111111111111
111111111111111111111111111111111111111111111111111110000000000011111111111111111111111111111111111111111111111111111111111111111111111111111111111111
111111111111111111111111111111111111111111111111111110000000000011111111111111111111111111111111111111111111111111111111111111111111111111111111111111
111111111111111111111111111111111111111111111111111111000000000001111111111111111111111111111111111111111111111111111111111111111111111111111111111111
111111111111111111111111111111111111111111111111111111000000000001111111111111111111111111111111111111111111111111111111111111111111111111111111111111
111111111111111111111111111111111111111111111111111111100000000001111111111111111111111111111111111111111111111111111111111111111111111111111111111111
111111111111111111111111111111111111111111111111111111100000000001111111111111111111111111111111111111111111111111111111111111111111111111111111111111
111111111111111111111111111111111111111111111111111111110000000000111111111111111111111111111111111111111111111111111111111111111111111111111111111111
111111111111111111111111111111111111111111111111111111110000000000111111111111111111111111111111111111111111111111111111111111111111111111111111111111
111111111111111111111111111111111111111111111111111111100000000000111111111111111111111111111111111111111111111111111111111111111111111111111111111111
111111111111111111111111111111111111111111111111111111100000000000111111111111111111111111111111111111111111111111111111111111111111111111111111111111
111111111111111111111111111111111111111111111111111111100000000000011111111111111111111111111111111111111111111111111111111111111111111111111111111111
111111111111111111111111111111111111111111111111111111100000000000011111111111111111111111111111111111111111111111111111111111111111111111111111111111
111111111111111111111111111111111111111111111111111111000000000000001111111111111111111111111111111111111111111111111111111111111111111111111111111111
111111111111111111111111111111111111111111111111111111000000000000001111111111111111111111111111111111111111111111111111111111111111111111111111111111
111111111111111111111111111111111111111111111111111110000000000000001111111111111111111111111111111111111111111111111111111111111111111111111111111111
111111111111111111111111111111111111111111111111111110000000000000001111111111111111111111111111111111111111111111111111111111111111111111111111111111
111111111111111111111111111111111111111111111111111100000000000000000111111111111111111111111111111111111111111111111111111111111111111111111111111111
111111111111111111111111111111111111111111111111111100000000000000000111111111111111111111111111111111111111111111111111111111111111111111111111111111
111111111111111111111111111111111111111111111111111110000000000000000011111111111111111111111111111111111111111111111111111111111111111111111111111111
111111111111111111111111111111111111111111111111111110000000000000000011111111111111111111111111111111111111111111111111111111111111111111111111111111
111111111111111111111111111111111111111111111111111111000000000000000011111111111111111111111111111111111111111111111111111111111111111111111111111111
111111111111111111111111111111111111111111111111111111000000000000000011111111111111111111111111111111111111111111111111111111111111111111111111111111
111111111111111111111111111111111111111111111111111111100000000000000001111111111111111111111111111111111111111111111111111111111111111111111111111111
111111111111111111111111111111111111111111111111111111100000000000000001111111111111111111111111111111111111111111111111111111111111111111111111111111
111111111111111111111111111111111111111111111111111111100000000000000000111111111111111111111111111111111111111111111111111111111111111111111111111111
111111111111111111111111111111111111111111111111111111100000000000000000111111111111111111111111111111111111111111111111111111111111111111111111111111
111111111111111111111111111111111111111111111111111111110000000000000000011111111111111111111111111111111111111111111111111111111111111111111111111110
111111111111111111111111111111111111111111111111111111110000000000000000011111111111111111111111111111111111111111111111111111111111111111111111111110
111111111111111111111111111111111111111111111111111111111000000000000000011111111111111111111111111111111111111111111111111111111111111111111111111110
111111111111111111111111111111111111111111111111111111111000000000000000011111111111111111111111111111111111111111111111111111111111111111111111111110
111111111111111111111111111111111111111111111111111111111000000000000000001111111111111111111111111111111111111111111111111111111111111111111111111100
111111111111111111111111111111111111111111111111111111111000000000000000001111111111111111111111111111111111111111111111111111111111111111111111111100
111111111111111111111111111111111111111111111111111111111100000000000000000001111111111111111111110011111111111111111111111111111111111111111111111000
111111111111111111111111111111111111111111111111111111111100000000000000000001111111111111111111110011111111111111111111111111111111111111111111111000
111111111111111111111111111111111111111111111111111111111100000000000000000000000011111111111110000001111111111111111111111111111111111111111111110000
111111111111111111111111111111111111111111111111111111111100000000000000000000000011111111111110000001111111111111111111111111111111111111111111110000
011111000000001111111111111111110000000000000000111111111000000000000000000000000000000000000000000000111111111111111111111111111111111110000000000000
011111000000001111111111111111110000000000000000111111111000000000000000000000000000000000000000000000111111111111111111111111111111111110000000000000
000000000000000000000111111100000000000000000000000000000000000000000000000000000000000000000000000000000000111111111111000000000000000000000000000000
000000000000000000000111111100000000000000000000000000000000000000000000000000000000000000000000000000000000111111111111000000000000000000000000000000
000000000000000000000000000000000000000000000000000000000000000000000000000000000000000000000000000000000000000000000000000000000000000000000000000000
000000000000000000000000000000000000000000000000000000000000000000000000000000000000000000000000000000000000000000000000000000000000000000000000000000
000000000000000000000000000000000000000000000000000000000000000000000000000000000000000000000000000000000000000000000000000000000000000000000000000000
000000000000000000000000000000000000000000000000000000000000000000000000000000000000000000000000000000000000000000000000000000000000000000000000000000
000000000000000000000000000000000000000000000000000000000000000000000000000000000000000000000000000000000000000000000000000000000000000000000000000000
000000000000000000000000000000000000000000000000000000000000000000000000000000000000000000000000000000000000000000000000000000000000000000000000000000
000000011111100000000000000000000000000000000000000000000000111110000000000000000000000000000000000000000000000001111111111110000000000000000000000000
000000011111100000000000000000000000000000000000000000000000111110000000000000000000000000000000000000000000000001111111111110000000000000000000000000
000001111111111100000000000000000000000000000000000011111111111110000000000000000000000000000000000000000000001111111111111110001100000000111111000000
000001111111111100000000000000000000000000000000000011111111111110000000000000000000000000000000000000000000001111111111111110001100000000111111000000
001111111111111111100000000000000000000000001111111111111111111110000000000000000000000000000011111111111001111111111111100000000000011111111111111111
001111111111111111100000000000000000000000001111111111111111111110000000000000000000000000000011111111111001111111111111100000000000011111111111111111
011111111111111111111110000000000000001111111111111111111111111110000000000000000000000000000001111111111111111111111110000000000000000001111111111111
011111111111111111111110000000000000001111111111111111111111111110000000000000000000000000000001111111111111111111111110000000000000000001111111111111
011111111111111111111111110000000011111111111111111111111111111110000000000000000000000000000001111111111111111110000000000000000000000000011111111111
011111111111111111111111110000000011111111111111111111111111111110000000000000000000000000000001111111111111111110000000000000000000000000011111111111
011111111111111111111111111100011111111111111111111111111111111110000000000000000000000000000000111111110000000000000000000000000000000000001111111111
011111111111111111111111111100011111111111111111111111111111111110000000000000000000000000000000111111110000000000000000000000000000000000001111111111
011111111111111111111111111111111111111111111111111111111111111110000000000000000000000000000000111111110000000000000000000000000000000000000111111111
011111111111111111111111111111111111111111111111111111111111111110000000000000000000000000000000111111110000000000000000000000000000000000000111111111
001111111111111111111111111111111111111111111111111111111111111100000000000000000000000000000000001111111110000000000000000000000000000000000111111111
001111111111111111111111111111111111111111111111111111111111111100000000000000000000000000000000001111111110000000000000000000000000000000000111111111
001111111111111111111111111111111111111111111111111111111111111100000000000000000000000000000000000111111110000000000000000000000000000000000111111111
001111111111111111111111111111111111111111111111111111111111111100000000000000000000000000000000000111111110000000000000000000000000000000000111111111
000111111111111111111111111111111111111111111111111111111111111100000000000000000000000000000000000000111110000000000000000000000000000000000111111111
000111111111111111111111111111111111111111111111111111111111111100000000000000000000000000000000000000111110000000000000000000000000000000000111111111
000011111111111111111111111111111111111111111111111111111111111000000000000000000000000000000000000000011100000000000000000011100000000000000111111111
000011111111111111111111111111111111111111111111111111111111111000000000000000000000000000000000000000011100000000000000000011100000000000000111111111
000011111111111111111111111111111111111111111111111111111111110000000000000000000000000000000000000000001000000000000000000011111111111111111111111111
000011111111111111111111111111111111111111111111111111111111110000000000000000000000000000000000000000001000000000000000000011111111111111111111111111
111111111111111111111111111111111111111111111111111111111111110000000000000000000000000000000000000000000000110000000000000111111111111111111111111111
111111111111111111111111111111111111111111111111111111111111110000000000000000000000000000000000000000000000110000000000000111111111111111111111111111
111111111111111111111111111111111111111111111111111111111111100000000000000000000000000000000000000000000010000000000000000111111111111111111111111111
111111111111111111111111111111111111111111111111111111111111100000000000000000000000000000000000000000000010000000000000000111111111111111111111111111
111111111111111111111111111111111111111111111111111111111111000000000000000000000000011100000000000000000000000000000011111111111111111111111111111111
111111111111111111111111111111111111111111111111111111111111000000000000000000000000011100000000000000000000000000000011111111111111111111111111111111
111111111111111111111111111111111111111111111111111111111110000000000000000000000000000000000000000000000000000000001111111111111111111111111111111111
111111111111111111111111111111111111111111111111111111111110000000000000000000000000000000000000000000000000000000001111111111111111111111111111111111
111111111111111111111111111111111111111111111111111111111100000000000000000000000000000000000000000000000000000000000000011111111111111111111111111111
111111111111111111111111111111111111111111111111111111111100000000000000000000000000000000000000000000000000000000000000011111111111111111111111111111
111111111111111111111111111111111111111111111111111111111000000000000000000000000000000000000000000000000000000000000000011111111111111111111111111111
111111111111111111111111111111111111111111111111111111111000000000000000000000000000000000000000000000000000000000000000011111111111111111111111111111
111111111111111111111111111111111111111111111111111111111111000000000000000000000000000000000000000000000000000000000000111111111111111111111111111111
111111111111111111111111111111111111111111111111111111111111000000000000000000000000000000000000000000000000000000000000111111111111111111111111111111
111111111111111111111111111111111111111111111111111111111111110000000000000000000000000000000000000000000000000000001111111111111111111111111111111111
111111111111111111111111111111111111111111111111111111111111110000000000000000000000000000000000000000000000000000001111111111111111111111111111111111
111111111111111111111111111111111111111111111111111111111111111100000000000000000000000000000000000000000000000000000011111111111111111111111111111111
111111111111111111111111111111111111111111111111111111111111111100000000000000000000000000000000000000000000000000000011111111111111111111111111111111
011111111111111111111111111111111111111111111111111111111111111111000000000000000000000000000000000000000000000000000001111111111111111111111111111111
011111111111111111111111111111111111111111111111111111111111111111000000000000000000000000000000000000000000000000000001111111111111111111111111111111
000111111111111111111111111111111111111111111111111111111111111111110000000000000000000000000000000000000000000000000000111111111111111111111111111111
000111111111111111111111111111111111111111111111111111111111111111110000000000000000000000000000000000000000000000000000111111111111111111111111111111
000111111111111111111111111111111111111111111111111111111111111111111000000000000000000000000000000000000000000000000000011111111111111111111111111111
000111111111111111111111111111111111111111111111111111111111111111111000000000000000000000000000000000000000000000000000011111111111111111111111111111
011111111111111111111111111111111111111111111111111111111111111111111100000000000000000000000000000000000000000000000000011111111111111111111111111111
011111111111111111111111111111111111111111111111111111111111111111111100000000000000000000000000000000000000000000000000011111111111111111111111111111
111111111111111111111111111111111111111111111111111111111111111111111111000000000000000000000000000000000000000000000000011111111111111111111111111111
111111111111111111111111111111111111111111111111111111111111111111111111000000000000000000000000000000000000000000000000011111111111111111111111111111
111111111111111111111111111111111111111111111111111111111111111111111111100000000000000000000000000000000000000000000000011111111111111111111111111111
111111111111111111111111111111111111111111111111111111111111111111111111100000000000000000000000000000000000000000000000011111111111111111111111111111
111111111101111111111111111111111101111111111111111111111111111111111111110000000000000000000000000000000000000000000000011111111111111111111111111111
111111111101111111111111111111111101111111111111111111111111111111111111110000000000000000000000000000000000000000000000011111111111111111111111111111
111100000000001111111111111111111100001111111111111111111111111111111111111000000000000000000000000000000000000000000000111111111111111111111111111111
111100000000001111111111111111111100001111111111111111111111111111111111111000000000000000000000000000000000000000000000111111111111111111111111111111
111111111111111111111111111111111111111111111111111111111111111111111111111111111111111111111111111111111111111111111111111111111111111111111111111111
111111111111111111111111111111111111111111111111111111111111111111111111111111111111111111111111111111111111111111111111111111111111111111111111111111
