110000011111111111111111111111111111000000000000000000000000000000000000000000000000000000000000000000000000011111111111100000000000000000000000000000
110000011111111111111111111111111111000000000000000000000000000000000000000000000000000000000000000000000000011111111111100000000000000000000000000000
111111111111111111111111111111111111000000000000000000000000000000000000000000000000000000000000000000000000111111111111111100000000000000000000000000
111111111111111111111111111111111111000000000000000000000000000000000000000000000000000000000000000000000000111111111111111100000000000000000000000000
111111111111111111111111111111111111111100000000000000000000000000000000000000000000000000000000000000000011111111111111111111000000000000000000000000
111111111111111111111111111111111111111100000000000000000000000000000000000000000000000000000000000000000011111111111111111111000000000000000000000000
111111111111111111111111111111111111111111110000000000000000000000000000000000000000000000000000000000001111111111111111111111111000000000000000000000
111111111111111111111111111111111111111111110000000000000000000000000000000000000000000000000000000000001111111111111111111111111000000000000000000000
111111111111111111111111111111111111111111111100000000000000000000000000000000000000000000000000000000111111111111111111111111111111000000000000000000
111111111111111111111111111111111111111111111100000000000000000000000000000000000000000000000000000000111111111111111111111111111111000000000000000000
111111111111111111111111111111111111111111111110000000000000000000000000000000000000000000000000000111111111111111111111111111111111111100000000000000
111111111111111111111111111111111111111111111110000000000000000000000000000000000000000000000000000111111111111111111111111111111111111100000000000000
111111111111111111111111111111111111111111111000000000000000000000000000000000000000000000000000111111111111111111111111111111111111111111110000000000
111111111111111111111111111111111111111111111000000000000000000000000000000000000000000000000000111111111111111111111111111111111111111111110000000000
111111111111111111111111111111111111111111000000000000000000000000000000000000000000000000001111111111111111111111111111111111111111111111111111111000
111111111111111111111111111111111111111111000000000000000000000000000000000000000000000000001111111111111111111111111111111111111111111111111111111000
111111111111111111111111111111111111111110000000000000000000000000000000000000000000000011111111111111111111111111111111111111111111111111111111111111
111111111111111111111111111111111111111110000000000000000000000000000000000000000000000011111111111111111111111111111111111111111111111111111111111111
111111111111111111111111111111111111111111100000000000000000000000000000000000000001111111111111111111111111111111111111111111111111111111111111111111
111111111111111111111111111111111111111111100000000000000000000000000000000000000001111111111111111111111111111111111111111111111111111111111111111111
111111111111111111111111111111111111111111110000000000000000000000000000000000011111111111111111111111111111111111111111111111111111111111111111111111
111111111111111111111111111111111111111111110000000000000000000000000000000000011111111111111111111111111111111111111111111111111111111111111111111111
111111111111111111111111111111111111111111111100000000000000000000000000000000111111111111111111111111111111111111111111111111111111111111111111111111
111111111111111111111111111111111111111111111100000000000000000000000000000000111111111111111111111111111111111111111111111111111111111111111111111111
111111111111111111111111111111111111111111111110000000000000000000000000000000111111111111111111111111111111111111111111111111111111111111111111111111
111111111111111111111111111111111111111111111110000000000000000000000000000000111111111111111111111111111111111111111111111111111111111111111111111111
111111111111111111111111111111111111111111111111100000000000000000000000000000011111111111111111111111111111111111111111111111111111111111111111111111
111111111111111111111111111111111111111111111111100000000000000000000000000000011111111111111111111111111111111111111111111111111111111111111111111111
111111111111111111111111111111111111111111111111110000000000000000000000000000001111111111111111111111111111111111111111111111111111111111111111111111
111111111111111111111111111111111111111111111111110000000000000000000000000000001111111111111111111111111111111111111111111111111111111111111111111111
111111111111111111111111111111111111111111111111110000000000000000000000000000000111111111111111111111111111111111111111111111111111111111111111111111
111111111111111111111111111111111111111111111111110000000000000000000000000000000111111111111111111111111111111111111111111111111111111111111111111111
111111111111111111111111111111111111111111111111000000000000000000000000000000000011111111111111111111111111111111111111111111111111111111111111111111
111111111111111111111111111111111111111111111111000000000000000000000000000000000011111111111111111111111111111111111111111111111111111111111111111111
111111111111111111111111111111111111111111000000000000000000000000000000000000000001111111111111111111111111111111111111111111111111111111111111111111
111111111111111111111111111111111111111111000000000000000000000000000000000000000001111111111111111111111111111111111111111111111111111111111111111111
111111111111111111111111111111111111110000000000000000000000000000000000000000000000011111111111111111111111111111111111111111111111111111111111111111
111111111111111111111111111111111111110000000000000000000000000000000000000000000000011111111111111111111111111111111111111111111111111111111111111111
111111111111111111111111111111111111111000000000000000000000000000000000000000000000001111111111111111111111111111111111111111111111111111111111111111
111111111111111111111111111111111111111000000000000000000000000000000000000000000000001111111111111111111111111111111111111111111111111111111111111111
111111111111111111111111111111111111111000000000000000000000000000000000000000000000000011111111111111111111111111101111111111111111111111111111111111
111111111111111111111111111111111111111000000000000000000000000000000000000000000000000011111111111111111111111111101111111111111111111111111111111111
111111111111111111111111111111111111111100000000000000000000000000000000000000000000000000111111111111111111111111100111111111111111111111111111111110
111111111111111111111111111111111111111100000000000000000000000000000000000000000000000000111111111111111111111111100111111111111111111111111111111110
000001111111111111111111111111111111111100000000000000000000000000000000000000000000000000001111111111111111111111000111111111111111111111111111111000
000001111111111111111111111111111111111100000000000000000000000000000000000000000000000000001111111111111111111111000111111111111111111111111111111000
000000111111111111111111111111111111111100000000000000000000000000000000000000000000000000000001111111111111111111000111111111111111111111111111100000
000000111111111111111111111111111111111100000000000000000000000000000000000000000000000000000001111111111111111111000111111111111111111111111111100000
000000001111111111111000011111111111111110000000000000000000000000000000000000000000000000000000001111111111111110000011111111111111111111111000000000
000000001111111111111000011111111111111110000000000000000000000000000000000000000000000000000000001111111111111110000011111111111111111111111000000000
000000000111111111100000000011111111111110000000000000000000000000000000000000000000000000000000000000111111111100000001111111111111111110000000000000
000000000111111111100000000011111111111110000000000000000000000000000000000000000000000000000000000000111111111100000001111111111111111110000000000000
000000000001111110000000000000001111111110000000000000000000000000000000000000000000000000000000000000000000000000000000001111111000000000000000000000
000000000001111110000000000000001111111110000000000000000000000000000000000000000000000000000000000000000000000000000000001111111000000000000000000000
000000000000011000000000000000000000111000000000000000000000000000000000000000000000000000000000000000000000000000000000000000000000000000000000000000
000000000000011000000000000000000000111000000000000000000000000000000000000000000000000000000000000000000000000000000000000000000000000000000000000000
000000000000000000000000000000000000000000000000000000000000000000000000000000000000000000000000000000000000000000000000000000000000000000000000000000
000000000000000000000000000000000000000000000000000000000000000000000000000000000000000000000000000000000000000000000000000000000000000000000000000000
000000000000000000000000000000000000000000000000000000000000000000000000000000000000000000000000000000000000000000000000000000000000000000000000000000
000000000000000000000000000000000000000000000000000000000000000000000000000000000000000000000000000000000000000000000000000000000000000000000000000000
000000000000000000000000000000000000000000000000000000000000000000000000000000000000000000000000000000000000000000000000000000000000000000000000000000
000000000000000000000000000000000000000000000000000000000000000000000000000000000000000000000000000000000000000000000000000000000000000000000000000000
000000000000000001111000000000000000000000000000000000000000000000000000000000000000000000000000000000000000000000000000000000000000000000000000000000
000000000000000001111000000000000000000000000000000000000000000000000000000000000000000000000000000000000000000000000000000000000000000000000000000000
000000000000000011111100000000000000000000000000000000000000000000000000000000000000000000000000000000000000011100000000000000000000000000000000000000
000000000000000011111100000000000000000000000000000000000000000000000000000000000000000000000000000000000000011100000000000000000000000000000000000000
000000000000000111111110000000000000000000000000000000000000000000000000000000000000000000000000000000000000111111111000000000000011111110000000000000
000000000000000111111110000000000000000000000000000000000000000000000000000000000000000000000000000000000000111111111000000000000011111110000000000000
000000000000001111111111100000000000000000000000000000000000000000000000000000000000000000000000000000000001111111111111100000000111111111100000000000
000000000000001111111111100000000000000000000000000000000000000000000000000000000000000000000000000000000001111111111111100000000111111111100000000000
000000000000011111111111110000000000000000000000000000000000000000000000000000000000000000000000000000000001111111111111111111001111111111111000000000
000000000000011111111111110000000000000000000000000000000000000000000000000000000000000000000000000000000001111111111111111111001111111111111000000000
000000000000111111111111111000000000000000000000000000000000000000000000000000000000000000000000000000000011111111111111111111111111111111111100000000
000000000000111111111111111000000000000000000000000000000000000000000000000000000000000000000000000000000011111111111111111111111111111111111100000000
000000000001111111111111111100000000000000000000000000000000000000000000000000000000000000000000000000000011111111111111111111111111111111111111111111
000000000001111111111111111100000000000000000000000000000000000000000000000000000000000000000000000000000011111111111111111111111111111111111111111111
000000000001111111111111111110000000000000000000000000001111111111111110000000000000000000000000000000000111111111111111111111111111111111111111111111
000000000001111111111111111110000000000000000000000000001111111111111110000000000000000000000000000000000111111111111111111111111111111111111111111111
000000000011111111111111111111000000000000001111111111111111111111111100000000000011111111111111111111111111111111111111111111111111111111111111111111
000000000011111111111111111111000000000000001111111111111111111111111100000000000011111111111111111111111111111111111111111111111111111111111111111111
000000000001111111111111111111000000000111111111111111111111111111110000000000000011111111111111111111111111111111111111111111111111111111111111111111
000000000001111111111111111111000000000111111111111111111111111111110000000000000011111111111111111111111111111111111111111111111111111111111111111111
000000000001111111111111111111000001111111111111111111111111111111000000000000000011111111111111111111111111111111111111111111111111111111111111111111
000000000001111111111111111111000001111111111111111111111111111111000000000000000011111111111111111111111111111111111111111111111111111111111111111111
111110000000111111111111111111001111111111111111111111111111111110000000000000000001111111111111111111111111111111111111111111111111111111111111111111
111110000000111111111111111111001111111111111111111111111111111110000000000000000001111111111111111111111111111111111111111111111111111111111111111111
111111111000011111111111111110111111111111111111111111111111111000000000000000000000011111111111111111111111111111111111111111111111111111111111111111
111111111000011111111111111110111111111111111111111111111111111000000000000000000000011111111111111111111111111111111111111111111111111111111111111111
111111111110001111111111111111111111111111111111111111111111110000000000000000000000001111111111111111111111111111111111111111111111111111111111111111
111111111110001111111111111111111111111111111111111111111111110000000000000000000000001111111111111111111111111111111111111111111111111111111111111111
111111111111110111111111111111111111111111111111111111111111000000000000000000000000000111111111111111111111111111111111111111111111111111111111111111
111111111111110111111111111111111111111111111111111111111111000000000000000000000000000111111111111111111111111111111111111111111111111111111111111111
111111111111111111111111111111111111111111111111111111111100000000000000000000000000000001111111111111111111111111111111111111111111111111111111111111
111111111111111111111111111111111111111111111111111111111100000000000000000000000000000001111111111111111111111111111111111111111111111111111111111111
111111111111111111111111111111111111111111111111111111110000000000000000000000000000000000011111111111111111111111111111111111111111111111111111111111
111111111111111111111111111111111111111111111111111111110000000000000000000000000000000000011111111111111111111111111111111111111111111111111111111111
111111111111111111111111111111111111111111111111111110000000000000000000000000000000000000000111111111111111111111111111111111111111111111111111111111
111111111111111111111111111111111111111111111111111110000000000000000000000000000000000000000111111111111111111111111111111111111111111111111111111111
001111111111111111111111111111111111111111111111111000000000000000000000000000000000000000000111111111111111111111111111111111111111111111111111111111
001111111111111111111111111111111111111111111111111000000000000000000000000000000000000000000111111111111111111111111111111111111111111111111111111111
000000011111111111111111111111111111111111111100000000000000000000000000000000000000000000011111111111111111111111111111111111111111111111111111111111
000000011111111111111111111111111111111111111100000000000000000000000000000000000000000000011111111111111111111111111111111111111111111111111111111111
000000000111111111111111111111111111111000000000000000000000000000000000000000000000000001111111111111111111111111111111111111111111111111111111111111
000000000111111111111111111111111111111000000000000000000000000000000000000000000000000001111111111111111111111111111111111111111111111111111111111111
000000111111111111111111111111111111111111100000000000000000000000000000000000000000000111111111111111111111111111111111111111111111111111111111111111
000000111111111111111111111111111111111111100000000000000000000000000000000000000000000111111111111111111111111111111111111111111111111111111111111111
001111111111111111111111111111111111111111111100000000000000000000000000000000000000011111111111111111111111111111111111111111111111111111111111111111
001111111111111111111111111111111111111111111100000000000000000000000000000000000000011111111111111111111111111111111111111111111111111111111111111111
111111111111111111111111111111111111111111111111000000000000000000000000000000000000111111111111111111111111111111111111111111111111111111111111111111
111111111111111111111111111111111111111111111111000000000000000000000000000000000000111111111111111111111111111111111111111111111111111111111111111111
111110000000011111111111111111111111111111111111110000000000000000000000000000000000111111111111111111111111111111111111111111111111111111111111111111
111110000000011111111111111111111111111111111111110000000000000000000000000000000000111111111111111111111111111111111111111111111111111111111111111111
100000000000111111111111111111111111111111111111111100000000000000000000000000000000001111111111111111111111111111111111111111111111111111111111101111
100000000000111111111111111111111111111111111111111100000000000000000000000000000000001111111111111111111111111111111111111111111111111111111111101111
111111111111111111111111111111111111111111111111111111111111111111111111111111111111111111111111111111111111111111111111111111111111111111111111111111
111111111111111111111111111111111111111111111111111111111111111111111111111111111111111111111111111111111111111111111111111111111111111111111111111111
