000000000000000000000000000000000000000000000000000000000000000000000000000000000000000000000000000000000000000000000000000000000000000000000000000000
000000000000000000000000000000000000000000000000000000000000000000000000000000000000000000000000000000000000000000000000000000000000000000000000000000
000000000000000000000000000000000000000000000000000000000000000000000000000000000000000000000000000000000000000000000000000000000000000000000000000000
000000000000000000000000000000000000000000000000000000000000000000000000000000000000000000000000000000000000000000000000000000000000000000000000000000
000000000000000000000000000000000000000000000000000000000000000000000000000000000000000000000000000000000000000000000000000000000000000000000000000000
000000000000000000000000000000000000000000000000000000000000000000000000000000000000000000000000000000000000000000000000000000000000000000000000000000
000000000000000000000000000000000000000000000000000000000000000000000000000000000000000000000000000000000000000000000000000000000000000000000000000000
000000000000000000000000000000000000000000000000000000000000000000000000000000000000000000000000000000000000000000000000000000000000000000000000000000
000000000000000000000000000000000000000000000000000000000000000000000000000000000000000000000000000000000000000000000000000000000000000000000000000000
000000000000000000000000000000000000000000000000000000000000000000000000000000000000000000000000000000000000000000000000000000000000000000000000000000
000000000000000000000000000000000000000000000000000000000000000000000000000000000000000000000000000000000000000000000000000000000000000000000000000000
000000000000000000000000000000000000000000000000000000000000000000000000000000000000000000000000000000000000000000000000000000000000000000000000000000
000000000000000000000000000000000000000000000000000000000000000000000000000000000000000000000000000000000000000000000000000000000000000000000000000000
000000000000000000000000000000000000000000000000000000000000000000000000000000000000000000000000000000000000000000000000000000000000000000000000000000
000000000000000000000000000000000000000000000000000000000000000000000000000000000000000000000000000000000000000000000000000000000000000000000000000000
000000000000000000000000000000000000000000000000000000000000000000000000000000000000000000000000000000000000000000000000000000000000000000000000000000
000000000000000000000000000000000000000000000000000000000000000000000000000000011111100000000000000000000000000000000000000000000000000000000000000000
000000000000000000000000000000000000000000000000000000000000000000000000000000011111100000000000000000000000000000000000000000000000000000000000000000
000000000000000000000000000000000000000000000000000000000000000000000000000000011111100000000000000000000000000000000000000000000000000000000000000000
000000000000000000000000000000000000000000000000000000000000000000000000000000011111100000000000000000000000000000000000000000000000000000000000000000
000000000000000000000000000000000000000000000000000000000000000000000000000000011111100000000000000000000000000000000000000000000000000000000000000000
000000000000000000000000000000000000000000000000000000000000000000000000000000011111100000000000000000000000000000000000000000000000000000000000000000
000000000000000000000000000000000000000000000000000000000000000000000000000000011111000000000000000000000000000000000000000000000000000000000000000000
000000000000000000000000000000000000000000000000000000000000000000000000000000011111000000000000000000000000000000000000000000000000000000000000000000
000000000000000000000000000000000000000000000000000000000000000000000000000000111110000000000000000000000000000000000000000000000000000000000000000000
000000000000000000000000000000000000000000000000000000000000000000000000000000111110000000000000000000000000000000000000000000000000000000000000000000
000000000000000000000000000000000000000000000000000000000000000000000000000000111110000000000000111111111111111110000000000000000000000000000000000000
000000000000000000000000000000000000000000000000000000000000000000000000000000111110000000000000111111111111111110000000000000000000000000000000000000
000000000000000000000000000000000000000000000000000000000000000000000000000000111100000000000011111111111111111111111000000000000000000000000000000000
000000000000000000000000000000000000000000000000000000000000000000000000000000111100000000000011111111111111111111111000000000000000000000000000000000
000000000000000000000000000000000000000000000000000000000000000000000000000001111100000000011111111111111111111111111110000000000000000000000000000000
000000000000000000000000000000000000000000000000000000000000000000000000000001111100000000011111111111111111111111111110000000000000000000000000000000
000000000000000000000000000000000000000000000000000000000000000000000000000001111100000000111111111111111111111111111111100000000000000000000000000000
000000000000000000000000000000000000000000000000000000000000000000000000000001111100000000111111111111111111111111111111100000000000000000000000000000
000000000000000000000000000000000000000000000000000000000000000000000000000001111000000011111111111111111111111111111111110000000000000000000000000000
000000000000000000000000000000000000000000000000000000000000000000000000000001111000000011111111111111111111111111111111110000000000000000000000000000
000000000000000000000000000000000000000000000000000000000000000000000000000011111000000011111111111111111111111111111111110000000000000000000000000000
000000000000000000000000000000000000000000000000000000000000000000000000000011111000000011111111111111111111111111111111110000000000000000000000000000
000000000000000000000000000000000000000000000000000000000000000000000000000011110000000111111111111111111111111111111111111000000000000000000000000000
000000000000000000000000000000000000000000000000000000000000000000000000000011110000000111111111111111111111111111111111111000000000000000000000000000
000000000000000000000000000000000000000000000000000000000000000000000000000111110000000011111111111111111111111111111111111100000000000000000000000000
000000000000000000000000000000000000000000000000000000000000000000000000000111110000000011111111111111111111111111111111111100000000000000000000000000
000000000000000000000000000000000000000000000000000000000000000000000000000111100000000001111111111111111111111111111111111100000000000000000000000000
000000000000000000000000000000000000000000000000000000000000000000000000000111100000000001111111111111111111111111111111111100000000000000000000000000
000000000000000000000000000000000000000000000000000000000000000000000000000111100000000000011111111111111111111111111111111100000000000000000000000000
000000000000000000000000000000000000000000000000000000000000000000000000000111100000000000011111111111111111111111111111111100000000000000000000000000
000000000000000000000000000000000000000000000000000000000000000000000000001111100000000001111111111111111111111111111111111110000000000000000000000000
000000000000000000000000000000000000000000000000000000000000000000000000001111100000000001111111111111111111111111111111111110000000000000000000000000
000000000000000000000000000000000000000000000000000000000000000000000000111111110000000001111111111111111111111111111111111110000000000000000000000000
000000000000000000000000000000000000000000000000000000000000000000000000111111110000000001111111111111111111111111111111111110000000000000000000000000
000000000000000000000000000000000000000000000000000000000000000000000000111111111100000001111111111111111111111111111111111110000000000000000000000000
000000000000000000000000000000000000000000000000000000000000000000000000111111111100000001111111111111111111111111111111111110000000000000000000000000
000000000000000000000000000000000000000000000000000000000000000000000000111111111110000000111111111111111111111111111111111110000000000000000000000000
000000000000000000000000000000000000000000000000000000000000000000000000111111111110000000111111111111111111111111111111111110000000000000000000000000
000000000000000000000000000000000000000000000000000000000000000000000000111111111110000000111111111111111111111111111111111110000000000000000000000000
000000000000000000000000000000000000000000000000000000000000000000000000111111111110000000111111111111111111111111111111111110000000000000000000000000
000000000000000000000000000000000000000000000000000000000000000000000001111111111111000000000111111111111111111111111111111100000000000000000000000000
000000000000000000000000000000000000000000000000000000000000000000000001111111111111000000000111111111111111111111111111111100000000000000000000000000
000000000000000000000000000000000000000000000000000000000000000000000000111111111111100000000111111111111111111111111111111100000000000000000000000000
000000000000000000000000000000000000000000000000000000000000000000000000111111111111100000000111111111111111111111111111111100000000000000000000000000
000000000000000000000000000000000000000000000000000000000000000000000000111101111111100000011111111111111111111111111111111100000000000000000000000000
000000000000000000000000000000000000000000000000000000000000000000000000111101111111100000011111111111111111111111111111111100000000000000000000000000
000000000000000000000000000000000000000000000000000000000000000000000001111000000111110000001111111111111111111111111111111100000000000000000000000000
000000000000000000000000000000000000000000000000000000000000000000000001111000000111110000001111111111111111111111111111111100000000000000000000000000
000000000000000000000000000000000000000000000000000000000000000000000001111000000011111111011111111111111111111111111111111000000000000000000000000000
000000000000000000000000000000000000000000000000000000000000000000000001111000000011111111011111111111111111111111111111111000000000000000000000000000
000000000000000000000000000000000000000000000000000000000000000000000011110000000011111111111111111111111111111111111111110000000000000000000000000000
000000000000000000000000000000000000000000000000000000000000000000000011110000000011111111111111111111111111111111111111110000000000000000000000000000
000000000000000000000000000000000000000000000000000000000000000000000011110000000001111111111111111111111111111111111111110000000000000000000000000000
000000000000000000000000000000000000000000000000000000000000000000000011110000000001111111111111111111111111111111111111110000000000000000000000000000
000000000000000000000000000000000000000000000000000000000000000000000111110001111111111111111111111111111111111111111111110000000000000000000000000000
000000000000000000000000000000000000000000000000000000000000000000000111110001111111111111111111111111111111111111111111110000000000000000000000000000
000000000000000000000000000000000000000000000000000000000000000000000111100001111111111111111111111111111111111111111111100000000000000000000000000000
000000000000000000000000000000000000000000000000000000000000000000000111100001111111111111111111111111111111111111111111100000000000000000000000000000
000000000000000000000000000000000000000000000000000000000000000000001111100001111111111111111111111111111111111111111111100000000000000000000000000000
000000000000000000000000000000000000000000000000000000000000000000001111100001111111111111111111111111111111111111111111100000000000000000000000000000
000000000000000000000000000000000000000000000000000000000000000000001111000001111111111111111111111111111111111111111111100000000000000000000000000000
000000000000000000000000000000000000000000000000000000000000000000001111000001111111111111111111111111111111111111111111100000000000000000000000000000
000000000000000000000000000000000000000000000000000000000000000000001111000001111111111111111111111111111111111111111111100000000000000000000000000000
000000000000000000000000000000000000000000000000000000000000000000001111000001111111111111111111111111111111111111111111100000000000000000000000000000
000000000000000000000000000000000000000000000000000000000000000000011110000001111111111111111111111111111111111111111111100000000000000000000000000000
000000000000000000000000000000000000000000000000000000000000000000011110000001111111111111111111111111111111111111111111100000000000000000000000000000
000000000000000000000000000000000000000000000000000000000000000000111110000000111111111111111111111111111111111111111111100000000000000000000000000000
000000000000000000000000000000000000000000000000000000000000000000111110000000111111111111111111111111111111111111111111100000000000000000000000000000
000000000000000000000000000000000000000000000000000000000000000000111100000000111111111111111111111111111111111111111111100000000000000000000000000000
000000000000000000000000000000000000000000000000000000000000000000111100000000111111111111111111111111111111111111111111100000000000000000000000000000
000000000000000000000000000000000000000000000000000000000000000001111100000000011111111111111111111111111111111111111111100000000000000000000000000000
000000000000000000000000000000000000000000000000000000000000000001111100000000011111111111111111111111111111111111111111100000000000000000000000000000
000000000000000000000000000000000000000000000000000000000000000001111100000000011111111111111111111111111111111111111111100000000000000000000000000000
000000000000000000000000000000000000000000000000000000000000000001111100000000011111111111111111111111111111111111111111100000000000000000000000000000
000000000000000000000000000000000000000000000000000000000000000011111000000000000111111111111111111111111111111111111111100000000000000000000000000000
000000000000000000000000000000000000000000000000000000000000000011111000000000000111111111111111111111111111111111111111100000000000000000000000000000
000000000000000000000000000000000000000000000000000000000000000011111000000000000111111111111111111111111111111111111111100000000000000000000000000000
000000000000000000000000000000000000000000000000000000000000000011111000000000000111111111111111111111111111111111111111100000000000000000000000000000
000000000000000000000000000000000000000000000000000000000000011111111000000000000011111111111111111111111111111111111111110000000000000000000000000000
000000000000000000000000000000000000000000000000000000000000011111111000000000000011111111111111111111111111111111111111110000000000000000000000000000
000000000000000000000000000000000000000000000000000000000000011111111111111111000001111111111111111111111111111111111111100000000000000000000000000000
000000000000000000000000000000000000000000000000000000000000011111111111111111000001111111111111111111111111111111111111100000000000000000000000000000
000000000000000000000000000000000000000000000000000000000000011111111111111111111100111111111111111111111111111111111111100000000000000000000000000000
000000000000000000000000000000000000000000000000000000000000011111111111111111111100111111111111111111111111111111111111100000000000000000000000000000
000000000000000000000000000000000000000000000000000000000000111111111111111111111111111111111111111111111111111111111111100000000000000000000000000000
000000000000000000000000000000000000000000000000000000000000111111111111111111111111111111111111111111111111111111111111100000000000000000000000000000
000000000000000000000000000000000000000000000000000000000001111111111111111111111111111111111111111111111111111111111111100000000000000000000000000000
000000000000000000000000000000000000000000000000000000000001111111111111111111111111111111111111111111111111111111111111100000000000000000000000000000
000000000000000000000000000000000000000000000000000000000001111111111111111111111111111111111111111111111111111111111111100000000000000000000000000000
000000000000000000000000000000000000000000000000000000000001111111111111111111111111111111111111111111111111111111111111100000000000000000000000000000
000000000000000000000000000000000000000000000000000000000000011111111111111111111111111111111111111111111111111111111111000000000000000000000000000000
000000000000000000000000000000000000000000000000000000000000011111111111111111111111111111111111111111111111111111111111000000000000000000000000000000
000000000000000000000000000000000000000000000000000000000000011110001111111111111111111111111111111111111111111111111111000000000000000000000000000000
000000000000000000000000000000000000000000000000000000000000011110001111111111111111111111111111111111111111111111111111000000000000000000000000000000
000000000000000000000000000000000000000000000000000000000000011110011111111111111111111111111111111111111111111111111110000000000000000000000000000000
000000000000000000000000000000000000000000000000000000000000011110011111111111111111111111111111111111111111111111111110000000000000000000000000000000
000000000000000000000000000000000000000000000000000000000000111110011111111111111111111111111111111111111111111111111110000000000000000000000000000000
000000000000000000000000000000000000000000000000000000000000111110011111111111111111111111111111111111111111111111111110000000000000000000000000000000
111111111111111111111111111111111111111111111111111111111111111111111111111111111111111111111111111111111111111111111111111111111111111111111111111111
111111111111111111111111111111111111111111111111111111111111111111111111111111111111111111111111111111111111111111111111111111111111111111111111111111
