000000000000000000000000000000000000000000000000000000000000000000000000000000000000000000000000000000000000000000000000000000000000000000000000000000
000000000000000000000000000000000000000000000000000000000000000000000000000000000000000000000000000000000000000000000000000000000000000000000000000000
000000000000000000000000000000000000000000000000000000000000000000000000000000000000000000000000000000000000000000000000000000000000000000000000000000
000000000000000000000000000000000000000000000000000000000000000000000000000000000000000000000000000000000000000000000000000000000000000000000000000000
000000000000000000000000000000000000000000000000000000000000000000000000000000000000000000000000000000000000000000000000000000000000000000000000000000
000000000000000000000000000000000000000000000000000000000000000000000000000000000000000000000000000000000000000000000000000000000000000000000000000000
000000000000000000000000000000000000000000000000000000000000000000000000000000000000000000000000000000000000000000000000000000000000000000000000000000
000000000000000000000000000000000000000000000000000000000000000000000000000000000000000000000000000000000000000000000000000000000000000000000000000000
000000000000000000000000000000000000000000000000000000000000000000000000000000000000000000000000000000000000000000000000000000000000000000000000000000
000000000000000000000000000000000000000000000000000000000000000000000000000000000000000000000000000000000000000000000000000000000000000000000000000000
000000000000000000000000000000000000000000000000000000000000000000000000000000000000000000000000000000000000000000000000000000000000000000000000000000
000000000000000000000000000000000000000000000000000000000000000000000000000000000000000000000000000000000000000000000000000000000000000000000000000000
000000000000000000000000000001100000000000000000000000000000000000000000000000000000000000000000000000000000000000000000000000000000000000000000000000
000000000000000000000000000001100000000000000000000000000000000000000000000000000000000000000000000000000000000000000000000000000000000000000000000000
000000000000000000000000000001110001000000000000000000000000000000000000000000000000000000000000000000000000000000000000000000000000000000000000000000
000000000000000000000000000001110001000000000000000000000000000000000000000000000000000000000000000000000000000000000000000000000000000000000000000000
000000000000000000000000001111111110000000000000000000000000000000000000000000000000000000000000000000000000000000000000000000000000000000000000000000
000000000000000000000000001111111110000000000000000000000000000000000000000000000000000000000000000000000000000000000000000000000000000000000000000000
000000000000000000000000000011111100000000000000000000000000000000000000000000000000000000000000000000000000000000000000000000000000000000000000000000
000000000000000000000000000011111100000000000000000000000000000000000000000000000000000000000000000000000000000000000000000000000000000000000000000000
000000000000000000000000000000100000000000000000000000000000000000000000000000011000000000000000000000001100000000000000000000000000000000000000000000
000000000000000000000000000000100000000000000000000000000000000000000000000000011000000000000000000000001100000000000000000000000000000000000000000000
000000000000000000000000000000000000000000000000000000000000000000000000000001111110000000000000001111111111111111100000000000000000000000000000000000
000000000000000000000000000000000000000000000000000000000000000000000000000001111110000000000000001111111111111111100000000000000000000000000000000000
000000000000000000000000000000000000000000000000000000000000000000000000000001111110000000000001111111111111111111111111000000000000000000000000000000
000000000000000000000000000000000000000000000000000000000000000000000000000001111110000000000001111111111111111111111111000000000000000000000000000000
000000000000000000000000000000000000000000000000000000000000000000000000000001111110000000001111111111111111111111111111111000000000000000000000000000
000000000000000000000000000000000000000000000000000000000000000000000000000001111110000000001111111111111111111111111111111000000000000000000000000000
000000000000000000000000000000000000000000000000000000000000000000000000000001111100000000011111111111111111111111111111111110000000000000000000000000
000000000000000000000000000000000000000000000000000000000000000000000000000001111100000000011111111111111111111111111111111110000000000000000000000000
000000000000000000000000000000000000000000000000000000000000000000000000000001111100000001111111111111111111111111111111111111000000000000000000000000
000000000000000000000000000000000000000000000000000000000000000000000000000001111100000001111111111111111111111111111111111111000000000000000000000000
000000000000000000000000000000000000000000000000000000000000000000000000000001111100000001111111111111111111111111111111111111100000000000000000000000
000000000000000000000000000000000000000000000000000000000000000000000000000001111100000001111111111111111111111111111111111111100000000000000000000000
000000000000000000000000000000000000000000000000000000000000000000000000000001111000000011111111111111111111111111111111111111110000000000000000000000
000000000000000000000000000000000000000000000000000000000000000000000000000001111000000011111111111111111111111111111111111111110000000000000000000000
000000000000000000000000000000000000000000000000000000000000000000000000000011111000000001111111111111111111111111111111111111110000000000000000000000
000000000000000000000000000000000000000000000000000000000000000000000000000011111000000001111111111111111111111111111111111111110000000000000000000000
000000000000000000000000000000000000000000000000000000000000000000000000000011111000000001111111111111111111111111111111111111111000000000000000000000
000000000000000000000000000000000000000000000000000000000000000000000000000011111000000001111111111111111111111111111111111111111000000000000000000000
000000000000000000000000000000000000000000000000000000000000000000000000000011111000000000011111111111111111111111111111111111111100000000000000000000
000000000000000000000000000000000000000000000000000000000000000000000000000011111000000000011111111111111111111111111111111111111100000000000000000000
000000000000000000000000000000000000000000000000000000000000000000000000000111110000000000011111111111111111111111111111111111111100000000000000000000
000000000000000000000000000000000000000000000000000000000000000000000000000111110000000000011111111111111111111111111111111111111100000000000000000000
000000000000000000000000000000000000000000000000000000000000000000000000000111110000000001111111111111111111111111111111111111111110000000000000000000
000000000000000000000000000000000000000000000000000000000000000000000000000111110000000001111111111111111111111111111111111111111110000000000000000000
000000000000000000000000000000000000000000000000000000000000000000000000000111110000000000111111111111111111111111111111111111111110000000000000000000
000000000000000000000000000000000000000000000000000000000000000000000000000111110000000000111111111111111111111111111111111111111110000000000000000000
000000000000000000000000000000000000000000000000000000000000000000000000000111110000000001111111111111111111111111111111111111111111000000000000000000
000000000000000000000000000000000000000000000000000000000000000000000000000111110000000001111111111111111111111111111111111111111111000000000000000000
000000000000000000000000000000000000000000000000000000000000000000000000001111110000000001111111111111111111111111111111111111111111000000000000000000
000000000000000000000000000000000000000000000000000000000000000000000000001111110000000001111111111111111111111111111111111111111111000000000000000000
000000000000000000000000000000000000000000000000000000000000000000000000001111100000000000111111111111111111111111111111111111111111000000000000000000
000000000000000000000000000000000000000000000000000000000000000000000000001111100000000000111111111111111111111111111111111111111111000000000000000000
000000000000000000000000000000000000000000000000000000000000000000000000001111100000000000111111111111111111111111111111111111111111000000000000000000
000000000000000000000000000000000000000000000000000000000000000000000000001111100000000000111111111111111111111111111111111111111111000000000000000000
000000000000000000000000000000000000000000000000000000000000000000000001111111110000000000000001111111111111111111111111111111111111000000000000000000
000000000000000000000000000000000000000000000000000000000000000000000001111111110000000000000001111111111111111111111111111111111111000000000000000000
000000000000000000000000000000000000000000000000000000000000000000000011111111100000000000001111111111111111111111111111111111111111000000000000000000
000000000000000000000000000000000000000000000000000000000000000000000011111111100000000000001111111111111111111111111111111111111111000000000000000000
000000000000000000000000000000000000000000000000000000000000000000000111111111110000000000000011111111111111111111111111111111111111000000000000000000
000000000000000000000000000000000000000000000000000000000000000000000111111111110000000000000011111111111111111111111111111111111111000000000000000000
000000000000000000000000000000000000000000000000000000000000000000001111111111011000000000000111111111111111111111111111111111111110000000000000000000
000000000000000000000000000000000000000000000000000000000000000000001111111111011000000000000111111111111111111111111111111111111110000000000000000000
000000000000000000000000000000000000000000000000000000000000000000011111111111111000000000001111111111111111111111111111111111111110000000000000000000
000000000000000000000000000000000000000000000000000000000000000000011111111111111000000000001111111111111111111111111111111111111110000000000000000000
000000000000000000000000000000000000000000000000000000000000000000011111111111111100000000111111111111111111111111111111111111111100000000000000000000
000000000000000000000000000000000000000000000000000000000000000000011111111111111100000000111111111111111111111111111111111111111100000000000000000000
000000000000000000000000000000000000000000000000000000000000000000001111111111111100000001111111111111111111111111111111111111111100000000000000000000
000000000000000000000000000000000000000000000000000000000000000000001111111111111100000001111111111111111111111111111111111111111100000000000000000000
000000000000000000000000000000000000000000000000000000000000000000000111111111111100000011111111111111111111111111111111111111111100000000000000000000
000000000000000000000000000000000000000000000000000000000000000000000111111111111100000011111111111111111111111111111111111111111100000000000000000000
000000000000000000000000000000000000000000000000000000000000000000000001111111111100000111111111111111111111111111111111111111111000000000000000000000
000000000000000000000000000000000000000000000000000000000000000000000001111111111100000111111111111111111111111111111111111111111000000000000000000000
000000000000000000000000000000000000000000000000000000000000000000000001111111111110001111111111111111111111111111111111111111111000000000000000000000
000000000000000000000000000000000000000000000000000000000000000000000001111111111110001111111111111111111111111111111111111111111000000000000000000000
000000000000000000000000000000000000000000000000000000000000000000000011111111111111011111111111111111111111111111111111111111111000000000000000000000
000000000000000000000000000000000000000000000000000000000000000000000011111111111111011111111111111111111111111111111111111111111000000000000000000000
000000000000000000000000000000000000000000000000000000000000000000000011111111111111111111111111111111111111111111111111111111110000000000000000000000
000000000000000000000000000000000000000000000000000000000000000000000011111111111111111111111111111111111111111111111111111111110000000000000000000000
000000000000000000000000000000000000000000000000000000000000000000000011111011111111111111111111111111111111111111111111111111110000000000000000000000
000000000000000000000000000000000000000000000000000000000000000000000011111011111111111111111111111111111111111111111111111111110000000000000000000000
000000000000000000000000000000000000000000000000000000000000000000000111110001111111111111111111111111111111111111111111111111110000000000000000000000
000000000000000000000000000000000000000000000000000000000000000000000111110001111111111111111111111111111111111111111111111111110000000000000000000000
000000000000000000000000000000000000000000000000000000000000000000000111111111111111111111111111111111111111111111111111111111111000000000000000000000
000000000000000000000000000000000000000000000000000000000000000000000111111111111111111111111111111111111111111111111111111111111000000000000000000000
000000000000000000000000000000000000000000000000000000000000000000000111111111111111111111111111111111111111111111111111111111111000000000000000000000
000000000000000000000000000000000000000000000000000000000000000000000111111111111111111111111111111111111111111111111111111111111000000000000000000000
000000000000000000000000000000000000000000000000000000000000000000001111111111111111111111111111111111111111111111111111111111111000000000000000000000
000000000000000000000000000000000000000000000000000000000000000000001111111111111111111111111111111111111111111111111111111111111000000000000000000000
000000000000000000000000000000000000000000000000000000000000000000001111111111111111111111111111111111111111111111111111111111111000000000000000000000
000000000000000000000000000000000000000000000000000000000000000000001111111111111111111111111111111111111111111111111111111111111000000000000000000000
000000000000000000000000000000000000000000000000000000000000000000001111111111111111111111111111111111111111111111111111111111111100000000000000000000
000000000000000000000000000000000000000000000000000000000000000000001111111111111111111111111111111111111111111111111111111111111100000000000000000000
000000000000000000000000000000000000000000000000000000000000000000011111111111111111111111111111111111111111111111111111111111111100000000000000000000
000000000000000000000000000000000000000000000000000000000000000000011111111111111111111111111111111111111111111111111111111111111100000000000000000000
000000000000000000000000000000000000000000000000000000000000000000111111111111111111111111111111111111111111111111111111111111111100000000000000000000
000000000000000000000000000000000000000000000000000000000000000000111111111111111111111111111111111111111111111111111111111111111100000000000000000000
000000000000000000000000000000000000000000000000000000000000000000111111111111111111111111111111111111111111111111111111111111111100000000000000000000
000000000000000000000000000000000000000000000000000000000000000000111111111111111111111111111111111111111111111111111111111111111100000000000000000000
000000000000000000000000000000000000000000000000000000000000000000111111111111111111111111111111111111111111111111111111111111111110000000000000000000
000000000000000000000000000000000000000000000000000000000000000000111111111111111111111111111111111111111111111111111111111111111110000000000000000000
000000000000000000000000000000000000000000000000000000000000000011111110111111111111111111111111111111111111111111111111111111111110000000000000000000
000000000000000000000000000000000000000000000000000000000000000011111110111111111111111111111111111111111111111111111111111111111110000000000000000000
000000000000000000000000000000000000000000000000000000000000001111111111111111111111111111111111111111111111111111111111111111111110000000000000000000
000000000000000000000000000000000000000000000000000000000000001111111111111111111111111111111111111111111111111111111111111111111110000000000000000000
000000000000000000000000000000000000000000000000000000000000001111111111111111111111111111111111111111111111111111111111111111111110000000000000000000
000000000000000000000000000000000000000000000000000000000000001111111111111111111111111111111111111111111111111111111111111111111110000000000000000000
000000000000000000000000000000000000000000000000000000000000001111111111111111111111111111111111111111111111111111111111111111111111000000000000000000
000000000000000000000000000000000000000000000000000000000000001111111111111111111111111111111111111111111111111111111111111111111111000000000000000000
000000000000000000000000000000000000000000000000000000000000011111111111111111111111111111111111111111111111111111111111111111111111000000000000000000
000000000000000000000000000000000000000000000000000000000000011111111111111111111111111111111111111111111111111111111111111111111111000000000000000000
000000000000000000000000000000000000000000000000000000000000011111111111111111111111111111111111111111111111111111111111111111111111000000000000000000
000000000000000000000000000000000000000000000000000000000000011111111111111111111111111111111111111111111111111111111111111111111111000000000000000000
111111111111111111111111111111111111111111111111111111111111111111111111111111111111111111111111111111111111111111111111111111111111111111111111111111
111111111111111111111111111111111111111111111111111111111111111111111111111111111111111111111111111111111111111111111111111111111111111111111111111111
