000000000000000000000000000000000000000000000000000000000000000000000000000000000000000000000000000000000000001111111111111000000000000000000000000000
000000000000000000000000000000000000000000000000000000000000000000000000000000000000000000000000000000000000001111111111111000000000000000000000000000
000000000000000000000000000000000000000000000000000000000000000000000000000000000000000000000000000000000001111111111111111111000000000000000000000000
000000000000000000000000000000000000000000000000000000000000000000000000000000000000000000000000000000000001111111111111111111000000000000000000000000
000000000000000000000000000000000000000000000000000000000000000000000000000000000000000000000000000000000001111111111111111111100000000000000000000000
000000000000000000000000000000000000000000000000000000000000000000000000000000000000000000000000000000000001111111111111111111100000000000000000000000
000000000000000000000000000000000000000000000000000000000000000000000000000000000000000000000000000000000011111111111111111111111000000000000000000000
000000000000000000000000000000000000000000000000000000000000000000000000000000000000000000000000000000000011111111111111111111111000000000000000000000
000000000000000000000000000000000000000000000000000000000000000000000000000000000000000000000000000000000001111111111111111111111110000000000000000000
000000000000000000000000000000000000000000000000000000000000000000000000000000000000000000000000000000000001111111111111111111111110000000000000000000
000000000000000000000000000000000000000000000000000000000000000000000000000000000000000000000000000000000001111111111111111111111111000000000000000000
000000000000000000000000000000000000000000000000000000000000000000000000000000000000000000000000000000000001111111111111111111111111000000000000000000
000000000000000000000000000000000000000000000000000000000000000000000000000000000000000000000000000000000000111111111111111111111111100000000000000000
000000000000000000000000000000000000000000000000000000000000000000000000000000000000000000000000000000000000111111111111111111111111100000000000000000
000000000000000000000000000000000000000000000000000000000000000000000000000000000000000000000000000000000000000111111111111111111111100000000000000000
000000000000000000000000000000000000000000000000000000000000000000000000000000000000000000000000000000000000000111111111111111111111100000000000000000
000000000000000000000000000000000000000000000000000000000000000000000000000000000000000000000000000000000000001111111111111111111111100000000000000000
000000000000000000000000000000000000000000000000000000000000000000000000000000000000000000000000000000000000001111111111111111111111100000000000000000
000000000000000000000000000000000000000000000000000000000000000000000000000000000000000000000000000000000000011111111111111111111111110000000000000000
000000000000000000000000000000000000000000000000000000000000000000000000000000000000000000000000000000000000011111111111111111111111110000000000000000
000000000000000000000000000000000000000000000000000000000000000000000000000000000000000000000000000000000000011111111111111111111111111000000000000000
000000000000000000000000000000000000000000000000000000000000000000000000000000000000000000000000000000000000011111111111111111111111111000000000000000
000000000000000000000000000000000000000000000000000000000000000000000000000000000000000000000000000000000000111111111111111111111111111000000000000000
000000000000000000000000000000000000000000000000000000000000000000000000000000000000000000000000000000000000111111111111111111111111111000000000000000
000000000000000000000000000000000000000000000000000000000000000000000000000000000000000000000000000000000000111111111111111111111111111100000000000000
000000000000000000000000000000000000000000000000000000000000000000000000000000000000000000000000000000000000111111111111111111111111111100000000000000
000000000000000000000000000000000000000000000000000000000000000000000000000000000000000000000000000000000001111111111111111111111111111110000000000000
000000000000000000000000000000000000000000000000000000000000000000000000000000000000000000000000000000000001111111111111111111111111111110000000000000
000000000000000000000000000000000000000000000000000000000000000000000000000000000000000000000000000000000001111111111111111111111111111111000000000000
000000000000000000000000000000000000000000000000000000000000000000000000000000000000000000000000000000000001111111111111111111111111111111000000000000
000000000000000000000000000000000000000000000000000000000000000000000000000000000000000000000000000000000011111100111111111111111111111111100000000000
000000000000000000000000000000000000000000000000000000000000000000000000000000000000000000000000000000000011111100111111111111111111111111100000000000
000000000000000000000000000000000000000000000000000000000000000000000000000000000000000000000000000000000011111000011111111111111111111111111000000000
000000000000000000000000000000000000000000000000000000000000000000000000000000000000000000000000000000000011111000011111111111111111111111111000000000
000000000000000000000000000000000000000000000000000000000000000000000000000000000000000000000000000000000011111000000111111111111111111111111110000000
000000000000000000000000000000000000000000000000000000000000000000000000000000000000000000000000000000000011111000000111111111111111111111111110000000
000000000000000000000000000000000000000000000000000000000000000000000000001111000000000000000000000000000111111000000000011111111111111111111111100000
000000000000000000000000000000000000000000000000000000000000000000000000001111000000000000000000000000000111111000000000011111111111111111111111100000
000000000000000000000000000000000000000000000000000000000000000000000000011111100000000000000000000000000111110000000000111111111111111111111111111000
000000000000000000000000000000000000000000000000000000000000000000000000011111100000000000000000000000000111110000000000111111111111111111111111111000
000000000000000000000000000000000000000000000000000000000000000000000000011111110000000000000000000000000111110000000001111111111111111111111111111111
000000000000000000000000000000000000000000000000000000000000000000000000011111110000000000000000000000000111110000000001111111111111111111111111111111
000000000000000000000000000000000000000000000000000000000000000000000000001111100000000000000000000000000111110000000001111111111111111111111111111111
000000000000000000000000000000000000000000000000000000000000000000000000001111100000000000000000000000000111110000000001111111111111111111111111111111
000000000000000000000000000000000000000000000000000000000000000000000000001111000000000000000000000000000111111000000001111111111111111111111111111111
000000000000000000000000000000000000000000000000000000000000000000000000001111000000000000000000000000000111111000000001111111111111111111111111111111
000000000000000000000000000000000000000000000000000000000000000000000000011111100000000000000000000000000111111000000001111111111111111111111111100001
000000000000000000000000000000000000000000000000000000000000000000000000011111100000000000000000000000000111111000000001111111111111111111111111100001
000000000000000000000000000000000000000000000000000000000000000000000000111111100000000000000000000000000011111000000011111111111111111111111111000000
000000000000000000000000000000000000000000000000000000000000000000000000111111100000000000000000000000000011111000000011111111111111111111111111000000
000000000000000000000000000000000000000000000000000000000000000000000000011111100000000000000000000000000011111000000001111111111111111111111100000000
000000000000000000000000000000000000000000000000000000000000000000000000011111100000000000000000000000000011111000000001111111111111111111111100000000
000000000000000000000000000000000000000000000000000000000000000000000000011111111111100000000000000000111111111100000000111111111111111111111100000000
000000000000000000000000000000000000000000000000000000000000000000000000011111111111100000000000000000111111111100000000111111111111111111111100000000
000000000000000000000000000000000000000000000000000000000000000000000000111111000011111111111111100000000011111111111111111111111111111111111100000000
000000000000000000000000000000000000000000000000000000000000000000000000111111000011111111111111100000000011111111111111111111111111111111111100000000
000000000000000000000000000000000000000000000000000000000000000000000000111111100000000000000000011111111111111111111111111111100111111111111110000000
000000000000000000000000000000000000000000000000000000000000000000000000111111100000000000000000011111111111111111111111111111100111111111111110000000
000000000000000000000000000000000000000000000000000000000000000000000000111111100000000000000000000000000001111110000111111111000111111111111110000000
000000000000000000000000000000000000000000000000000000000000000000000000111111100000000000000000000000000001111110000111111111000111111111111110000000
000000000000000000000000000000000000000000000000000000000000000000000001111111110000000000000000000000000001111110001111111111001111111111111110000000
000000000000000000000000000000000000000000000000000000000000000000000001111111110000000000000000000000000001111110001111111111001111111111111110000000
000000000000000000000000000000000000000000000000000000000000000000000001111111111000000000000000000000000000000001111111111110111111111111111111000000
000000000000000000000000000000000000000000000000000000000000000000000001111111111000000000000000000000000000000001111111111110111111111111111111000000
000000000000000000000000000000000000000000000000000000000000000000000001111111111000000000000000000000000000000000011111111111111111111111111111100000
000000000000000000000000000000000000000000000000000000000000000000000001111111111000000000000000000000000000000000011111111111111111111111111111100000
000000000000000000000000000000000000000000000000000000000000000000000001111111111000000000000000000000000000000001111111111111111111111111111111100000
000000000000000000000000000000000000000000000000000000000000000000000001111111111000000000000000000000000000000001111111111111111111111111111111100000
000000000000000000000000000000000000000000000000000000000000000000000011111111111100000000000000000000000000000001111111111111111111111111111111110000
000000000000000000000000000000000000000000000000000000000000000000000011111111111100000000000000000000000000000001111111111111111111111111111111110000
000000000000000000000000000000000000000000000000000000000000000000000011111111111100000000000000000000000000000011111111111111111111111111111111110000
000000000000000000000000000000000000000000000000000000000000000000000011111111111100000000000000000000000000000011111111111111111111111111111111110000
000000000000000000000000000000000000000000000000000000000000000000000011111111111100000000000000000000000000000111111111111111111111111111111111111000
000000000000000000000000000000000000000000000000000000000000000000000011111111111100000000000000000000000000000111111111111111111111111111111111111000
000000000000000000000000000000000000000000000000000000000000000000000011111111111110000000000000000000000001111111111111111111111111111111111111111000
000000000000000000000000000000000000000000000000000000000000000000000011111111111110000000000000000000000001111111111111111111111111111111111111111000
000000000000000000000000000000000000000000000000000000000000000000000000111111000100000000000000000000000111111111111111111111111111111111111111111100
000000000000000000000000000000000000000000000000000000000000000000000000111111000100000000000000000000000111111111111111111111111111111111111111111100
000000000000000000000000000000000000000000000000000000000000000000000000000111000000000000000000000000011111111110111111111111111111111111111111111100
000000000000000000000000000000000000000000000000000000000000000000000000000111000000000000000000000000011111111110111111111111111111111111111111111100
000000000000000000000000000000000000000000000000000000000000000000000000011111000000000000000000000011111111100001111111111111111111111111111111111000
000000000000000000000000000000000000000000000000000000000000000000000000011111000000000000000000000011111111100001111111111111111111111111111111111000
000000000000000000000000000000000000000000000000000000000000000000000000111111111000000000000000000111111110000011111111111111111111111111111111111000
000000000000000000000000000000000000000000000000000000000000000000000000111111111000000000000000000111111110000011111111111111111111111111111111111000
000000000000000000000000000000000000000000000000000000000000000000000000000000000000000000000000000011111110000111111111111111111111111111111111111000
000000000000000000000000000000000000000000000000000000000000000000000000000000000000000000000000000011111110000111111111111111111111111111111111111000
000000000000000000000000000000000000000000000000000000000000000000000000000000000000000000000000000000010011011111111111111111111111111111111111111000
000000000000000000000000000000000000000000000000000000000000000000000000000000000000000000000000000000010011011111111111111111111111111111111111111000
000000000000000000000000000000000000000000000000000000000000000000000000000000000000000000000000000000000000011111111111111111111111111111111111111000
000000000000000000000000000000000000000000000000000000000000000000000000000000000000000000000000000000000000011111111111111111111111111111111111111000
000000000000000000000000000000000000000000000000000000000000000000000000000000000000000000000000000000000000111111111111111111111111111111111111111000
000000000000000000000000000000000000000000000000000000000000000000000000000000000000000000000000000000000000111111111111111111111111111111111111111000
000000000000000000000000000000000000000000000000000000000000000000000000000000000000000000000000000000000001111111111111111111111111111111111111111000
000000000000000000000000000000000000000000000000000000000000000000000000000000000000000000000000000000000001111111111111111111111111111111111111111000
000000000000000000000000000000000000000000000000000000000000000000000000000000000000000000000000000000000011111111111111111111111111111111111111111000
000000000000000000000000000000000000000000000000000000000000000000000000000000000000000000000000000000000011111111111111111111111111111111111111111000
000000000000000000000000000000000000000000000000000000000000000000000000000000000000000000000000000000000111111111111111111111111111111111111111111000
000000000000000000000000000000000000000000000000000000000000000000000000000000000000000000000000000000000111111111111111111111111111111111111111111000
000000000000000000000000000000000000000000000000000000000000000000000000000000000000000000000000000000001111111111111111111111111111111111111111111000
000000000000000000000000000000000000000000000000000000000000000000000000000000000000000000000000000000001111111111111111111111111111111111111111111000
000000000000000000000000000000000000000000000000000000000000000000000000000000000000000000000000000000001111111111111111111111111111111111111111111000
000000000000000000000000000000000000000000000000000000000000000000000000000000000000000000000000000000001111111111111111111111111111111111111111111000
000000000000000000000000000000000000000000000000000000000000000000000000000000000000000000000000000000011111111111111111111111111111111111111111111000
000000000000000000000000000000000000000000000000000000000000000000000000000000000000000000000000000000011111111111111111111111111111111111111111111000
000000000000000000000000000000000000000000000000000000000000000000000000000000000000000000000000000000011111111111111111111111111111111111111111110000
000000000000000000000000000000000000000000000000000000000000000000000000000000000000000000000000000000011111111111111111111111111111111111111111110000
000000000000000000000000000000000000000000000000000000000000000000000000000000000000000000000000000000111111111111111111111111111111111111111111110000
000000000000000000000000000000000000000000000000000000000000000000000000000000000000000000000000000000111111111111111111111111111111111111111111110000
000000000000000000000000000000000000000000000000000000000000000000000000000000000000000000000000000000111111111111111111111111111111111111111111110000
000000000000000000000000000000000000000000000000000000000000000000000000000000000000000000000000000000111111111111111111111111111111111111111111110000
000000000000000000000000000000000000000000000000000000000000000000000000000000000000000000000000000001111111111111111111111111111111111111111111110000
000000000000000000000000000000000000000000000000000000000000000000000000000000000000000000000000000001111111111111111111111111111111111111111111110000
000000000000000000000000000000000000000000000000000000000000000000000000000000000000000000000000000011111111111111111111111111111111111111111111110000
000000000000000000000000000000000000000000000000000000000000000000000000000000000000000000000000000011111111111111111111111111111111111111111111110000
111111111111111111111111111111111111111111111111111111111111111111111111111111111111111111111111111111111111111111111111111111111111111111111111111111
111111111111111111111111111111111111111111111111111111111111111111111111111111111111111111111111111111111111111111111111111111111111111111111111111111
