000000000000000000000000000000000000000000000000000000000000000000000000000000000000000000000000000000000000000000000000000000000000000000000000000000
000000000000000000000000000000000000000000000000000000000000000000000000000000000000000000000000000000000000000000000000000000000000000000000000000000
000000000000000000000000000000000000000000000000000000000000000000000000000000000000000000000000000000000000000000000000000000000000000000000000000000
000000000000000000000000000000000000000000000000000000000000000000000000000000000000000000000000000000000000000000000000000000000000000000000000000000
000000000000000000000000000000000000000000000000000000000000000000000000000000000000000000000000000000000000000000000000000000000000000000000000000000
000000000000000000000000000000000000000000000000000000000000000000000000000000000000000000000000000000000000000000000000000000000000000000000000000000
000000000000000000000000000000000000000000000000000000000000000000000000000000000000000000000000000000000000000000000000000000000000000000000000000000
000000000000000000000000000000000000000000000000000000000000000000000000000000000000000000000000000000000000000000000000000000000000000000000000000000
000000000000000000000000000000000000000000000000000000000000000000000000000000000000000000000000000000000000000000000000000000000000000000000000000000
000000000000000000000000000000000000000000000000000000000000000000000000000000000000000000000000000000000000000000000000000000000000000000000000000000
000000000000000000000000000000000000000000000000000000000000000000000000000000000000000000000000000000000000000000000000000000000000000000000000000000
000000000000000000000000000000000000000000000000000000000000000000000000000000000000000000000000000000000000000000000000000000000000000000000000000000
000000000000000000000000000000000000000000000000000000000000000000000000000000000000000000000000000000000000000000000000000000000000000000000000000000
000000000000000000000000000000000000000000000000000000000000000000000000000000000000000000000000000000000000000000000000000000000000000000000000000000
000000000000000000000000000000000000000000000000000000000000000000000000000000000000000000000000000000000000000000000000000000000000000000000000000000
000000000000000000000000000000000000000000000000000000000000000000000000000000000000000000000000000000000000000000000000000000000000000000000000000000
000000000000000000000000000000000000000000000000000000000000000000000000000000000000000000000000000000000000000000000000000000000000000000000000000000
000000000000000000000000000000000000000000000000000000000000000000000000000000000000000000000000000000000000000000000000000000000000000000000000000000
000000000000000000000000000000000000000000000000000000000000000000000000000000000000000000000000000000000000000000000000000000000000000000000000000000
000000000000000000000000000000000000000000000000000000000000000000000000000000000000000000000000000000000000000000000000000000000000000000000000000000
000000000000000000000000000000000000000000000000000000000000000000000000000000000000000000000000000000000000000000000000000000000000000000000000000000
000000000000000000000000000000000000000000000000000000000000000000000000000000000000000000000000000000000000000000000000000000000000000000000000000000
000000000000000000000000000000000000000011111111111111000000000000000000000000000000000000000000000000000000000000000000000000000000000000000000000000
000000000000000000000000000000000000000011111111111111000000000000000000000000000000000000000000000000000000000000000000000000000000000000000000000000
000000000000000000000000000000000000000001111111111111110000000000000000000000000000000000000000000000000000000000000000000000000000000000000000000000
000000000000000000000000000000000000000001111111111111110000000000000000000000000000000000000000000000000000000000000000000000000000000000000000000000
000000000000000000000000000000000000000011111111111111111000000000000000000000000000000000000000000000000000000000000000000000000000000000000000000000
000000000000000000000000000000000000000011111111111111111000000000000000000000000000000000000000000000000000000000000000000000000000000000000000000000
000000000000000000000000000000000000000011111111111111111100000000000000000000000000000000000000000000000000000000000000000000000000000000000000000000
000000000000000000000000000000000000000011111111111111111100000000000000000000000000000000000000000000000000000000000000000000000000000000000000000000
000000000000000000000000000000000000000001111111111111111110000000000000000000000000000000000000000000000000000000000000000000000000000000000000000000
000000000000000000000000000000000000000001111111111111111110000000000000000000000000000000000000000000000000000000000000000000000000000000000000000000
000000000000000000000000000000000000000000011111111111111111000000000000000000000000000000000000000000000000000000000000000000000000000000000000000000
000000000000000000000000000000000000000000011111111111111111000000000000000000000000000000000000000000000000000000000000000000000000000000000000000000
000000000000000000000000000000000000000000011111111111111110000000000000000000000000000000000000000000000000000000000000000000000000000000000000000000
000000000000000000000000000000000000000000011111111111111110000000000000000000000000000000000000000000000000000000000000000000000000000000000000000000
000000000000000000000000000000000000000000001111111111111000000000000000000000000000000000000000000000000000000000000000000000000000000000000000000000
000000000000000000000000000000000000000000001111111111111000000000000000000000000000000000000000000000000000000000000000000000000000000000000000000000
000000000000000000000000000000000000000000000111111111110000000000000000000000000000000000000000000000000000000000000000000000000000000000000000000000
000000000000000000000000000000000000000000000111111111110000000000000000000000000000000000000000000000000000000000000000000000000000000000000000000000
000000000000000000000000000000000000000000011111111110000000000000000000000000000000000000000000000000000000000000000000000000000000000000000000000000
000000000000000000000000000000000000000000011111111110000000000000000000000000000000000000000000000000000000000000000000000000000000000000000000000000
000000000000000000000000000000000000000000001111111111000000000000000000000000000000000000000000000000111110000000000000000000000000000000000000000000
000000000000000000000000000000000000000000001111111111000000000000000000000000000000000000000000000000111110000000000000000000000000000000000000000000
000000000000000000000000000000000000000000111111111111100000000000000000000000000000000000000000111111111111000000000000000000000000000000000000000000
000000000000000000000000000000000000000000111111111111100000000000000000000000000000000000000000111111111111000000000000000000000000000000000000000000
000000000000000000000000000000000000000011111111111111100000000000000000000000000000000000000001111111111110000000000000000000000000000000000000000000
000000000000000000000000000000000000000011111111111111100000000000000000000000000000000000000001111111111110000000000000000000000000000000000000000000
000000000000000000000000000000000000000111111111111111100000000000000000000000000000000000000000111111111111100000000000000000000000000000000000000000
000000000000000000000000000000000000000111111111111111100000000000000000000000000000000000000000111111111111100000000000000000000000000000000000000000
000000000000000000000000000000000000000111111111111111100000000000000000000000000000000000000000011111111111111111111100000000000000000000000000000000
000000000000000000000000000000000000000111111111111111100000000000000000000000000000000000000000011111111111111111111100000000000000000000000000000000
000000000000000000000000000000000000000111111111111111100000000000000000000000000000000000000000011111111111111111111111000000000000000000000000000000
000000000000000000000000000000000000000111111111111111100000000000000000000000000000000000000000011111111111111111111111000000000000000000000000000000
000000000000000000000000000000000000000001111111111111100000000000000000000000000000000000000001111111111111111111111110000000000000000000000000000000
000000000000000000000000000000000000000001111111111111100000000000000000000000000000000000000001111111111111111111111110000000000000000000000000000000
000000000000000000000000000000000000000001111111111111100000000000000000000000000000000000001111111111111111111111110000000000000000000000000000000000
000000000000000000000000000000000000000001111111111111100000000000000000000000000000000000001111111111111111111111110000000000000000000000000000000000
000000000000000000000000000000000000000001111111111111100000000000000000000000000000000000111111111111111111111110000000000000000000000000000000000000
000000000000000000000000000000000000000001111111111111100000000000000000000000000000000000111111111111111111111110000000000000000000000000000000000000
000000000000000000000000000000000000000001111111111111100000000000000000000000000000000000111111111111111111111110000000000000000000000000000000000000
000000000000000000000000000000000000000001111111111111100000000000000000000000000000000000111111111111111111111110000000000000000000000000000000000000
000000000000000000000000000000000000000111111111111111100000000000000000000000000000000000000000000011111111111100000000000000000000000000000000000000
000000000000000000000000000000000000000111111111111111100000000000000000000000000000000000000000000011111111111100000000000000000000000000000000000000
000000000000000000000000000000000000000111111111111111000000000000000000000000000000000000000000000011111111110000000000000000000000000000000000000000
000000000000000000000000000000000000000111111111111111000000000000000000000000000000000000000000000011111111110000000000000000000000000000000000000000
000000000000000000000000000000000000000111111111111110000000000000000000000000000000000000000000000001111111111100000000000000000000000000000000000000
000000000000000000000000000000000000000111111111111110000000000000000000000000000000000000000000000001111111111100000000000000000000000000000000000000
000000000000000000000000000000000000001111111111111111000000000000000000000000000000000000000000000011111111111110000000000000000000000000000000000000
000000000000000000000000000000000000001111111111111111000000000000000000000000000000000000000000000011111111111110000000000000000000000000000000000000
000000000000000000000000000000000000001111111111111111100000000000000000000000000000000000000000001111111111111111100000000000000000000000000000000000
000000000000000000000000000000000000001111111111111111100000000000000000000000000000000000000000001111111111111111100000000000000000000000000000000000
000000000000000000000000000000000000001111111111111111100000000000000000000000000000000000000000011111111111111111111000000000000000000000000000000000
000000000000000000000000000000000000001111111111111111100000000000000000000000000000000000000000011111111111111111111000000000000000000000000000000000
000000000000000000000000000000000000011111111111111111110000000000000000000000000000000000000000111110011111111111111110000000000000000000000000000000
000000000000000000000000000000000000011111111111111111110000000000000000000000000000000000000000111110011111111111111110000000000000000000000000000000
000000000000000000000000000000000000111111111111111111111000000000000000000000000000000000000001111100001111111111111111000000000000000000000000000000
000000000000000000000000000000000000111111111111111111111000000000000000000000000000000000000001111100001111111111111111000000000000000000000000000000
000000000000000000000000000000000000111111111111111111111000000000000000000000000000000000000011111000001111111111111111110000000000000000000000000000
000000000000000000000000000000000000111111111111111111111000000000000000000000000000000000000011111000001111111111111111110000000000000000000000000000
000000000000000000000000000000000000111111111111111111111100000000000000000000000000000000000011111111000111111111111111111000000000000000000000000000
000000000000000000000000000000000000111111111111111111111100000000000000000000000000000000000011111111000111111111111111111000000000000000000000000000
000000000000000000000000000000000001111111111111111111111110000000000000000000000000000000000001111111111111111111111111111000000000000000000000000000
000000000000000000000000000000000001111111111111111111111110000000000000000000000000000000000001111111111111111111111111111000000000000000000000000000
000000000000000000000000000000000001111111111111111111111110000000000000000000000000000000000001111111111111111111111111110000000000000000000000000000
000000000000000000000000000000000001111111111111111111111110000000000000000000000000000000000001111111111111111111111111110000000000000000000000000000
000000000000000000000000000000000001111111111111111111111110000000000000000000000000000000000000111111111111111111110000000000000000000000000000000000
000000000000000000000000000000000001111111111111111111111110000000000000000000000000000000000000111111111111111111110000000000000000000000000000000000
000000000000000000000000000000000001111111111111111111111111000000000000000000000000000000000000000000111111111111111000000000000000000000000000000000
000000000000000000000000000000000001111111111111111111111111000000000000000000000000000000000000000000111111111111111000000000000000000000000000000000
000000000000000000000000000000000011111111111111111111111111000000000000000000000000000000000000000000111111111111111000000000000000000000000000000000
000000000000000000000000000000000011111111111111111111111111000000000000000000000000000000000000000000111111111111111000000000000000000000000000000000
000000000000000000000000000000000011111111111111111111111111000000000000000000000000000000000000000001111111111111111000000000000000000000000000000000
000000000000000000000000000000000011111111111111111111111111000000000000000000000000000000000000000001111111111111111000000000000000000000000000000000
000000000000000000000000000000000011111111111111111111111111000000000000000000000000000000000000000011111111111111111100000000000000000000000000000000
000000000000000000000000000000000011111111111111111111111111000000000000000000000000000000000000000011111111111111111100000000000000000000000000000000
000000000000000000000000000000000011111111111111111111111111100000000000000000000000000000000000000111111111111111111100000000000000000000000000000000
000000000000000000000000000000000011111111111111111111111111100000000000000000000000000000000000000111111111111111111100000000000000000000000000000000
000000000000000000000000000000000111111111111111111111111111100000000000000000000000000000000000001111111111111111111100000000000000000000000000000000
000000000000000000000000000000000111111111111111111111111111100000000000000000000000000000000000001111111111111111111100000000000000000000000000000000
000000000000000000000000000000000111111111111111111111111111100000000000000000000000000000000000011111111111111111111100000000000000000000000000000000
000000000000000000000000000000000111111111111111111111111111100000000000000000000000000000000000011111111111111111111100000000000000000000000000000000
000000000000000000000000000000000111111111111111111111111111100000000000000000000000000000000000111111111111111111111100000000000000000000000000000000
000000000000000000000000000000000111111111111111111111111111100000000000000000000000000000000000111111111111111111111100000000000000000000000000000000
000000000000000000000000000000000111111111111111111111111111110000000000000000000000000000000001111111111111111111111110000000000000000000000000000000
000000000000000000000000000000000111111111111111111111111111110000000000000000000000000000000001111111111111111111111110000000000000000000000000000000
000000000000000000000000000000000111111111111111111111111111110000000000000000000000000000000000001111111111111111111110000000000000000000000000000000
000000000000000000000000000000000111111111111111111111111111110000000000000000000000000000000000001111111111111111111110000000000000000000000000000000
000000000000000000000000000000001111111111111111111111111111110000000000000000000000000000000000000000011111011111100000000000000000000000000000000000
000000000000000000000000000000001111111111111111111111111111110000000000000000000000000000000000000000011111011111100000000000000000000000000000000000
000000000000000000000000000000001111111111111111111111111111110000000000000000000000000000000000000000011111011111000000000000000000000000000000000000
000000000000000000000000000000001111111111111111111111111111110000000000000000000000000000000000000000011111011111000000000000000000000000000000000000
000000000000000000000000000000001111111111111111111111111111111000000000000000000000000000000000000000111111011111000000000000000000000000000000000000
000000000000000000000000000000001111111111111111111111111111111000000000000000000000000000000000000000111111011111000000000000000000000000000000000000
111111111111111111111111111111111111111111111111111111111111111111111111111111111111111111111111111111111111111111111111111111111111111111111111111111
111111111111111111111111111111111111111111111111111111111111111111111111111111111111111111111111111111111111111111111111111111111111111111111111111111
