000000000000000000000000000000000000000000000000000000000000000000000000000000000000000000000000000000000000000000000000000000000000000000000000000000
000000000000000000000000000000000000000000000000000000000000000000000000000000000000000000000000000000000000000000000000000000000000000000000000000000
000000000000000000000000000000000000000000000000000000000000000000000000000000000000000000000000000000000000000000000000000000000000000000000000000000
000000000000000000000000000000000000000000000000000000000000000000000000000000000000000000000000000000000000000000000000000000000000000000000000000000
000000000000000000000000000000000000000000000000000000000000000000000000000000000000000000000000000000000000000000000000000000000000000000000000000000
000000000000000000000000000000000000000000000000000000000000000000000000000000000000000000000000000000000000000000000000000000000000000000000000000000
000000000000000000000000000000000000000000000000000000000000000000000000000000000000000000000000000000000000000000000000000000000000000000000000000000
000000000000000000000000000000000000000000000000000000000000000000000000000000000000000000000000000000000000000000000000000000000000000000000000000000
000000000000000000000000000000000000000000000000000000000000000000000000000000000000000000000000000000000000000000000000000000000000000000000000000000
000000000000000000000000000000000000000000000000000000000000000000000000000000000000000000000000000000000000000000000000000000000000000000000000000000
000000000000000000000000000000000000000000000000000000000000000000000000000000000000000000000000000000000000000000000000000000000000000000000000000000
000000000000000000000000000000000000000000000000000000000000000000000000000000000000000000000000000000000000000000000000000000000000000000000000000000
000000000000000000000000000000000000000000000000000000000000000000000000000000000000000000000000000000000000000000000000000000000000000000000000000000
000000000000000000000000000000000000000000000000000000000000000000000000000000000000000000000000000000000000000000000000000000000000000000000000000000
000000000000000000000000000000000000000000000000000000000000000000000000000000000000000000000000000000000000000000000000000000000000000000000000000000
000000000000000000000000000000000000000000000000000000000000000000000000000000000000000000000000000000000000000000000000000000000000000000000000000000
000000000000000000000000000000000000000000000000000000000000000000000000000000000000000000000000000000000000000000000000000000000000000000000000000000
000000000000000000000000000000000000000000000000000000000000000000000000000000000000000000000000000000000000000000000000000000000000000000000000000000
000000000000000000000000000000000000000000000000000000000000000000000000000000000000000000000000000000000000000000000000000000000000000000000000000000
000000000000000000000000000000000000000000000000000000000000000000000000000000000000000000000000000000000000000000000000000000000000000000000000000000
000000000000000000000000000000000000000000000000000000000000000000000000000000000000000000000000000000000000000000000000000000000000000000000000000000
000000000000000000000000000000000000000000000000000000000000000000000000000000000000000000000000000000000000000000000000000000000000000000000000000000
000000000000000000000000000000000000000000000000110000000000000000000000000000000000000000000000000000000000000000000000000000000000000000000000000000
000000000000000000000000000000000000000000000000110000000000000000000000000000000000000000000000000000000000000000000000000000000000000000000000000000
000000000000000000000000000000000000000001111111111111000000000000000000000000000000000000000000000000000000000000000000000000000000000000000000000000
000000000000000000000000000000000000000001111111111111000000000000000000000000000000000000000000000000000000000000000000000000000000000000000000000000
000000000000000000000000000000000000000011111111111111110000000000000000000000000000000000000000000000000000000000000000000000000000000000000000000000
000000000000000000000000000000000000000011111111111111110000000000000000000000000000000000000000000000000000000000000000000000000000000000000000000000
000000000000000000000000000000000000000011111111111111111000000000000000000000000000000000000000000000000000000000000000000000000000000000000000000000
000000000000000000000000000000000000000011111111111111111000000000000000000000000000000000000000000000000000000000000000000000000000000000000000000000
000000000000000000000000000000000000000011111111111111111110000000000000000000000000000000000000000000000000000000000000000000000000000000000000000000
000000000000000000000000000000000000000011111111111111111110000000000000000000000000000000000000000000000000000000000000000000000000000000000000000000
000000000000000000000000000000000000000011111111111111111111000000000000000000000000000000000000000000000000000000000000000000000000000000000000000000
000000000000000000000000000000000000000011111111111111111111000000000000000000000000000000000000000000000000000000000000000000000000000000000000000000
000000000000000000000000000000000000000000111111111111111111000000000000000000000000000000000000000000000000000000000000000000000000000000000000000000
000000000000000000000000000000000000000000111111111111111111000000000000000000000000000000000000000000000000000000000000000000000000000000000000000000
000000000000000000000000000000000000000000011111111111111110000000000000000000000000000000000000000000000000000000000000000000000000000000000000000000
000000000000000000000000000000000000000000011111111111111110000000000000000000000000000000000000000000000000000000000000000000000000000000000000000000
000000000000000000000000000000000000000000011111111111111100000000000000000000000000000000000000000000000000000000000000000000000000000000000000000000
000000000000000000000000000000000000000000011111111111111100000000000000000000000000000000000000000000000000000000000000000000000000000000000000000000
000000000000000000000000000000000000000000001111111110000000000000000000000000000000000000000000000000000000000000000000000000000000000000000000000000
000000000000000000000000000000000000000000001111111110000000000000000000000000000000000000000000000000000000000000000000000000000000000000000000000000
000000000000000000000000000000000000000000011111111110000000000000000000000000000000000000000000000000000000000000000000000000000000000000000000000000
000000000000000000000000000000000000000000011111111110000000000000000000000000000000000000000000000000000000000000000000000000000000000000000000000000
000000000000000000000000000000000000000000011111111111000000000000000000000000000000000000000000000000000000000000000000000000000000000000000000000000
000000000000000000000000000000000000000000011111111111000000000000000000000000000000000000000000000000000000000000000000000000000000000000000000000000
000000000000000000000000000000000000000001111111111111100000000000000000000000000000000000000000000111111100000000000000000000000000000000000000000000
000000000000000000000000000000000000000001111111111111100000000000000000000000000000000000000000000111111100000000000000000000000000000000000000000000
000000000000000000000000000000000000000011111111111111100000000000000000000000000000000000000001111111111100000000000000000000000000000000000000000000
000000000000000000000000000000000000000011111111111111100000000000000000000000000000000000000001111111111100000000000000000000000000000000000000000000
000000000000000000000000000000000000000111111111111111100000000000000000000000000000000000000011111111111100000000000000000000000000000000000000000000
000000000000000000000000000000000000000111111111111111100000000000000000000000000000000000000011111111111100000000000000000000000000000000000000000000
000000000000000000000000000000000000001111111111111111100000000000000000000000000000000000000000111111111111111111111000000000000000000000000000000000
000000000000000000000000000000000000001111111111111111100000000000000000000000000000000000000000111111111111111111111000000000000000000000000000000000
000000000000000000000000000000000000000111111111111111100000000000000000000000000000000000000000111111111111111111111100000000000000000000000000000000
000000000000000000000000000000000000000111111111111111100000000000000000000000000000000000000000111111111111111111111100000000000000000000000000000000
000000000000000000000000000000000000000001111111111111100000000000000000000000000000000000000011111111111111111111111100000000000000000000000000000000
000000000000000000000000000000000000000001111111111111100000000000000000000000000000000000000011111111111111111111111100000000000000000000000000000000
000000000000000000000000000000000000000001111111111111100000000000000000000000000000000000001111111111111111111111111000000000000000000000000000000000
000000000000000000000000000000000000000001111111111111100000000000000000000000000000000000001111111111111111111111111000000000000000000000000000000000
000000000000000000000000000000000000000011111111111111100000000000000000000001111111000000111111111111111111111111100000000000001110000000000000000000
000000000000000000000000000000000000000011111111111111100000000000000000000001111111000000111111111111111111111111100000000000001110000000000000000000
000000000000000000000000000000000000000011111111111111100000000000000000011111111111111111111111111111111111111100000000000011111111110010000000000000
000000000000000000000000000000000000000011111111111111100000000000000000011111111111111111111111111111111111111100000000000011111111110010000000000000
000000000000000000000000000000000000000111111111111111100000000000000000000111001111111111111111111111111111111100000001111111111111111111000000000000
000000000000000000000000000000000000000111111111111111100000000000000000000111001111111111111111111111111111111100000001111111111111111111000000000000
000000000000000000000000000000000000001111111111111110000000000000000000000000011111111111111111111111111111111100111111111111111111111100000000000000
000000000000000000000000000000000000001111111111111110000000000000000000000000011111111111111111111111111111111100111111111111111111111100000000000000
000000000000000000000000000000000000001111111111111100000000000000000000000000000000000000111111111111111111111111111111111100000000000000000000000000
000000000000000000000000000000000000001111111111111100000000000000000000000000000000000000111111111111111111111111111111111100000000000000000000000000
000000000000000000000000000000000000011111111111111110000000000000000000000000000000000000000000111111111111111111100000000000000000000000000000000000
000000000000000000000000000000000000011111111111111110000000000000000000000000000000000000000000111111111111111111100000000000000000000000000000000000
000000000000000000000000000000000000111111111111111111000000000000000000000000000000000000000000000011111111111110000000000000000000000000000000000000
000000000000000000000000000000000000111111111111111111000000000000000000000000000000000000000000000011111111111110000000000000000000000000000000000000
000000000000000000000000000000000001111111111111111111100000000000000000000000000000000000000000000001111111111110000000000000000000000000000000000000
000000000000000000000000000000000001111111111111111111100000000000000000000000000000000000000000000001111111111110000000000000000000000000000000000000
000000000000000000000000000000000010111111111111111111100000000000000000000000000000000000000000000001111111111111000000000000000000000000000000000000
000000000000000000000000000000000010111111111111111111100000000000000000000000000000000000000000000001111111111111000000000000000000000000000000000000
000000000000000000000000000000000000111111111111111111110000000000000000000000000000000000000000000000011111111111100000000000000000000000000000000000
000000000000000000000000000000000000111111111111111111110000000000000000000000000000000000000000000000011111111111100000000000000000000000000000000000
000000000000000000000000000000000000111111111111111111110000000000000000000000000000000000000000000000011111111111100000000000000000000000000000000000
000000000000000000000000000000000000111111111111111111110000000000000000000000000000000000000000000000011111111111100000000000000000000000000000000000
000000000000000000000000000000000001111111111111111111111000000000000000000000000000000000000000000000001111111111100000000000000000000000000000000000
000000000000000000000000000000000001111111111111111111111000000000000000000000000000000000000000000000001111111111100000000000000000000000000000000000
000000000000000000000000000000000001111111111111111111111000000000000000000000000000000000000000000000001111111111110000000000000000000000000000000000
000000000000000000000000000000000001111111111111111111111000000000000000000000000000000000000000000000001111111111110000000000000000000000000000000000
000000000000000000000000000000000001111111111111111111111100000000000000000000000000000000000000000000001111111111110000000000000000000000000000000000
000000000000000000000000000000000001111111111111111111111100000000000000000000000000000000000000000000001111111111110000000000000000000000000000000000
000000000000000000000000000000000001111111111111111111111110000000000000000000000000000000000000000000011111111111110000000000000000000000000000000000
000000000000000000000000000000000001111111111111111111111110000000000000000000000000000000000000000000011111111111110000000000000000000000000000000000
000000000000000000000000000000000011111111111111111111111110000000000000000000000000000000000000000000111111111111110000000000000000000000000000000000
000000000000000000000000000000000011111111111111111111111110000000000000000000000000000000000000000000111111111111110000000000000000000000000000000000
000000000000000000000000000000000011111111111111111111111110000000000000000000000000000000000000000001111111111111111000000000000000000000000000000000
000000000000000000000000000000000011111111111111111111111110000000000000000000000000000000000000000001111111111111111000000000000000000000000000000000
000000000000000000000000000000000011111111111111111111111111000000000000000000000000000000000000000001111111111111111000000000000000000000000000000000
000000000000000000000000000000000011111111111111111111111111000000000000000000000000000000000000000001111111111111111000000000000000000000000000000000
000000000000000000000000000000000011111111111111111111111111000000000000000000000000000000000000000011111111111111111000000000000000000000000000000000
000000000000000000000000000000000011111111111111111111111111000000000000000000000000000000000000000011111111111111111000000000000000000000000000000000
000000000000000000000000000000000111111111111111111111111111000000000000000000000000000000000000000011111111111111111000000000000000000000000000000000
000000000000000000000000000000000111111111111111111111111111000000000000000000000000000000000000000011111111111111111000000000000000000000000000000000
000000000000000000000000000000000111111111111111111111111111000000000000000000000000000000000000000111111111111111111100000000000000000000000000000000
000000000000000000000000000000000111111111111111111111111111000000000000000000000000000000000000000111111111111111111100000000000000000000000000000000
000000000000000000000000000000000111111111111111111111111111100000000000000000000000000000000000000111111111111111111100000000000000000000000000000000
000000000000000000000000000000000111111111111111111111111111100000000000000000000000000000000000000111111111111111111100000000000000000000000000000000
000000000000000000000000000000000111111111111111111111111111100000000000000000000000000000000000001111111111111111111110000000000000000000000000000000
000000000000000000000000000000000111111111111111111111111111100000000000000000000000000000000000001111111111111111111110000000000000000000000000000000
000000000000000000000000000000000111111111111111111111111111100000000000000000000000000000000000001111111111111111111110000000000000000000000000000000
000000000000000000000000000000000111111111111111111111111111100000000000000000000000000000000000001111111111111111111110000000000000000000000000000000
000000000000000000000000000000001111111111111111111111111111110000000000000000000000000000000000011111111111111111111111000000000000000000000000000000
000000000000000000000000000000001111111111111111111111111111110000000000000000000000000000000000011111111111111111111111000000000000000000000000000000
000000000000000000000000000000001111111111111111111111111111110000000000000000000000000000000000000001111111111111110000000000000000000000000000000000
000000000000000000000000000000001111111111111111111111111111110000000000000000000000000000000000000001111111111111110000000000000000000000000000000000
000000000000000000000000000000001111111111111111111111111111110000000000000000000000000000000000000000000111111111000000000000000000000000000000000000
000000000000000000000000000000001111111111111111111111111111110000000000000000000000000000000000000000000111111111000000000000000000000000000000000000
111111111111111111111111111111111111111111111111111111111111111111111111111111111111111111111111111111111111111111111111111111111111111111111111111111
111111111111111111111111111111111111111111111111111111111111111111111111111111111111111111111111111111111111111111111111111111111111111111111111111111
