000000000000000000000000000000000000000000000000000000000000000000000000000000000000000000000000000000000000000000000000000000000000000000000000000000
000000000000000000000000000000000000000000000000000000000000000000000000000000000000000000000000000000000000000000000000000000000000000000000000000000
000000000000000000000000000000000000000000000000000000000000000000000000000000000000000000000000000000000000000000000000000000000000000000000000000000
000000000000000000000000000000000000000000000000000000000000000000000000000000000000000000000000000000000000000000000000000000000000000000000000000000
000000000000000000000000000000000000000000000000000000000000000000000000000000000000000000000000000000000000000000000000000000000000000000000000000000
000000000000000000000000000000000000000000000000000000000000000000000000000000000000000000000000000000000000000000000000000000000000000000000000000000
000000000000000000000000000000000000000000000000000000000000000000000000000000000000000000000000000000000000000000000000000000000000000000000000000000
000000000000000000000000000000000000000000000000000000000000000000000000000000000000000000000000000000000000000000000000000000000000000000000000000000
000000000000000000000000000000000000000000000000000000000000000000000000000000000000000000000000000000000000000000000000000000000000000000000000000000
000000000000000000000000000000000000000000000000000000000000000000000000000000000000000000000000000000000000000000000000000000000000000000000000000000
000000000000000000000000000000000000000000000000000000000000000000000000000000000000000000000000000000000000000000000000000000000000000000000000000000
000000000000000000000000000000000000000000000000000000000000000000000000000000000000000000000000000000000000000000000000000000000000000000000000000000
000000000000000000000000000000000000000000000000000000000000000000000000000000000000000000000000000000000000000000000000000000000000000000000000000000
000000000000000000000000000000000000000000000000000000000000000000000000000000000000000000000000000000000000000000000000000000000000000000000000000000
000000000000000000000000000000000000000000000000000000000000000000000000000000000000000000000000000000000000000000000000000000000000000000000000000000
000000000000000000000000000000000000000000000000000000000000000000000000000000000000000000000000000000000000000000000000000000000000000000000000000000
000000000000000000000000000000000000000000000000000000000000000000000000000000000000000000000000000000000000000000000000000000000000000000000000000000
000000000000000000000000000000000000000000000000000000000000000000000000000000000000000000000000000000000000000000000000000000000000000000000000000000
000000000000000000000000000000000000000000000000000000000000000000000000000000000000000000000000000000000000000000000000000000000000000000000000000000
000000000000000000000000000000000000000000000000000000000000000000000000000000000000000000000000000000000000000000000000000000000000000000000000000000
000000000000000000000000000000000000000000000000000000000000000000000000000000000000000000000000000000000000000000000000000000000000000000000000000000
000000000000000000000000000000000000000000000000000000000000000000000000000000000000000000000000000000000000000000000000000000000000000000000000000000
000000000000000000000000000000000000000000001100000000000000000000000000000000000000000000000000000000000000000000000000000000000000000000000000000000
000000000000000000000000000000000000000000001100000000000000000000000000000000000000000000000000000000000000000000000000000000000000000000000000000000
000000000000000000000000000000000000000000111111111110000000000000000000000000000000000000000000000000000000000000000000000000000000000000000000000000
000000000000000000000000000000000000000000111111111110000000000000000000000000000000000000000000000000000000000000000000000000000000000000000000000000
000000000000000000000000000000000000000001111111111111110000000000000000000000000000000000000000000000000000000000000000000000000000000000000000000000
000000000000000000000000000000000000000001111111111111110000000000000000000000000000000000000000000000000000000000000000000000000000000000000000000000
000000000000000000000000000000000000000001111111111111111000000000000000000000000000000000000000000000000000000000000000000000000000000000000000000000
000000000000000000000000000000000000000001111111111111111000000000000000000000000000000000000000000000000000000000000000000000000000000000000000000000
000000000000000000000000000000000000000011111111111111111100000000000000000000000000000000000000000000000000000000000000000000000000000000000000000000
000000000000000000000000000000000000000011111111111111111100000000000000000000000000000000000000000000000000000000000000000000000000000000000000000000
000000000000000000000000000000000000000011111111111111111110000000000000000000000000000000000000000000000000000000000000000000000000000000000000000000
000000000000000000000000000000000000000011111111111111111110000000000000000000000000000000000000000000000000000000000000000000000000000000000000000000
000000000000000000000000000000000000000111111111111111111110000000000000000000000000000000000000000000000000000000000000000000000000000000000000000000
000000000000000000000000000000000000000111111111111111111110000000000000000000000000000000000000000000000000000000000000000000000000000000000000000000
000000000000000000000000000000000000000111111111111111111111000000000000000000000000000000000000000000000000000000000000000000000000000000000000000000
000000000000000000000000000000000000000111111111111111111111000000000000000000000000000000000000000000000000000000000000000000000000000000000000000000
000000000000000000000000000000000000000001111111111111111110000000000000000000000000000000000000000000000000000000000000000000000000000000000000000000
000000000000000000000000000000000000000001111111111111111110000000000000000000000000000000000000000000000000000000000000000000000000000000000000000000
000000000000000000000000000000000000000000001111111110101010000000000000000000000000000000000000000000000000000000000000000000000000000000000000000000
000000000000000000000000000000000000000000001111111110101010000000000000000000000000000000000000000000000000000000000000000000000000000000000000000000
000000000000000000000000000000000000000000011111111100000000000000000000000000000000000000000000000000000000000000000000000000000000000000000000000000
000000000000000000000000000000000000000000011111111100000000000000000000000000000000000000000000000000000000000000000000000000000000000000000000000000
000000000000000000000000000000000000000000011111111110000000000000000000000000000000000000000000000000000000000000000000000000000000000000000000000000
000000000000000000000000000000000000000000011111111110000000000000000000000000000000000000000000000000000000000000000000000000000000000000000000000000
000000000000000000000000000000000000000001111111111111000000000000000000000000000000000000000000000000011111110000000000000000000000000000000000000000
000000000000000000000000000000000000000001111111111111000000000000000000000000000000000000000000000000011111110000000000000000000000000000000000000000
000000000000000000000000000000000000000111111111111111100000000000000000000000000000000000000000000111111111111000000000000000000000000000000000000000
000000000000000000000000000000000000000111111111111111100000000000000000000000000000000000000000000111111111111000000000000000000000000000000000000000
000000000000000000000000000000000000001111111111111111100000000000000000000000000000000000000000000111111111111000000000000000000000000000000000000000
000000000000000000000000000000000000001111111111111111100000000000000000000000000000000000000000000111111111111000000000000000000000000000000000000000
000000000000000000000000000000000000001111111111111111000000000000000000000000000000000000000000111111111111111111110000000000000000000000000000000000
000000000000000000000000000000000000001111111111111111000000000000000000000000000000000000000000111111111111111111110000000000000000000000000000000000
000000000000000000000000000000000000001111111111111111100000000000000000000000000000000000000011111111111111111111111110000000000000000000000000000000
000000000000000000000000000000000000001111111111111111100000000000000000000000000000000000000011111111111111111111111110000000000000000000000000000000
000000000000000000000000000000000000000011111111111111000000000000000000000000000000000000001111111111111111111111111111000000000000000000000000000000
000000000000000000000000000000000000000011111111111111000000000000000000000000000000000000001111111111111111111111111111000000000000000000000000000000
000000000000000000000000000000000000000011111111111111000000000000000000000000000000000000011111111111111111111111111111000000000000000000000000000000
000000000000000000000000000000000000000011111111111111000000000000000000000000000000000000011111111111111111111111111111000000000000000000000000000000
000000000000000000000000000000000000000011111111111111100000000000000000000000000000000000011111111111111111111111111111000000000000000000000000000000
000000000000000000000000000000000000000011111111111111100000000000000000000000000000000000011111111111111111111111111111000000000000000000000000000000
000000000000000000000000000000000000000111111111111111100000000000000000000000000000000000001111111111111111111111111110000000000000000000000000000000
000000000000000000000000000000000000000111111111111111100000000000000000000000000000000000001111111111111111111111111110000000000000000000000000000000
000000000000000000000000000000000000001111111111111111000000000000000000000000000000000000000011111111111111111111110000000000000000000000000000000000
000000000000000000000000000000000000001111111111111111000000000000000000000000000000000000000011111111111111111111110000000000000000000000000000000000
000000000000000000000000000000000000001111111111111110000000000000000000000000000000000000000000000011111111111110000000000000000000000000000000000000
000000000000000000000000000000000000001111111111111110000000000000000000000000000000000000000000000011111111111110000000000000000000000000000000000000
000000000000000000000000000000000000011111111111111100000000000000000000000000000000000000000000000011111111111100000000000000000000000000000000000000
000000000000000000000000000000000000011111111111111100000000000000000000000000000000000000000000000011111111111100000000000000000000000000000000000000
000000000000000000000000000000000000111111111111111110000000000000000000000000000000000000000000000111111111111110000000000000000000000000000000000000
000000000000000000000000000000000000111111111111111110000000000000000000000000000000000000000000000111111111111110000000000000000000000000000000000000
000000000000000000000000000000000000111111111111111110000000000000000000000000000000000000000000001111111111111111000000000000000000000000000000000000
000000000000000000000000000000000000111111111111111110000000000000000000000000000000000000000000001111111111111111000000000000000000000000000000000000
000000000000000000000000000000000001111111111111111111000000000000000000000000000000000000000000111111111111111111100000000000000000000000000000000000
000000000000000000000000000000000001111111111111111111000000000000000000000000000000000000000000111111111111111111100000000000000000000000000000000000
000000000000000000000000000000000011111111111111111111100000000000000000000000000000000000000000111101111111111111110000000000000000000000000000000000
000000000000000000000000000000000011111111111111111111100000000000000000000000000000000000000000111101111111111111110000000000000000000000000000000000
000000000000000000000000000000000001111111111111111111100000000000000000000000000000000000000001111000111111111111111000000000000000000000000000000000
000000000000000000000000000000000001111111111111111111100000000000000000000000000000000000000001111000111111111111111000000000000000000000000000000000
000000000000000000000000000000000001111111111111111111110000000000000000000000000000000000111111111000111111111111111111111100000000000000000000000000
000000000000000000000000000000000001111111111111111111110000000000000000000000000000000000111111111000111111111111111111111100000000000000000000000000
000000000000000000000000000000000011111111111111111111110000000000000000000000000000000001111111111000011111111111111111111111000000000000000000000000
000000000000000000000000000000000011111111111111111111110000000000000000000000000000000001111111111000011111111111111111111111000000000000000000000000
000000000000000000000000000000000011111111111111111111111000000000000000000000000000000001111111110000111111111111001111111111110000000000000000000000
000000000000000000000000000000000011111111111111111111111000000000000000000000000000000001111111110000111111111111001111111111110000000000000000000000
000000000000000000000000000000000011111111111111111111111000000000000000000000000000000111111111000000111111111111100001111111111000000000000000000000
000000000000000000000000000000000011111111111111111111111000000000000000000000000000000111111111000000111111111111100001111111111000000000000000000000
000000000000000000000000000000000011111111111111111111111100000000000000000000000000000111001100000000111111111111100000011001111100000000000000000000
000000000000000000000000000000000011111111111111111111111100000000000000000000000000000111001100000000111111111111100000011001111100000000000000000000
000000000000000000000000000000000011111111111111111111111100000000000000000000000000000011000000000001111111111111100000000000011000000000000000000000
000000000000000000000000000000000011111111111111111111111100000000000000000000000000000011000000000001111111111111100000000000011000000000000000000000
000000000000000000000000000000000111111111111111111111111110000000000000000000000000000000000000000011111111111111110000000000000000000000000000000000
000000000000000000000000000000000111111111111111111111111110000000000000000000000000000000000000000011111111111111110000000000000000000000000000000000
000000000000000000000000000000000111111111111111111111111110000000000000000000000000000000000000000011111111111111110000000000000000000000000000000000
000000000000000000000000000000000111111111111111111111111110000000000000000000000000000000000000000011111111111111110000000000000000000000000000000000
000000000000000000000000000000001111111111111111111111111110000000000000000000000000000000000000000111111111111111110000000000000000000000000000000000
000000000000000000000000000000001111111111111111111111111110000000000000000000000000000000000000000111111111111111110000000000000000000000000000000000
000000000000000000000000000000001111111111111111111111111110000000000000000000000000000000000000000111111111111111111000000000000000000000000000000000
000000000000000000000000000000001111111111111111111111111110000000000000000000000000000000000000000111111111111111111000000000000000000000000000000000
000000000000000000000000000000001111111111111111111111111110000000000000000000000000000000000000000111111111111111111000000000000000000000000000000000
000000000000000000000000000000001111111111111111111111111110000000000000000000000000000000000000000111111111111111111000000000000000000000000000000000
000000000000000000000000000000001111111111111111111111111111000000000000000000000000000000000000001111111111111111111100000000000000000000000000000000
000000000000000000000000000000001111111111111111111111111111000000000000000000000000000000000000001111111111111111111100000000000000000000000000000000
000000000000000000000000000000001111111111111111111111111111000000000000000000000000000000000000001111111111111111111100000000000000000000000000000000
000000000000000000000000000000001111111111111111111111111111000000000000000000000000000000000000001111111111111111111100000000000000000000000000000000
000000000000000000000000000000001111111111111111111111111111000000000000000000000000000000000000001111111111111111111110000000000000000000000000000000
000000000000000000000000000000001111111111111111111111111111000000000000000000000000000000000000001111111111111111111110000000000000000000000000000000
000000000000000000000000000000001111111111111111111111111111100000000000000000000000000000000000011111111111111111111111000000000000000000000000000000
000000000000000000000000000000001111111111111111111111111111100000000000000000000000000000000000011111111111111111111111000000000000000000000000000000
000000000000000000000000000000001111111111111111111111111111100000000000000000000000000000000000000000011111111111100000000000000000000000000000000000
000000000000000000000000000000001111111111111111111111111111100000000000000000000000000000000000000000011111111111100000000000000000000000000000000000
000000000000000000000000000000011111111111111111111111111111100000000000000000000000000000000000000000011111111111000000000000000000000000000000000000
000000000000000000000000000000011111111111111111111111111111100000000000000000000000000000000000000000011111111111000000000000000000000000000000000000
111111111111111111111111111111111111111111111111111111111111111111111111111111111111111111111111111111111111111111111111111111111111111111111111111111
111111111111111111111111111111111111111111111111111111111111111111111111111111111111111111111111111111111111111111111111111111111111111111111111111111
