000000000000000000000000000000000000000000000000000000000000000000000000000000000000000000000000000000000000000000000000000000000000000000000000000000
000000000000000000000000000000000000000000000000000000000000000000000000000000000000000000000000000000000000000000000000000000000000000000000000000000
000000000000000000000000000000000000000000000000000000000000000000000000000000000000000000000000000000000000000000000000000000000000000000000000000000
000000000000000000000000000000000000000000000000000000000000000000000000000000000000000000000000000000000000000000000000000000000000000000000000000000
000000000000000000000000000000000000000000000000000000000000000000000000000000000000000000000000000000000000000000000000000000000000000000000000000000
000000000000000000000000000000000000000000000000000000000000000000000000000000000000000000000000000000000000000000000000000000000000000000000000000000
000000000000000000000000000000000000000000000000000000000000000000000000000000000000000000000000000000000000000000000000000000000000000000000000000000
000000000000000000000000000000000000000000000000000000000000000000000000000000000000000000000000000000000000000000000000000000000000000000000000000000
000000000000000000000000000000000000000000000000000000000000000000000000000000000000000000000000000000000000000000000000000000000000000000000000000000
000000000000000000000000000000000000000000000000000000000000000000000000000000000000000000000000000000000000000000000000000000000000000000000000000000
000000000000000000000000000000000000000000000000000000000000000000000000000000000000000000000000000000000000000000000000000000000000000000000000000000
000000000000000000000000000000000000000000000000000000000000000000000000000000000000000000000000000000000000000000000000000000000000000000000000000000
000000000000000000000000000000000000000000000000000000000000000000000000000000000000000000000000000000000000000000000000000000000000000000000000000000
000000000000000000000000000000000000000000000000000000000000000000000000000000000000000000000000000000000000000000000000000000000000000000000000000000
000000000000000000000000000000000000000000000000000000000000000000000000000000000000000000000000000000000000000000000000000000000000000000000000000000
000000000000000000000000000000000000000000000000000000000000000000000000000000000000000000000000000000000000000000000000000000000000000000000000000000
000000000000000000000000000000000000000000000000000000000000000000000000000000000000000000000000000000000000000000000000000000000000000000000000000000
000000000000000000000000000000000000000000000000000000000000000000000000000000000000000000000000000000000000000000000000000000000000000000000000000000
000000000000000000000000000000000000000000000000000000000000000000000000000000000000000000000000000000000000000000000000000000000000000000000000000000
000000000000000000000000000000000000000000000000000000000000000000000000000000000000000000000000000000000000000000000000000000000000000000000000000000
000000000000000000000000000000000000000000011111111000000000000000000000000000000000000000000000000000000000000000000000000000000000000000000000000000
000000000000000000000000000000000000000000011111111000000000000000000000000000000000000000000000000000000000000000000000000000000000000000000000000000
000000000000000000000000000000000000000011111111111111100000000000000000000000000000000000000000000000000000000000000000000000000000000000000000000000
000000000000000000000000000000000000000011111111111111100000000000000000000000000000000000000000000000000000000000000000000000000000000000000000000000
000000000000000000000000000000000000000111111111111111111000000000000000000000000000000000000000000000000000000000000000000000000000000000000000000000
000000000000000000000000000000000000000111111111111111111000000000000000000000000000000000000000000000000000000000000000000000000000000000000000000000
000000000000000000000000000000000000000111111111111111111111000000000000000000000000000000000000000000000000000000000000000000000000000000000000000000
000000000000000000000000000000000000000111111111111111111111000000000000000000000000000000000000000000000000000000000000000000000000000000000000000000
000000000000000000000000000000000000000111111111111111111111000000000000000000000000000000000000000000000000000000000000000000000000000000000000000000
000000000000000000000000000000000000000111111111111111111111000000000000000000000000000000000000000000000000000000000000000000000000000000000000000000
000000000000000000000000000000000000000111111111111111111111100000000000000000000000000000000000000000000000000000000000000000000000000000000000000000
000000000000000000000000000000000000000111111111111111111111100000000000000000000000000000000000000000000000000000000000000000000000000000000000000000
000000000000000000000000000000000000001111111111111111111111100000000000000000000000000000000000000000000000000000000000000000000000000000000000000000
000000000000000000000000000000000000001111111111111111111111100000000000000000000000000000000000000000000000000000000000000000000000000000000000000000
000000000000000000000000000000000000011111111111111111111111110000000000000000000000000000000000000000000000000000000000000000000000000000000000000000
000000000000000000000000000000000000011111111111111111111111110000000000000000000000000000000000000000000000000000000000000000000000000000000000000000
000000000000000000000000000000000000111111111111111111111111110000000000000000000000000000000000000000000000000000000000000000000000000000000000000000
000000000000000000000000000000000000111111111111111111111111110000000000000000000000000000000000000000000000000000000000000000000000000000000000000000
000000000000000000000000000000000000111111111111111111111111110000000000000000000000000000000000000000000000000000000000000000000000000000000000000000
000000000000000000000000000000000000111111111111111111111111110000000000000000000000000000000000000000000000000000000000000000000000000000000000000000
000000000000000000000000000000000000000011111111111111111111000000000000000000000000000000000000000000000111111111100000000000000000000000000000000000
000000000000000000000000000000000000000011111111111111111111000000000000000000000000000000000000000000000111111111100000000000000000000000000000000000
000000000000000000000000000000000000000000000111111111011100000000000000000000000000000000000000000000001111111111111000000000000000000000000000000000
000000000000000000000000000000000000000000000111111111011100000000000000000000000000000000000000000000001111111111111000000000000000000000000000000000
000000000000000000000000000000000000000001111111111111000000000000000000000000000000000000000000000000001111111111111100000000000000000000000000000000
000000000000000000000000000000000000000001111111111111000000000000000000000000000000000000000000000000001111111111111100000000000000000000000000000000
000000000000000000000000000000000000000000111111111111111000000000000000000000000000000000000000000000011111111111111100000000000000000000000000000000
000000000000000000000000000000000000000000111111111111111000000000000000000000000000000000000000000000011111111111111100000000000000000000000000000000
000000000000000000000000000000000000000011111111111111111110000000000000000000000000000000001111111111111111111111111000000000000000000000000000000000
000000000000000000000000000000000000000011111111111111111110000000000000000000000000000000001111111111111111111111111000000000000000000000000000000000
000000000000000000000000000000000000000111111111111111111111000000000000000000000000000000011111111111111111111111111000000000000000000000000000000000
000000000000000000000000000000000000000111111111111111111111000000000000000000000000000000011111111111111111111111111000000000000000000000000000000000
000000000000000000000000000000000000011111111111111111111111100000000000000000000000000000001111111111111111111111110000000000000000000000000000000000
000000000000000000000000000000000000011111111111111111111111100000000000000000000000000000001111111111111111111111110000000000000000000000000000000000
000000000000000000000000000000000000111111111111111111111111110000000000000000000000000000000011111111111111111111111100000000000000000000000000000000
000000000000000000000000000000000000111111111111111111111111110000000000000000000000000000000011111111111111111111111100000000000000000000000000000000
000000000000000000000000000000000001111111111111111111111111111000000000000000000000000000000000001111111111111111111111100000000000000000000000000000
000000000000000000000000000000000001111111111111111111111111111000000000000000000000000000000000001111111111111111111111100000000000000000000000000000
000000000000000000000000000000000011111111111111111111111111111110000000000000000000000000000000001111111111111111111111110000000000000000000000000000
000000000000000000000000000000000011111111111111111111111111111110000000000000000000000000000000001111111111111111111111110000000000000000000000000000
000000000000000000000000000000000001111111111111111110011111111111000000000000000000000000000000000111111111111111111111111100000000000000000000000000
000000000000000000000000000000000001111111111111111110011111111111000000000000000000000000000000000111111111111111111111111100000000000000000000000000
000000000000000000000000000000000000001111111111111100000001111111110000000000000000000000000000000111111111111111111111111000000000000000000000000000
000000000000000000000000000000000000001111111111111100000001111111110000000000000000000000000000000111111111111111111111111000000000000000000000000000
000000000000000000000000000000000000001111111111111100000001111111110000000000000000000000000000000111111111111110000000000000000000000000000000000000
000000000000000000000000000000000000001111111111111100000001111111110000000000000000000000000000000111111111111110000000000000000000000000000000000000
000000000000000000000000000000000000001111111111111100000011111111100000000000000000000000000000000011111111111100000000000000000000000000000000000000
000000000000000000000000000000000000001111111111111100000011111111100000000000000000000000000000000011111111111100000000000000000000000000000000000000
000000000000000000000000000000000000001111111111111100000111111111000000000000000000000000000000011111111111111100000000000000000000000000000000000000
000000000000000000000000000000000000001111111111111100000111111111000000000000000000000000000000011111111111111100000000000000000000000000000000000000
000000000000000000000000000000000000011111111111111100001111111110000000000000000000000000000000111111111111111110000000000000000000000000000000000000
000000000000000000000000000000000000011111111111111100001111111110000000000000000000000000000000111111111111111110000000000000000000000000000000000000
000000000000000000000000000000000000111111111111111000011111111100000000000000000000000000000001111111111111111110000000000000000000000000000000000000
000000000000000000000000000000000000111111111111111000011111111100000000000000000000000000000001111111111111111110000000000000000000000000000000000000
000000000000000000000000000000000001111111111111111001111111111000000000000000000000000000000011111111111111111111100000000000000000000000000000000000
000000000000000000000000000000000001111111111111111001111111111000000000000000000000000000000011111111111111111111100000000000000000000000000000000000
000000000000000000000000000000000001111111111111111001111111110000000000000000000000000000000111110111111111111111100000000000000000000000000000000000
000000000000000000000000000000000001111111111111111001111111110000000000000000000000000000000111110111111111111111100000000000000000000000000000000000
000000000000000000000000000000000011111111111111111111111111100000000000000000000000000000001111100111111111111011110000000000000000000000000000000000
000000000000000000000000000000000011111111111111111111111111100000000000000000000000000000001111100111111111111011110000000000000000000000000000000000
000000000000000000000000000000000111111111111111111111111110000000000000000000000000000000011111000111111111111011111000000000000000000000000000000000
000000000000000000000000000000000111111111111111111111111110000000000000000000000000000000011111000111111111111011111000000000000000000000000000000000
000000000000000000000000000000001111111111111111111111111000000000000000000000000000000000011111110111111111111111111100000000000000000000000000000000
000000000000000000000000000000001111111111111111111111111000000000000000000000000000000000011111110111111111111111111100000000000000000000000000000000
000000000000000000000000000000001111111111111111111111110000000000000000000000000000000000011111111111111111111111111110000000000000000000000000000000
000000000000000000000000000000001111111111111111111111110000000000000000000000000000000000011111111111111111111111111110000000000000000000000000000000
000000000000000000000000000000011111111111111111111111110000000000000000000000000000000000111111111111111111111111111111000000000000000000000000000000
000000000000000000000000000000011111111111111111111111110000000000000000000000000000000000111111111111111111111111111111000000000000000000000000000000
000000000000000000000000000000001111111111111111111111110000000000000000000000000000000000111111111111111111111111111111000000000000000000000000000000
000000000000000000000000000000001111111111111111111111110000000000000000000000000000000000111111111111111111111111111111000000000000000000000000000000
000000000000000000000000000000011111111111111111111111111000000000000000000000000000000000111111111111111111111111111111000000000000000000000000000000
000000000000000000000000000000011111111111111111111111111000000000000000000000000000000000111111111111111111111111111111000000000000000000000000000000
000000000000000000000000000000011111111111111111111111111000000000000000000000000000000000001111111111111111111100001110000000000000000000000000000000
000000000000000000000000000000011111111111111111111111111000000000000000000000000000000000001111111111111111111100001110000000000000000000000000000000
000000000000000000000000000000011111111111111111111111111100000000000000000000000000000000001110111111111111111110111100000000000000000000000000000000
000000000000000000000000000000011111111111111111111111111100000000000000000000000000000000001110111111111111111110111100000000000000000000000000000000
000000000000000000000000000000111111111111111111111111111100000000000000000000000000000000000001111111111111111111000000000000000000000000000000000000
000000000000000000000000000000111111111111111111111111111100000000000000000000000000000000000001111111111111111111000000000000000000000000000000000000
000000000000000000000000000000111111111111111111111111111110000000000000000000000000000000000000111111111111111111000000000000000000000000000000000000
000000000000000000000000000000111111111111111111111111111110000000000000000000000000000000000000111111111111111111000000000000000000000000000000000000
000000000000000000000000000000111111111111111111111111111110000000000000000000000000000000000001111111111111111111100000000000000000000000000000000000
000000000000000000000000000000111111111111111111111111111110000000000000000000000000000000000001111111111111111111100000000000000000000000000000000000
000000000000000000000000000001111111111111111111111111111111000000000000000000000000000000000001111111111111111111110000000000000000000000000000000000
000000000000000000000000000001111111111111111111111111111111000000000000000000000000000000000001111111111111111111110000000000000000000000000000000000
000000000000000000000000000001111111111111111111111111111111000000000000000000000000000000000000111111111111111111110000000000000000000000000000000000
000000000000000000000000000001111111111111111111111111111111000000000000000000000000000000000000111111111111111111110000000000000000000000000000000000
000000000000000000000000000011111111111111111111111111111111000000000000000000000000000000000000111111111111111111111000000000000000000000000000000000
000000000000000000000000000011111111111111111111111111111111000000000000000000000000000000000000111111111111111111111000000000000000000000000000000000
000000000000000000000000000011111111111111111111111111111111000000000000000000000000000000000000111111111111111111111100000000000000000000000000000000
000000000000000000000000000011111111111111111111111111111111000000000000000000000000000000000000111111111111111111111100000000000000000000000000000000
000000000000000000000000000111111111111111111111111111111111000000000000000000000000000000000001111111111111111111111110000000000000000000000000000000
000000000000000000000000000111111111111111111111111111111111000000000000000000000000000000000001111111111111111111111110000000000000000000000000000000
000000000000000000000000000111111111111111111111111111111111000000000000000000000000000000000001111111111111111111111110000000000000000000000000000000
000000000000000000000000000111111111111111111111111111111111000000000000000000000000000000000001111111111111111111111110000000000000000000000000000000
111111111111111111111111111111111111111111111111111111111111111111111111111111111111111111111111111111111111111111111111111111111111111111111111111111
111111111111111111111111111111111111111111111111111111111111111111111111111111111111111111111111111111111111111111111111111111111111111111111111111111
