000000000000000000000000000000000000000000000000000000000000000000000000000000000000000000000000000000000000000000000000000000000000000000000000000000
000000000000000000000000000000000000000000000000000000000000000000000000000000000000000000000000000000000000000000000000000000000000000000000000000000
000000000000000000000000000000000000000000000000000000000000000000000000000000000000000000000000000000000000000000000000000000000000000000000000000000
000000000000000000000000000000000000000000000000000000000000000000000000000000000000000000000000000000000000000000000000000000000000000000000000000000
000000000000000000000000000000000000000000000000000000000000000000000000000000000000000000000000000000000000000000000000000000000000000000000000000000
000000000000000000000000000000000000000000000000000000000000000000000000000000000000000000000000000000000000000000000000000000000000000000000000000000
000000000000000000000000000000000000000000000000000000000000000000000000000000000000000000000000000000000000000000000000000000000000000000000000000000
000000000000000000000000000000000000000000000000000000000000000000000000000000000000000000000000000000000000000000000000000000000000000000000000000000
000000000000000000000000000000000000000000000000000000000000000000000000000000000000000000000000000000000000000000000000000000000000000000000000000000
000000000000000000000000000000000000000000000000000000000000000000000000000000000000000000000000000000000000000000000000000000000000000000000000000000
000000000000000000000000000000000000000000000000000000000000000000000000000000000000000000000000000000000000000000000000000000000000000000000000000000
000000000000000000000000000000000000000000000000000000000000000000000000000000000000000000000000000000000000000000000000000000000000000000000000000000
000000000000000000000000000000000000000000000000000000000000000000000000000000000000000000000000000000000000000000000000000000000000000000000000000000
000000000000000000000000000000000000000000000000000000000000000000000000000000000000000000000000000000000000000000000000000000000000000000000000000000
000000000000000000000000000000000000000000011110000000000000000000000000000000000000000000000000000000000000000000000000000000000000000000000000000000
000000000000000000000000000000000000000000011110000000000000000000000000000000000000000000000000000000000000000000000000000000000000000000000000000000
000000000000000000000000000000000000000011111111111111111000000000000000000000000000000000000000000000000000000000000000000000000000000000000000000000
000000000000000000000000000000000000000011111111111111111000000000000000000000000000000000000000000000000000000000000000000000000000000000000000000000
000000000000000000000000000000000000000011111111111111111111000000000000000000000000000000000000000000000000000000000000000000000000000000000000000000
000000000000000000000000000000000000000011111111111111111111000000000000000000000000000000000000000000000000000000000000000000000000000000000000000000
000000000000000000000000000000000000000111111111111111111111110000000000000000000000000000000000000000000000000000000000000000000000000000000000000000
000000000000000000000000000000000000000111111111111111111111110000000000000000000000000000000000000000000000000000000000000000000000000000000000000000
000000000000000000000000000000000000001111111111111111111111111000000000000000000000000000000000000000000000000000000000000000000000000000000000000000
000000000000000000000000000000000000001111111111111111111111111000000000000000000000000000000000000000000000000000000000000000000000000000000000000000
000000000000000000000000000000000000000111111111111111111111111100000000000000000000000000000000000000000000000000000000000000000000000000000000000000
000000000000000000000000000000000000000111111111111111111111111100000000000000000000000000000000000000000000000000000000000000000000000000000000000000
000000000000000000000000000000000000000111111111111111111111111110000000000000000000000000000000000000000000000000000000000000000000000000000000000000
000000000000000000000000000000000000000111111111111111111111111110000000000000000000000000000000000000000000000000000000000000000000000000000000000000
000000000000000000000000000000000000000111111111111111111111111111000000000000000000000000000000000000000000000000000000000000000000000000000000000000
000000000000000000000000000000000000000111111111111111111111111111000000000000000000000000000000000000000000000000000000000000000000000000000000000000
000000000000000000000000000000000000001111111111111111111111111111000000000000000000000000000000000000000000000000000000000000000000000000000000000000
000000000000000000000000000000000000001111111111111111111111111111000000000000000000000000000000000000000000000000000000000000000000000000000000000000
000000000000000000000000000000000000001111111111111111111111111111100000000000000000000000000000000000000000000000000000000000000000000000000000000000
000000000000000000000000000000000000001111111111111111111111111111100000000000000000000000000000000000000000000000000000000000000000000000000000000000
000000000000000000000000000000000000011111111111111111111111111111000000000000000000000000000000000000000000000000000000000000000000000000000000000000
000000000000000000000000000000000000011111111111111111111111111111000000000000000000000000000000000000000000000000000000000000000000000000000000000000
000000000000000000000000000000000000111111111111111111111111111111000000000000000000000000000000000111111111111000000000000000000000000000000000000000
000000000000000000000000000000000000111111111111111111111111111111000000000000000000000000000000000111111111111000000000000000000000000000000000000000
000000000000000000000000000000000000010011111111111111111111111110000000000000000000000000000000000111111111111111100000000000000000000000000000000000
000000000000000000000000000000000000010011111111111111111111111110000000000000000000000000000000000111111111111111100000000000000000000000000000000000
000000000000000000000000000000000000000000111111111111111001100000000000000000000000000000000000000011111111111111110000000000000000000000000000000000
000000000000000000000000000000000000000000111111111111111001100000000000000000000000000000000000000011111111111111110000000000000000000000000000000000
000000000000000000000000000000000000000000011111111111111100000000000000000000000000000000000000000111111111111111100000000000000000000000000000000000
000000000000000000000000000000000000000000011111111111111100000000000000000000000000000000000000000111111111111111100000000000000000000000000000000000
000000000000000000000000000000000000000000011111111111111111000000000000000000000000000000000000001111111111111110000000000000000000000000000000000000
000000000000000000000000000000000000000000011111111111111111000000000000000000000000000000000000001111111111111110000000000000000000000000000000000000
000000000000000000000000000000000000000000001111111111111111111000000000000000000000001111111111111111111111111110000000000000000000000000000000000000
000000000000000000000000000000000000000000001111111111111111111000000000000000000000001111111111111111111111111110000000000000000000000000000000000000
000000000000000000000000000000000000000001111111111111111111111110000000000000000000111111111111111111111111111110000000000000000000000000000000000000
000000000000000000000000000000000000000001111111111111111111111110000000000000000000111111111111111111111111111110000000000000000000000000000000000000
000000000000000000000000000000000000000111111111111111111111111110000000000000000001111111111111111111111111111111110000000000000000000000000000000000
000000000000000000000000000000000000000111111111111111111111111110000000000000000001111111111111111111111111111111110000000000000000000000000000000000
000000000000000000000000000000000000001111111111111111111111111111100000000000000000011111111111111111111111111111111111000000000000000000000000000000
000000000000000000000000000000000000001111111111111111111111111111100000000000000000011111111111111111111111111111111111000000000000000000000000000000
000000000000000000000000000000000000011111111111111111111111111111111000000000000000000111111111111111111111111111111111110000000000000000000000000000
000000000000000000000000000000000000011111111111111111111111111111111000000000000000000111111111111111111111111111111111110000000000000000000000000000
000000000000000000000000000000000001111111111111111111111111111111111000000000000000000000011111111111111111111111111111111100000000000000000000000000
000000000000000000000000000000000001111111111111111111111111111111111000000000000000000000011111111111111111111111111111111100000000000000000000000000
000000000000000000000000000000000011111111111111111111111111111111111110000000000000000000000011111111111111111111111111111100000000000000000000000000
000000000000000000000000000000000011111111111111111111111111111111111110000000000000000000000011111111111111111111111111111100000000000000000000000000
000000000000000000000000000000000011111111111111111111111111111111111111100000000000000000000111111111111111111111111111111100000000000000000000000000
000000000000000000000000000000000011111111111111111111111111111111111111100000000000000000000111111111111111111111111111111100000000000000000000000000
000000000000000000000000000000000000111111111111111111110000001111111111110000000000000000000011111111111111110000000000000000000000000000000000000000
000000000000000000000000000000000000111111111111111111110000001111111111110000000000000000000011111111111111110000000000000000000000000000000000000000
000000000000000000000000000000000000000111111111111111100000000001111111110000000000000000000111111111111111111000000000000000000000000000000000000000
000000000000000000000000000000000000000111111111111111100000000001111111110000000000000000000111111111111111111000000000000000000000000000000000000000
000000000000000000000000000000000000000111111111111111100000000011111111110000000000000000000001111111111111110000000000000000000000000000000000000000
000000000000000000000000000000000000000111111111111111100000000011111111110000000000000000000001111111111111110000000000000000000000000000000000000000
000000000000000000000000000000000000001111111111111111000000000111111111100000000000000000000111111111111111110000000000000000000000000000000000000000
000000000000000000000000000000000000001111111111111111000000000111111111100000000000000000000111111111111111110000000000000000000000000000000000000000
000000000000000000000000000000000000001111111111111110000000001111111111000000000000000000001111111111111111111000000000000000000000000000000000000000
000000000000000000000000000000000000001111111111111110000000001111111111000000000000000000001111111111111111111000000000000000000000000000000000000000
000000000000000000000000000000000000001111111111111110000000011111111110000000000000000000011111111111111111111000000000000000000000000000000000000000
000000000000000000000000000000000000001111111111111110000000011111111110000000000000000000011111111111111111111000000000000000000000000000000000000000
000000000000000000000000000000000000011111111111111110000001111111111100000000000000000000111111111111111111111100000000000000000000000000000000000000
000000000000000000000000000000000000011111111111111110000001111111111100000000000000000000111111111111111111111100000000000000000000000000000000000000
000000000000000000000000000000000000111111111111111110000011111111111000000000000000000001111111111111111111111110000000000000000000000000000000000000
000000000000000000000000000000000000111111111111111110000011111111111000000000000000000001111111111111111111111110000000000000000000000000000000000000
000000000000000000000000000000000011111111111111111111000111111111110000000000000000000001111101111111111111111111000000000000000000000000000000000000
000000000000000000000000000000000011111111111111111111000111111111110000000000000000000001111101111111111111111111000000000000000000000000000000000000
000000000000000000000000000000000001111111111111111111000111111111110000000000000000000111111001111111111111111111100000000000000000000000000000000000
000000000000000000000000000000000001111111111111111111000111111111110000000000000000000111111001111111111111111111100000000000000000000000000000000000
000000000000000000000000000000000011111111111111111111111111111111100000000000000000001111110000111111111111111111111110000000000000000000000000000000
000000000000000000000000000000000011111111111111111111111111111111100000000000000000001111110000111111111111111111111110000000000000000000000000000000
000000000000000000000000000000000011111111111111111111111111111110000000000000000000011111110000111111111111111111111111110000000000000000000000000000
000000000000000000000000000000000011111111111111111111111111111110000000000000000000011111110000111111111111111111111111110000000000000000000000000000
000000000000000000000000000000001111111111111111111111111111111100000000000000000000111111110000111111111111111111111111111110000000000000000000000000
000000000000000000000000000000001111111111111111111111111111111100000000000000000000111111110000111111111111111111111111111110000000000000000000000000
000000000000000000000000000000001111111111111111111111111111110000000000000000000001111111110000111111111111111001111111111110000000000000000000000000
000000000000000000000000000000001111111111111111111111111111110000000000000000000001111111110000111111111111111001111111111110000000000000000000000000
000000000000000000000000000000001111111111111111111111111111000000000000000000000011111111110001111111111111111000011111111110000000000000000000000000
000000000000000000000000000000001111111111111111111111111111000000000000000000000011111111110001111111111111111000011111111110000000000000000000000000
000000000000000000000000000000011111111111111111111111111110000000000000000000000111111111110001111111111111111000000111111110000000000000000000000000
000000000000000000000000000000011111111111111111111111111110000000000000000000000111111111110001111111111111111000000111111110000000000000000000000000
000000000000000000000000000000111111111111111111111111111111000000000000000000000111111111110011111111111111111000000000001110000000000000000000000000
000000000000000000000000000000111111111111111111111111111111000000000000000000000111111111110011111111111111111000000000001110000000000000000000000000
000000000000000000000000000000111111111111111111111111111111000000000000000000000011111111110011111111111111111100000000111100000000000000000000000000
000000000000000000000000000000111111111111111111111111111111000000000000000000000011111111110011111111111111111100000000111100000000000000000000000000
000000000000000000000000000000011111111111111111111111111111100000000000000000000001111111100111111111111111111100000000000000000000000000000000000000
000000000000000000000000000000011111111111111111111111111111100000000000000000000001111111100111111111111111111100000000000000000000000000000000000000
000000000000000000000000000000111111111111111111111111111111100000000000000000000001111110001111111111111111111110000000000000000000000000000000000000
000000000000000000000000000000111111111111111111111111111111100000000000000000000001111110001111111111111111111110000000000000000000000000000000000000
000000000000000000000000000000111111111111111111111111111111110000000000000000000000011111001111111111111111111110000000000000000000000000000000000000
000000000000000000000000000000111111111111111111111111111111110000000000000000000000011111001111111111111111111110000000000000000000000000000000000000
000000000000000000000000000000111111111111111111111111111111110000000000000000000000000000001111111111111111111111000000000000000000000000000000000000
000000000000000000000000000000111111111111111111111111111111110000000000000000000000000000001111111111111111111111000000000000000000000000000000000000
000000000000000000000000000001111111111111111111111111111111111000000000000000000000000000011111111111111111111111100000000000000000000000000000000000
000000000000000000000000000001111111111111111111111111111111111000000000000000000000000000011111111111111111111111100000000000000000000000000000000000
000000000000000000000000000001111111111111111111111111111111111000000000000000000000000000011111111111111111111111110000000000000000000000000000000000
000000000000000000000000000001111111111111111111111111111111111000000000000000000000000000011111111111111111111111110000000000000000000000000000000000
000000000000000000000000000001111111111111111111111111111111111100000000000000000000000000011111111111111111111111110000000000000000000000000000000000
000000000000000000000000000001111111111111111111111111111111111100000000000000000000000000011111111111111111111111110000000000000000000000000000000000
000000000000000000000000000011111111111111111111111111111111111100000000000000000000000000011111111111111111111111111000000000000000000000000000000000
000000000000000000000000000011111111111111111111111111111111111100000000000000000000000000011111111111111111111111111000000000000000000000000000000000
111111111111111111111111111111111111111111111111111111111111111111111111111111111111111111111111111111111111111111111111111111111111111111111111111111
111111111111111111111111111111111111111111111111111111111111111111111111111111111111111111111111111111111111111111111111111111111111111111111111111111
