111111111111111111111111111111111111111111111111111111111111111111111111111011111111111111111111111111111111111111111111111111111111111111111111111111
111111111111111111111111111111111111111111111111111111111111111111111111111011111111111111111111111111111111111111111111111111111111111111111111111111
111111111111111111111111111111111111111111111111111111111111111111111111111001111111111111111111111111111111111111111111111111111111111111111111111111
111111111111111111111111111111111111111111111111111111111111111111111111111001111111111111111111111111111111111111111111111111111111111111111111111111
111111111111111111111111111111111111111111111111111111111111111111111111111001111111111111111111111111111111111111111111111111111111111111111111111111
111111111111111111111111111111111111111111111111111111111111111111111111111001111111111111111111111111111111111111111111111111111111111111111111111111
111111111111111111111111111111111111111111111111111111111111111111111111111001111111111111111111111111111111111111111111111111111111111111111111111111
111111111111111111111111111111111111111111111111111111111111111111111111111001111111111111111111111111111111111111111111111111111111111111111111111111
111111111111111111111111111111111111111111111111111111111111111111111111111001111111111111111111111111111111111111111111111111111111111111111111111111
111111111111111111111111111111111111111111111111111111111111111111111111111001111111111111111111111111111111111111111111111111111111111111111111111111
111111111111111111111111111111111111111111111111111111111111111111111111111001111111111111111111111111111111111111111111111111111111111111111111111111
111111111111111111111111111111111111111111111111111111111111111111111111111001111111111111111111111111111111111111111111111111111111111111111111111111
111111111111111111111111111111111111111111111111111111111111111111111111111011111111111111111111111111111111111111111111111111111111111111111111111111
111111111111111111111111111111111111111111111111111111111111111111111111111011111111111111111111111111111111111111111111111111111111111111111111111111
111111111111111111111111111111111111111111111111111111111111111111111111111011111111111111111111111111111111111111111111111111111111111111111111111111
111111111111111111111111111111111111111111111111111111111111111111111111111011111111111111111111111111111111111111111111111111111111111111111111111111
111111111111111111111111111111111111111111111111111111111111111111111111111011111111111111111111111111111111111111111111111111111111111111111111111111
111111111111111111111111111111111111111111111111111111111111111111111111111011111111111111111111111111111111111111111111111111111111111111111111111111
111111111111111111111111111111111111111111111111111111111111111111111111111111111111111111111111111111111111111111111111111111111111111111111111111111
111111111111111111111111111111111111111111111111111111111111111111111111111111111111111111111111111111111111111111111111111111111111111111111111111111
111111111111111111111111111111111111111111111111111111111111111111111111111111111111111111111111111111111111111111111111111111111111111111111111111111
111111111111111111111111111111111111111111111111111111111111111111111111111111111111111111111111111111111111111111111111111111111111111111111111111111
111111111111111111111111111111111111111111111111111111111111111111111111111111111111111111111111111111111111111111111111111111111111111111111111111111
111111111111111111111111111111111111111111111111111111111111111111111111111111111111111111111111111111111111111111111111111111111111111111111111111111
111111111111111111111111111111111111111111111111111111111111111111111111111111111111111111111111111111111111111111111111111111111111111111111111111111
111111111111111111111111111111111111111111111111111111111111111111111111111111111111111111111111111111111111111111111111111111111111111111111111111111
111111111111111111111111111111111111111111111111111111111111111111111111111111111111111111111111111111111111111111111111111111111111111111111111111111
111111111111111111111111111111111111111111111111111111111111111111111111111111111111111111111111111111111111111111111111111111111111111111111111111111
111111111111111111111111111111111111111111111111111111111111111111111111111111111111111111111111111111111111111111111111111111111111111111111111111111
111111111111111111111111111111111111111111111111111111111111111111111111111111111111111111111111111111111111111111111111111111111111111111111111111111
111111111111111111111111111111111111111111111111111111111111111111111111110111111111111111111111111111111111111111111111111111111111111111111111111111
111111111111111111111111111111111111111111111111111111111111111111111111110111111111111111111111111111111111111111111111111111111111111111111111111111
111111111111111111111111111111111111111111111111111111111111111111111111100000111111111111111111111111111111111111111111111111111111111111111111111111
111111111111111111111111111111111111111111111111111111111111111111111111100000111111111111111111111111111111111111111111111111111111111111111111111111
111111111111111111111111111111111111111111111111111111111111111111111111000000000011111111111111111111111111111111111111111111111111111111111111111111
111111111111111111111111111111111111111111111111111111111111111111111111000000000011111111111111111111111111111111111111111111111111111111111111111111
111111111111111111111111111111111111111111111111111111111111111111111100000000000001111111111111111111111111111111111111111111111111111111111111111111
111111111111111111111111111111111111111111111111111111111111111111111100000000000001111111111111111111111111111111111111111111111111111111111111111111
111111111111111111111111111111111111111111111111111111111111111111111100000000000000000001111111111111111111111111111111111111111111111111111111111111
111111111111111111111111111111111111111111111111111111111111111111111100000000000000000001111111111111111111111111111111111111111111111111111111111111
111111111111111111111111111111111111111111111111111111111111111111111000000000000000000000000000111111111111111111111111111111111111111111111111111111
111111111111111111111111111111111111111111111111111111111111111111111000000000000000000000000000111111111111111111111111111111111111111111111111111111
111111111111111111111111111111111111111111111111111111111111111111110000000000000000000000000000001111111111111111111111111111111111111111111111111111
111111111111111111111111111111111111111111111111111111111111111111110000000000000000000000000000001111111111111111111111111111111111111111111111111111
111111111111111111111111111111111111111111111111111111111111111100000000000000000000000000000000000111111111111111111111111111111111111111111111111111
111111111111111111111111111111111111111111111111111111111111111100000000000000000000000000000000000111111111111111111111111111111111111111111111111111
111111111111111111111111111111111111111111111111111111111111110000000000000000000000000000000000000011111111111111111111111111111111111111111111111111
111111111111111111111111111111111111111111111111111111111111110000000000000000000000000000000000000011111111111111111111111111111111111111111111111111
111111111111111111111111111111111111111111111111111111111111100000000000000000000000000000000011111111111111111111111111111111111111111111111111111111
111111111111111111111111111111111111111111111111111111111111100000000000000000000000000000000011111111111111111111111111111111111111111111111111111111
111111111111111111111111111111111111111111111111111111111111000000000000000000000000000000001111101111111111111111111111111111111111111111111111111111
111111111111111111111111111111111111111111111111111111111111000000000000000000000000000000001111101111111111111111111111111111111111111111111111111111
111111111111111111111111111111111111111111111111111111111110000000000000000000000000000011110000111111111111111111111111111111111111111111111111111111
111111111111111111111111111111111111111111111111111111111110000000000000000000000000000011110000111111111111111111111111111111111111111111111111111111
111111111111111111111111111111111111111111111111111111111100000000000000000000000111111101111111111111111111111111111111111111111111111111111111111111
111111111111111111111111111111111111111111111111111111111100000000000000000000000111111101111111111111111111111111111111111111111111111111111111111111
111111111111111111111111111111111111111111111111111111111110111100111100000000000011101111111111111111111111111111111111111111111111111111111111111111
111111111111111111111111111111111111111111111111111111111110111100111100000000000011101111111111111111111111111111111111111111111111111111111111111111
111111111111111111111111111111111111111111111111111111111111101111011100000000000011111111111111111111111111111111111111111111111111111111111111111111
111111111111111111111111111111111111111111111111111111111111101111011100000000000011111111111111111111111111111111111111111111111111111111111111111111
111111111111111111111111111111111111111111111111111111111111111111111110000000000011111111111111111111111111111111111111111111111111111111111111111111
111111111111111111111111111111111111111111111111111111111111111111111110000000000011111111111111111111111111111111111111111111111111111111111111111111
111111111111111111111111111111111111111111111111111111111111111111111100000000000001111111111111111111111111111111111111111111111111111111111111111111
111111111111111111111111111111111111111111111111111111111111111111111100000000000001111111111111111111111111111111111111111111111111111111111111111111
111111111111111111111111111111111111111111111111111111111111111111111110000000000000111111111111111111111111111111111111111111111111111111111111111111
111111111111111111111111111111111111111111111111111111111111111111111110000000000000111111111111111111111111111111111111111111111111111111111111111111
111111111111111111111111111111111111111111111111111111111111111111111100000000000000011111111111111111111111111111111111111111111111111111111111111111
111111111111111111111111111111111111111111111111111111111111111111111100000000000000011111111111111111111111111111111111111111111111111111111111111111
111111111111111111111111111111111111111111111111111111111111111111111100000000000000001111111111111111111111111111111111111111111111111111111111111111
111111111111111111111111111111111111111111111111111111111111111111111100000000000000001111111111111111111111111111111111111111111111111111111111111111
111111111111111111111111111111111111111111111111111111111111111111111000000000000000001111111111111111111111111111111111111111111111111111111111111111
111111111111111111111111111111111111111111111111111111111111111111111000000000000000001111111111111111111111111111111111111111111111111111111111111111
111111111111111111111111111111111111111111111111111111111111111111111000000000000000000111111111111111111111111111111111111111111111111111111111111111
111111111111111111111111111111111111111111111111111111111111111111111000000000000000000111111111111111111111111111111111111111111111111111111111111111
111111111111111111111111111111111111111111111111111111111111111111110000000000000000000111111111111111111111111111111111111111111111111111111111111111
111111111111111111111111111111111111111111111111111111111111111111110000000000000000000111111111111111111111111111111111111111111111111111111111111111
111111111111111111111111111111111111111111111111111111111111111111110000000000000000001111111111111111111111111111111111111111111111111111111111111111
111111111111111111111111111111111111111111111111111111111111111111110000000000000000001111111111111111111111111111111111111111111111111111111111111111
111111111111111111111111111111111111111111111111111111111111111111100000000000000000001111111111111111111111111111111111111111111111111111111111111111
111111111111111111111111111111111111111111111111111111111111111111100000000000000000001111111111111111111111111111111111111111111111111111111111111111
111111111111111111111111111111111111111111111111111111111111111111000000000000000001111111111111111111111111111111111111111111111111111111111111111111
111111111111111111111111111111111111111111111111111111111111111111000000000000000001111111111111111111111111111111111111111111111111111111111111111111
111111111111111111111111111111111111111111111111111111111111111110000000000000000000011111111111111111111111111111111111111111111111111111111111111111
111111111111111111111111111111111111111111111111111111111111111110000000000000000000011111111111111111111111111111111111111111111111111111111111111111
111111111111111111111111111111111111111111111111111111111111111110000000000000000000001111111111111111111111111111111111111111111111111111111111111111
111111111111111111111111111111111111111111111111111111111111111110000000000000000000001111111111111111111111111111111111111111111111111111111111111111
111111111111111111111111111111111111111111111111111111111111111100000000000000000000000111111111111111111111111111111111111111111111111111111111111111
111111111111111111111111111111111111111111111111111111111111111100000000000000000000000111111111111111111111111111111111111111111111111111111111111111
111111111111111111111111111111111111111111111111111111111111111100000000000000000000000001111111111111111111111111111111111111111111111111111111111111
111111111111111111111111111111111111111111111111111111111111111100000000000000000000000001111111111111111111111111111111111111111111111111111111111111
111111111111111111111111111111111111111111111111111111111111111100000000000000000000000011111111111111111111111111111111111111111111111111111111111111
111111111111111111111111111111111111111111111111111111111111111100000000000000000000000011111111111111111111111111111111111111111111111111111111111111
111111111111111111111111111111111111111111111111111111111111111110000000000000000000001111111111111111111111111111111111111111111111111111111111111111
111111111111111111111111111111111111111111111111111111111111111110000000000000000000001111111111111111111111111111111111111111111111111111111111111111
111111111111111111111111111111111111111111111111111111111111111111111111000000000011111111111111111111111111111111111111111111111111111111111111111111
111111111111111111111111111111111111111111111111111111111111111111111111000000000011111111111111111111111111111111111111111111111111111111111111111111
111111111111111111111111111111111111111111111111111111111111111111111111001111100111111111111111111111111111111111111111111111111111111111111111111111
111111111111111111111111111111111111111111111111111111111111111111111111001111100111111111111111111111111111111111111111111111111111111111111111111111
111111111111111111111111111111111111111111111111111111111111111111111111001111100111111111111111111111111111111111111111111111111111111111111111111111
111111111111111111111111111111111111111111111111111111111111111111111111001111100111111111111111111111111111111111111111111111111111111111111111111111
111111111111111111111111111111111111111111111111111111111111111111111111000110000011111111111111111111111111111111111111111111111111111111111111111111
111111111111111111111111111111111111111111111111111111111111111111111111000110000011111111111111111111111111111111111111111111111111111111111111111111
111111111111111111111111111111111111111111111111111111111111111111111111111111111111111111111111111111111111111111111111111111111111111111111111111111
111111111111111111111111111111111111111111111111111111111111111111111111111111111111111111111111111111111111111111111111111111111111111111111111111111
111111111111111111111111111111111111111111111111111111111111111111111111111111111111111111111111111111111111111111111111111111111111111111111111111111
111111111111111111111111111111111111111111111111111111111111111111111111111111111111111111111111111111111111111111111111111111111111111111111111111111
111111111111111111111111111111111111111111111111111111111111111111111111111111111111111111111111111111111111111111111111111111111111111111111111111111
111111111111111111111111111111111111111111111111111111111111111111111111111111111111111111111111111111111111111111111111111111111111111111111111111111
111111111111111111111111111111111111111111111111111111111111111111111111111111111111111111111111111111111111111111111111111111111111111111111111111111
111111111111111111111111111111111111111111111111111111111111111111111111111111111111111111111111111111111111111111111111111111111111111111111111111111
111111111111111111111111111111111111111111111111111111111111111111111111111111111111111111111111111111111111111111111111111111111111111111111111111111
111111111111111111111111111111111111111111111111111111111111111111111111111111111111111111111111111111111111111111111111111111111111111111111111111111
111111111111111111111111111111111111111111111111111111111111111111111111111111111111111111111111111111111111111111111111111111111111111111111111111111
111111111111111111111111111111111111111111111111111111111111111111111111111111111111111111111111111111111111111111111111111111111111111111111111111111
111111111111111111111111111111111111111111111111111111111111111111111111111111111111111111111111111111111111111111111111111111111111111111111111111111
111111111111111111111111111111111111111111111111111111111111111111111111111111111111111111111111111111111111111111111111111111111111111111111111111111
