111111111111111111111111111111111111111111111111111111111111111111111111111111111111111111111111111111111111111111111111111111111111111111111111111111
111111111111111111111111111111111111111111111111111111111111111111111111111111111111111111111111111111111111111111111111111111111111111111111111111111
111111111111111111111111111111111111111111111111111111111111111111111111111111111111111111111111111111111111111111111111111111111111111111111111111111
111111111111111111111111111111111111111111111111111111111111111111111111111111111111111111111111111111111111111111111111111111111111111111111111111111
111111111111111111111111111111111111111111111111111111111111111111111111111111111111111111111111111111111111111111111111111111111111111111111111111111
111111111111111111111111111111111111111111111111111111111111111111111111111111111111111111111111111111111111111111111111111111111111111111111111111111
111111111111111111111111111111111111111111111111111111111111111111111111111111111111111111111111111111111111111111111111111111111111111111111111111111
111111111111111111111111111111111111111111111111111111111111111111111111111111111111111111111111111111111111111111111111111111111111111111111111111111
111111111111111111111111111111111111111111111111111111111111111111111111111111111111111111111111111111111111111111111111111111111111111111111111111111
111111111111111111111111111111111111111111111111111111111111111111111111111111111111111111111111111111111111111111111111111111111111111111111111111111
111111111111111111111111111111111111111111111111111111111111111111111111111111111111111111001111111111111111111111111111111111111111111111111111111111
111111111111111111111111111111111111111111111111111111111111111111111111111111111111111111001111111111111111111111111111111111111111111111111111111111
111111111111111111111111111111111111111111111111111111111111111111111111111111111111111100011111111111111111111111111111111111111111111111111111111111
111111111111111111111111111111111111111111111111111111111111111111111111111111111111111100011111111111111111111111111111111111111111111111111111111111
111111111111111111111111111111111111111111111111111111111111111111111111111111111111110000011111111111111111111111111111111111111111111111111111111111
111111111111111111111111111111111111111111111111111111111111111111111111111111111111110000011111111111111111111111111111111111111111111111111111111111
111111111111111111111111111111111111111111111111111110001111111111111111111111111111100000011111111111111111111111111111111111111111111111111111111111
111111111111111111111111111111111111111111111111111110001111111111111111111111111111100000011111111111111111111111111111111111111111111111111111111111
111111111111111111111111111111111111111111111111111111100001111111111100000000000000000000011111111111111111111111111111111111111111111111111111111111
111111111111111111111111111111111111111111111111111111100001111111111100000000000000000000011111111111111111111111111111111111111111111111111111111111
111111111111111111111111111111111111111111111111111111110000000000000000000000000000000000111111111111111111111111111111111111111111111111111111111111
111111111111111111111111111111111111111111111111111111110000000000000000000000000000000000111111111111111111111111111111111111111111111111111111111111
111111111111111111111111111111111111111111111111111111111000000000000000000000000000000000000111111111111111111111111111111111111111111111111111111111
111111111111111111111111111111111111111111111111111111111000000000000000000000000000000000000111111111111111111111111111111111111111111111111111111111
111111111111111111111111111111111111111111111111111111111100000000000000000000000000000000000000000000111111111111111111111111111111111111111111111111
111111111111111111111111111111111111111111111111111111111100000000000000000000000000000000000000000000111111111111111111111111111111111111111111111111
111111111111111111111111111111111111111111111111111111110000000000000000000000000000000000000000001111111111111111111111111111111111111111111111111111
111111111111111111111111111111111111111111111111111111110000000000000000000000000000000000000000001111111111111111111111111111111111111111111111111111
111111111111111111111111111111111111111111111111111111100000000000000000000000000000000000000001111111111111111111111111111111111111111111111111111111
111111111111111111111111111111111111111111111111111111100000000000000000000000000000000000000001111111111111111111111111111111111111111111111111111111
111111111111111111111111111111111111111111111111111111100000000000000000000000000000000000001111111111111111111111111111111111111111111111111111111111
111111111111111111111111111111111111111111111111111111100000000000000000000000000000000000001111111111111111111111111111111111111111111111111111111111
111111111111111111111111111111111111111111111111111100000000000000000000000000000000000001111111111111111111111111111111111111111111111111111111111111
111111111111111111111111111111111111111111111111111100000000000000000000000000000000000001111111111111111111111111111111111111111111111111111111111111
111111111111111111111111111111111111111111111111111000000000000000000000000000000000000000111111111111111111111111111111111111111111111111111111111111
111111111111111111111111111111111111111111111111111000000000000000000000000000000000000000111111111111111111111111111111111111111111111111111111111111
111111111111111111111111111111111111111111111111111111111100000000000000000000000000000000011111111111111111111111111111111111111111111111111111111111
111111111111111111111111111111111111111111111111111111111100000000000000000000000000000000011111111111111111111111111111111111111111111111111111111111
111111111111111111111111111111111111111111111111111111111100000000000000000000000000000000011111111111111111111111111111111111111111111111111111111111
111111111111111111111111111111111111111111111111111111111100000000000000000000000000000000011111111111111111111111111111111111111111111111111111111111
111111111111111111111111111111111111111111111111111111111100000000000000000000000000000000011111111111111111111111111111111111111111111111111111111111
111111111111111111111111111111111111111111111111111111111100000000000000000000000000000000011111111111111111111111111111111111111111111111111111111111
111111111111111111111111111111111111111111111111111111111111000000000000000000000000000000001111111111111111111111111111111111111111111111111111111111
111111111111111111111111111111111111111111111111111111111111000000000000000000000000000000001111111111111111111111111111111111111111111111111111111111
111111111111111111111111111111111111111111111111111111111111100000000000000000000000000000001111111111111111111111111111111111111111111111111111111111
111111111111111111111111111111111111111111111111111111111111100000000000000000000000000000001111111111111111111111111111111111111111111111111111111111
111111111111111111111111111111111111111111111111111111111111100000000000000000000000000000000111111111111111111111111111111111111111111111111111111111
111111111111111111111111111111111111111111111111111111111111100000000000000000000000000000000111111111111111111111111111111111111111111111111111111111
111111111111111111111111111111111111111111111111111111111111100000000000000000000000000000000111111111111111111111111111111111111111111111111111111111
111111111111111111111111111111111111111111111111111111111111100000000000000000000000000000000111111111111111111111111111111111111111111111111111111111
111111111111111111111111111111111111111111111111111111111111100000000000000000000000000000000111111111111111111111111111111111111111111111111111111111
111111111111111111111111111111111111111111111111111111111111100000000000000000000000000000000111111111111111111111111111111111111111111111111111111111
111111111111111111111111111111111111111111111111111111111111100000100000000000000000000000000011111111111111111111111111111111111111111111111111111111
111111111111111111111111111111111111111111111111111111111111100000100000000000000000000000000011111111111111111111111111111111111111111111111111111111
111111111111111111111111111111111111111111111111111111111111100000110000000000000000000000000011111111111111111111111111111111111111111111111111111111
111111111111111111111111111111111111111111111111111111111111100000110000000000000000000000000011111111111111111111111111111111111111111111111111111111
111111111111111111111111111111111111111111111111111111111111100000100000000000000000000000000001111111111111111111111111111111111111111111111111111111
111111111111111111111111111111111111111111111111111111111111100000100000000000000000000000000001111111111111111111111111111111111111111111111111111111
111111111111111111111111111111111111111111111111111111111111100000000000000000000000000000000000111111111111111111111111111111111111111111111111111111
111111111111111111111111111111111111111111111111111111111111100000000000000000000000000000000000111111111111111111111111111111111111111111111111111111
111111111111111111111111111111111111111111111111111111111111000000000000000000000000000000000000111111111111111111111111111111111111111111111111111111
111111111111111111111111111111111111111111111111111111111111000000000000000000000000000000000000111111111111111111111111111111111111111111111111111111
111111111111111111111111111111111111111111111111111111111100000000000000000000000000000000000000001111111111111111111111111111111111111111111111111111
111111111111111111111111111111111111111111111111111111111100000000000000000000000000000000000000001111111111111111111111111111111111111111111111111111
111111111111111111111111111111111111111111111111111111111000000000000000000000000000000000000000000111111111111111111111111111111111111111111111111111
111111111111111111111111111111111111111111111111111111111000000000000000000000000000000000000000000111111111111111111111111111111111111111111111111111
111111111111111111111111111111111111111111111111111111100000000000000000000000000000000000000000000001111111111111111111111111111111111111111111111111
111111111111111111111111111111111111111111111111111111100000000000000000000000000000000000000000000001111111111111111111111111111111111111111111111111
111111111111111111111111111111111111111111111111111111000000000000000000000000000000000000000000000000111111111111111111111111111111111111111111111111
111111111111111111111111111111111111111111111111111111000000000000000000000000000000000000000000000000111111111111111111111111111111111111111111111111
111111111111111111111111111111111111111111111111111110000000000000000000000000000000000000000000000000011111111111111111111111111111111111111111111111
111111111111111111111111111111111111111111111111111110000000000000000000000000000000000000000000000000011111111111111111111111111111111111111111111111
111111111111111111111111111111111111111111111111111110000000000000000000000000000000000000000000000000001111111111111111111111111111111111111111111111
111111111111111111111111111111111111111111111111111110000000000000000000000000000000000000000000000000001111111111111111111111111111111111111111111111
111111111111111111111111111111111111111111111111111111000000000000000000000000000000000000000000000000000011111111111111111111111111111111111111111111
111111111111111111111111111111111111111111111111111111000000000000000000000000000000000000000000000000000011111111111111111111111111111111111111111111
111111111111111111111111111111111111111111111111111111100000000000000000000000000000000000000000000000000111111111111111111111111111111111111111111111
111111111111111111111111111111111111111111111111111111100000000000000000000000000000000000000000000000000111111111111111111111111111111111111111111111
111111111111111111111111111111111111111111111111111111000000000000000000000000000000000000000000000000000011111111111111111111111111111111111111111111
111111111111111111111111111111111111111111111111111111000000000000000000000000000000000000000000000000000011111111111111111111111111111111111111111111
111111111111111111111111111111111111111111111111111111000000000000000000000000000000000000000000000000000001111111111111111111111111111111111111111111
111111111111111111111111111111111111111111111111111111000000000000000000000000000000000000000000000000000001111111111111111111111111111111111111111111
111111111111111111111111111111111111111111111111111110000000000000000000000000000000000000000000000000000000111111111111111111111111111111111111111111
111111111111111111111111111111111111111111111111111110000000000000000000000000000000000000000000000000000000111111111111111111111111111111111111111111
111111111111111111111111111111111111111111111111111110000000011100000000000000000000000000000000000000000000011111111111111111111111111111111111111111
111111111111111111111111111111111111111111111111111110000000011100000000000000000000000000000000000000000000011111111111111111111111111111111111111111
111111111111111111111111111111111111111111111111111110000000011100000000000000000000000000000000000000000000001111111111111111111111111111111111111111
111111111111111111111111111111111111111111111111111110000000011100000000000000000000000000000000000000000000001111111111111111111111111111111111111111
111111111111111111111111111111111111111111111111111100000000111100000000000000000000000000000000000000000000000111111111111111111111111111111111111111
111111111111111111111111111111111111111111111111111100000000111100000000000000000000000000000000000000000000000111111111111111111111111111111111111111
111111111111111111111111111111111111111111111111111000000000111110000000000000000000000000000000000000000000100011111111111111111111111111111111111111
111111111111111111111111111111111111111111111111111000000000111110000000000000000000000000000000000000000000100011111111111111111111111111111111111111
111111111111111111111111111111111111111111111111110000000001111110000000000000000000000000000000000000000000011011111111111111111111111111111111111111
111111111111111111111111111111111111111111111111110000000001111110000000000000000000000000000000000000000000011011111111111111111111111111111111111111
111111111111111111111111111111111111111111111111100000000001111110000000000000000000000000000000000000000000001101111111111111111111111111111111111111
111111111111111111111111111111111111111111111111100000000001111110000000000000000000000000000000000000000000001101111111111111111111111111111111111111
111111111111111111111111111111111111111111111111100000000000000000000000000000000000000000000000000000000000010110111111111111111111111111111111111111
111111111111111111111111111111111111111111111111100000000000000000000000000000000000000000000000000000000000010110111111111111111111111111111111111111
111111111111111111111111111111111111111111111111000000000000000000000000000000000000000000000000000000000000011111111111111111111111111111111111111111
111111111111111111111111111111111111111111111111000000000000000000000000000000000000000000000000000000000000011111111111111111111111111111111111111111
111111111111111111111111111111111111111111111110000000000000000000000000000000000000000000000000000000000000011111111111111111111111111111111111111111
111111111111111111111111111111111111111111111110000000000000000000000000000000000000000000000000000000000000011111111111111111111111111111111111111111
111111111111111111111111111111111111111111111110000000000000000000000000000000000000000000000000000000000011111111111111111111111111111111111111111111
111111111111111111111111111111111111111111111110000000000000000000000000000000000000000000000000000000000011111111111111111111111111111111111111111111
111111111111111111111111111111111111111111111100000000110000000000000000000000000000000000000000000000001111111111111111111111111111111111111111111111
111111111111111111111111111111111111111111111100000000110000000000000000000000000000000000000000000000001111111111111111111111111111111111111111111111
111111111111111111111111111111111111111111111100000001111000000000000000000000000000000000000000000000011111111111111111111111111111111111111111111111
111111111111111111111111111111111111111111111100000001111000000000000000000000000000000000000000000000011111111111111111111111111111111111111111111111
111111111111111111111111111111111111111111111000000011111110000000000000000000000000000000000000000000011111111111111111111111111111111111111111111111
111111111111111111111111111111111111111111111000000011111110000000000000000000000000000000000000000000011111111111111111111111111111111111111111111111
111111111111111111111111111111111111111111110000000111111100000000000000000000000000000000000000100000111111111111111111111111111111111111111111111111
111111111111111111111111111111111111111111110000000111111100000000000000000000000000000000000000100000111111111111111111111111111111111111111111111111
111111111111111111111111111111111111111111110000001111110000000000000000000000000000000000000000011111111111111111111111111111111111111111111111111111
111111111111111111111111111111111111111111110000001111110000000000000000000000000000000000000000011111111111111111111111111111111111111111111111111111
111111111111111111111111111111111111111111111111111111111111111111111111111111111111111111111111111111111111111111111111111111111111111111111111111111
111111111111111111111111111111111111111111111111111111111111111111111111111111111111111111111111111111111111111111111111111111111111111111111111111111
