111111111111111111111111111111111111111111111111111111111111111111111111111111111111111111111111111111111111111111111111111111111111111111111111111111
111111111111111111111111111111111111111111111111111111111111111111111111111111111111111111111111111111111111111111111111111111111111111111111111111111
111111111111111111111111111111111111111111111111111111111111111111111111111111111111111111111111111111111111111111111111111111111111111111111111111111
111111111111111111111111111111111111111111111111111111111111111111111111111111111111111111111111111111111111111111111111111111111111111111111111111111
111111111111111111111111111111111111111111111111111111111111111111111111111111111111111111111111111111111111111111111111111111111111111111111111111111
111111111111111111111111111111111111111111111111111111111111111111111111111111111111111111111111111111111111111111111111111111111111111111111111111111
111111111111111111111111111111111111111111111111111111111111111111111111111111111111111111111111111111111111111111111111111111111111111111111111111111
111111111111111111111111111111111111111111111111111111111111111111111111111111111111111111111111111111111111111111111111111111111111111111111111111111
111111111111111111111111111111111111111111111111111111111111111111111111111111111111111111111111111111111111111111111111111111111111111111111111111111
111111111111111111111111111111111111111111111111111111111111111111111111111111111111111111111111111111111111111111111111111111111111111111111111111111
111111111111111111111111111111111111111111111111111111111111111111111111111111111111111111111111111111111111111111111111111111111111111111111111111111
111111111111111111111111111111111111111111111111111111111111111111111111111111111111111111111111111111111111111111111111111111111111111111111111111111
111111111111111111111111111111111111111111111111111111111111111111111111111111111111111111110111111111111111111111111111111111111111111111111111111111
111111111111111111111111111111111111111111111111111111111111111111111111111111111111111111110111111111111111111111111111111111111111111111111111111111
111111111111111111111111111111111111111111111111111111111111111111111111111111111111111110000111111111111111111111111111111111111111111111111111111111
111111111111111111111111111111111111111111111111111111111111111111111111111111111111111110000111111111111111111111111111111111111111111111111111111111
111111111111111111111111111111111111111111111111111101111111111111111111111111111011110000001111111111111111111111111111111111111111111111111111111111
111111111111111111111111111111111111111111111111111101111111111111111111111111111011110000001111111111111111111111111111111111111111111111111111111111
111111111111111111111111111111111111111111111111111110001111111111100000000000000000000000001111111111111111111111111111111111111111111111111111111111
111111111111111111111111111111111111111111111111111110001111111111100000000000000000000000001111111111111111111111111111111111111111111111111111111111
111111111111111111111111111111111111111111111111111110000011100000000000000000000000000000011111111111111111111111111111111111111111111111111111111111
111111111111111111111111111111111111111111111111111110000011100000000000000000000000000000011111111111111111111111111111111111111111111111111111111111
111111111111111111111111111111111111111111111111111111000000000000000000000000000000000000111111111111111111111111111111111111111111111111111111111111
111111111111111111111111111111111111111111111111111111000000000000000000000000000000000000111111111111111111111111111111111111111111111111111111111111
111111111111111111111111111111111111111111111111111111100000000000000000000000000000000000000000000000011111111111111111111111111111111111111111111111
111111111111111111111111111111111111111111111111111111100000000000000000000000000000000000000000000000011111111111111111111111111111111111111111111111
111111111111111111111111111111111111111111111111111111110000000000000000000000000000000000000000000000111111111111111111111111111111111111111111111111
111111111111111111111111111111111111111111111111111111110000000000000000000000000000000000000000000000111111111111111111111111111111111111111111111111
111111111111111111111111111111111111111111111111111111110000000000000000000000000000000000000000111111111111111111111111111111111111111111111111111111
111111111111111111111111111111111111111111111111111111110000000000000000000000000000000000000000111111111111111111111111111111111111111111111111111111
111111111111111111111111111111111111111111111111111111100000000000000000000000000000000000000000011111111111111111111111111111111111111111111111111111
111111111111111111111111111111111111111111111111111111100000000000000000000000000000000000000000011111111111111111111111111111111111111111111111111111
111111111111111111111111111111111111111111111111110000000000000000000000000000000000000000000001111111111111111111111111111111111111111111111111111111
111111111111111111111111111111111111111111111111110000000000000000000000000000000000000000000001111111111111111111111111111111111111111111111111111111
111111111111111111111111111111111111111111111111000000000000000000000000000000000000000000011111111111111111111111111111111111111111111111111111111111
111111111111111111111111111111111111111111111111000000000000000000000000000000000000000000011111111111111111111111111111111111111111111111111111111111
111111111111111111111111111111111111111111111111000000000000000000000000000000000000000000111111111111111111111111111111111111111111111111111111111111
111111111111111111111111111111111111111111111111000000000000000000000000000000000000000000111111111111111111111111111111111111111111111111111111111111
111111111111111111111111111111111111111111111111111000010000000000000000000000000000000000011111111111111111111111111111111111111111111111111111111111
111111111111111111111111111111111111111111111111111000010000000000000000000000000000000000011111111111111111111111111111111111111111111111111111111111
111111111111111111111111111111111111111111111111111111100000000000000000000000000000000000011111111111111111111111111111111111111111111111111111111111
111111111111111111111111111111111111111111111111111111100000000000000000000000000000000000011111111111111111111111111111111111111111111111111111111111
111111111111111111111111111111111111111111111111111111110000000000000000000000000000000000001111111111111111111111111111111111111111111111111111111111
111111111111111111111111111111111111111111111111111111110000000000000000000000000000000000001111111111111111111111111111111111111111111111111111111111
001111111111111111111111111111111111111111111111111111111010000000000000000000000000000000001111111111111111111111111111111111111111111111111111111111
001111111111111111111111111111111111111111111111111111111010000000000000000000000000000000001111111111111111111111111111111111111111111111111111111111
000001111111111111111111111111111111111111111111111111111110000000000000000000000000000000001111111111111111111111111111111111111111111111111111111111
000001111111111111111111111111111111111111111111111111111110000000000000000000000000000000001111111111111111111111111111111111111111111111111111111111
000011111111111111111111111111111111111111111111111111111111000000000000000000000000000000000111111111111111111111111111111111111111111111111111111111
000011111111111111111111111111111111111111111111111111111111000000000000000000000000000000000111111111111111111111111111111111111111111111111111111111
011111111111111111111111111111111111111111111111111111111111000000000000000000000000000000000111111111111111111111111111111111111111111111111111111111
011111111111111111111111111111111111111111111111111111111111000000000000000000000000000000000111111111111111111111111111111111111111111111111111111111
011001111111111111111111111111111111111111111111111111111111100000000000000000000000000000000111111111111111111111111111111111111111111111111111111111
011001111111111111111111111111111111111111111111111111111111100000000000000000000000000000000111111111111111111111111111111111111111111111111111111111
000000001111111111111111111111111111111111111111111111111111100000000000000000000000000000000011111111111111111111111111111111111111111111111111111111
000000001111111111111111111111111111111111111111111111111111100000000000000000000000000000000011111111111111111111111111111111111111111111111111111111
000110000011111111111111111111111111111111111111111111111111100000000000000000000000000000000011111111111111111111111111111111111111111111111111111111
000110000011111111111111111111111111111111111111111111111111100000000000000000000000000000000011111111111111111111111111111111111111111111111111111111
000000000001111111111111111111111111111111111111111111111111110000000000000000000000000000000011111111111111111111111111111111111111111111111111111111
000000000001111111111111111111111111111111111111111111111111110000000000000000000000000000000011111111111111111111111111111111111111111111111111111111
000000000000111111111111111111111111111111111111111111111111110000000000000000000000000000000001111111111111111111111111111111111111111111111111111111
000000000000111111111111111111111111111111111111111111111111110000000000000000000000000000000001111111111111111111111111111111111111111111111111111111
000000000000111111111111111111111111111111111111111111111111111000000000000000000000000000000001111111111111111111111111111111111111111111111111111111
000000000000111111111111111111111111111111111111111111111111111000000000000000000000000000000001111111111111111111111111111111111111111111111111111111
000000000000011111111111111111111111111111111111111110000000000000000000000000000000000000000000111111111111111111111111111111111111111111111111111111
000000000000011111111111111111111111111111111111111110000000000000000000000000000000000000000000111111111111111111111111111111111111111111111111111111
100000000000001111111111111111111111111111111100000000000000000000000000000000000000000000000000111111111111111111111111111111111111111111111111111111
100000000000001111111111111111111111111111111100000000000000000000000000000000000000000000000000111111111111111111111111111111111111111111111111111111
111000000000000011111111111111111111111111000000000000000000000000000000000000000000000000000000011111111111111111111111111111111111111111111111111111
111000000000000011111111111111111111111111000000000000000000000000000000000000000000000000000000011111111111111111111111111111111111111111111111111111
111100000000000000111111111111111111111100000000000000000000000000000000000000000000000000000000001111111111111111111111111111111111111111111111111111
111100000000000000111111111111111111111100000000000000000000000000000000000000000000000000000000001111111111111111111111111111111111111111111111111111
111110000000000000001111111111111111111100000000000000000000000000000000000000000000000000000000001111111111111111111111111111111111111111111111111111
111110000000000000001111111111111111111100000000000000000000000000000000000000000000000000000000001111111111111111111111111111111111111111111111111111
111111100000000000000011111111111111000000000000000000000000000000000000000000000000000000000000000011111111111111111111111111111111111111111111111111
111111100000000000000011111111111111000000000000000000000000000000000000000000000000000000000000000011111111111111111111111111111111111111111111111111
111111110000000000000001111111111110000000000000000000000000000000000000000000000000000000000000000001111111111111111111111111111111111111111111111111
111111110000000000000001111111111110000000000000000000000000000000000000000000000000000000000000000001111111111111111111111111111111111111111111111111
111111111100000000000000011111111000000000000000000000000010000000000000000000000000000000000000000000111111111111111111111111111111111111111111111111
111111111100000000000000011111111000000000000000000000000010000000000000000000000000000000000000000000111111111111111111111111111111111111111111111111
111111111110000000000000000111100000000000000000000000000110000000000000000000000000000000000000000000011111111111111111111111111111111111111111111111
111111111110000000000000000111100000000000000000000000000110000000000000000000000000000000000000000000011111111111111111111111111111111111111111111111
111111111111100000000000000000000000000000000000000000111110000000000000000000000000000000000000000000000111111111111111111111111111111111111111111111
111111111111100000000000000000000000000000000000000000111110000000000000000000000000000000000000000000000111111111111111111111111111111111111111111111
111111111111110000000000000000000000000000000001111111111111000000000000000000000000000000000000000000000011111111111111111111111111111111111111111111
111111111111110000000000000000000000000000000001111111111111000000000000000000000000000000000000000000000011111111111111111111111111111111111111111111
111111111111111100000000000000000000000001000111111111111111000000000000000000000000000000000000000000001001111111111111111111111111111111111111111111
111111111111111100000000000000000000000001000111111111111111000000000000000000000000000000000000000000001001111111111111111111111111111111111111111111
111111111111111110000000000000000000000111111111111111111111000000000000000000000000000000000000000000000111111111111111111111111111111111111111111111
111111111111111110000000000000000000000111111111111111111111000000000000000000000000000000000000000000000111111111111111111111111111111111111111111111
111111111111111111100000000000000001111111111111111111111111000000000000000000000000000000000000000000000011111111111111111111111111111111111111111111
111111111111111111100000000000000001111111111111111111111111000000000000000000000000000000000000000000000011111111111111111111111111111111111111111111
111111111111111111111000000000011111111111111111111111111111000000000000000000000000000000000000000000000001111111111111111111111111111111111111111111
111111111111111111111000000000011111111111111111111111111111000000000000000000000000000000000000000000000001111111111111111111111111111111111111111111
111111111111111111111111111111111111111111111111111111111111000000000000000000000000000000000000000000000001111111111111111111111111111111111111111111
111111111111111111111111111111111111111111111111111111111111000000000000000000000000000000000000000000000001111111111111111111111111111111111111111111
111111111111111111111111111111111111111111111111111111111111000000000000000000000000000000000000000000000000111111111111111111111111111111111111111111
111111111111111111111111111111111111111111111111111111111111000000000000000000000000000000000000000000000000111111111111111111111111111111111111111111
111111111111111111111111111111111111111111111111111111111111100000000000000000000000000000000000000000000000011111111111111111111111111111111111111111
111111111111111111111111111111111111111111111111111111111111100000000000000000000000000000000000000000000000011111111111111111111111111111111111111111
111111111111111111111111111111111111111111111111111111111111100000000000000000000000000000000000000000000000011111111111111111111111111111111111111111
111111111111111111111111111111111111111111111111111111111111100000000000000000000000000000000000000000000000011111111111111111111111111111111111111111
111111111111111111111111111111111111111111111111111111111111100000000000000000000000000000000000000000000000001111111111111111111111111111111111111111
111111111111111111111111111111111111111111111111111111111111100000000000000000000000000000000000000000000000001111111111111111111111111111111111111111
111111111111111111111111111111111111111111111111111111111111110000000000000000000000000000000000000000000001000111111111111111111111111111111111111111
111111111111111111111111111111111111111111111111111111111111110000000000000000000000000000000000000000000001000111111111111111111111111111111111111111
111111111111111111111111111111111111111111111111111111111111111000000000000000000000000000000000000000000001000111111111111111111111111111111111111111
111111111111111111111111111111111111111111111111111111111111111000000000000000000000000000000000000000000001000111111111111111111111111111111111111111
111111111111111111111111111111111111111111111111111111111110000000000000000000000000000000000000000000000000100011111111111111111111111111111111111111
111111111111111111111111111111111111111111111111111111111110000000000000000000000000000000000000000000000000100011111111111111111111111111111111111111
111111111111111111111111111111111111111111111111000000000000000000000000000000000000000000000000000000000000110011111111111111111111111111111111111111
111111111111111111111111111111111111111111111111000000000000000000000000000000000000000000000000000000000000110011111111111111111111111111111111111111
111111111111111111111111111111111111111111111000000000000000000000000000000000000000000000000000000000000000011001111111111111111111111111111111111111
111111111111111111111111111111111111111111111000000000000000000000000000000000000000000000000000000000000000011001111111111111111111111111111111111111
111111111111111111111111111111111111111111111111111111111111111111111111111111111111111111111111111111111111111111111111111111111111111111111111111111
111111111111111111111111111111111111111111111111111111111111111111111111111111111111111111111111111111111111111111111111111111111111111111111111111111
