000000000000000000000000000001111111111111111111111111111111111111111111111111111111111111111111111111111111111110000000000000000000000000000000000000
000000000000000000000000000001111111111111111111111111111111111111111111111111111111111111111111111111111111111110000000000000000000000000000000000000
000000000000000000000000000001111111111111111111111111111111111111111111111111111111111111111111111111111100011000000000000000000000000000000000000000
000000000000000000000000000001111111111111111111111111111111111111111111111111111111111111111111111111111100011000000000000000000000000000000000000000
000000000000000000000000000000111111111111111111111111111111111111111111111111111111111111111111111111111000010000000000000000000000000000000000000000
000000000000000000000000000000111111111111111111111111111111111111111111111111111111111111111111111111111000010000000000000000000000000000000000000000
000000000000000000000000000000001111111111111111111111111111111111111111111111111111111111111111111111100011000000000000000000000000000000000000000000
000000000000000000000000000000001111111111111111111111111111111111111111111111111111111111111111111111100011000000000000000000000000000000000000000000
000000000000000000000000000000000011111111111111111111111111111111111111111111111111111111111111111111001111000000000000000000000000000000000000000000
000000000000000000000000000000000011111111111111111111111111111111111111111111111111111111111111111111001111000000000000000000000000000000000000000000
000000000000000000000000000000000000011111111111111111111111111111111111111111111111111111111111111100011100000000000000000000000000000000000000000000
000000000000000000000000000000000000011111111111111111111111111111111111111111111111111111111111111100011100000000000000000000000000000000000000000000
000000000000000000000000000000000000000111111111111111111111111111111111111111111111111111111111111000111000000000000000000000000000000000000000000000
000000000000000000000000000000000000000111111111111111111111111111111111111111111111111111111111111000111000000000000000000000000000000000000000000000
000000000000000000000000000000000000000011111111111111111111111111111111111111111111111111111111110011110000000000000000000000000000000000000000000000
000000000000000000000000000000000000000011111111111111111111111111111111111111111111111111111111110011110000000000000000000000000000000000000000000000
000000000000000000000000000000000000000011111111111111111111111111111111111111111111111111111111000011110000000000000000000000000000000000000000000000
000000000000000000000000000000000000000011111111111111111111111111111111111111111111111111111111000011110000000000000000000000000000000000000000000000
000000000000000000000000000000000000000000001111111111111111111111111111111111111111111111111110000100000000000000000000000000000000000000000000000000
000000000000000000000000000000000000000000001111111111111111111111111111111111111111111111111110000100000000000000000000000000000000000000000000000000
000000000000000000000000000000000000000000000000001111111111111111111111111111111111111111111100000000000000000000000000000000000000000000000000000000
000000000000000000000000000000000000000000000000001111111111111111111111111111111111111111111100000000000000000000000000000000000000000000000000000000
000000000000000000000000000000000000000000000000000001111111111111111111111111111111111111111000000000000000000000000000000000000000000000000000000000
000000000000000000000000000000000000000000000000000001111111111111111111111111111111111111111000000000000000000000000000000000000000000000000000000000
000000000000000000000000000000000000000000000000000000111111111111111111111111111111111111110000111000000000000000000000000000000000000000000000000000
000000000000000000000000000000000000000000000000000000111111111111111111111111111111111111110000111000000000000000000000000000000000000000000000000000
000000000000000000000000000000000000000000000000000011111111111111111111111111111111111111111111000000000000000000000000000000000000000000000000000000
000000000000000000000000000000000000000000000000000011111111111111111111111111111111111111111111000000000000000000000000000000000000000000000000000000
000000000000000000000000000000000000000000000001111111111111111111111111111111111111111111111110000000000000000000000000000000000000000000000000000000
000000000000000000000000000000000000000000000001111111111111111111111111111111111111111111111110000000000000000000000000000000000000000000000000000000
000000000000000000000000000000000000000000001111111111111111111111111111111111111111111111111110000000000000000000000000000000000000000000000000000000
000000000000000000000000000000000000000000001111111111111111111111111111111111111111111111111110000000000000000000000000000000000000000000000000000000
000000000000000000000000000000000000000000000011111111111111111111111111111111111111111111111100000000000000000000000000000000000000000000000000000000
000000000000000000000000000000000000000000000011111111111111111111111111111111111111111111111100000000000000000000000000000000000000000000000000000000
000000000000000000000000000000000000000000000111111111111111111111111111111111111111111111111100000000000000000000000000000000000000000000000000000000
000000000000000000000000000000000000000000000111111111111111111111111111111111111111111111111100000000000000000000000000000000000000000000000000000000
000000000000000000000000000000000000000000011111111111111111111111111111111111111111111111111111111100000000000000000000000000000000000000000000000000
000000000000000000000000000000000000000000011111111111111111111111111111111111111111111111111111111100000000000000000000000000000000000000000000000000
000000000000000000000000000000000000000000011111111111111111111111111111111111111111111111111111111110000000000000000000000000000000000000000000000000
000000000000000000000000000000000000000000011111111111111111111111111111111111111111111111111111111110000000000000000000000000000000000000000000000000
000000000000000000000000000000000000000000011111111111111111111111111111111111111111111111111111111111111110000000000000000000000000000000000000000000
000000000000000000000000000000000000000000011111111111111111111111111111111111111111111111111111111111111110000000000000000000000000000000000000000000
000000000000000000000000000000000000000000111111111111111111111111111111111111111111111111111111111111111111000000000000000000000000000000000000000000
000000000000000000000000000000000000000000111111111111111111111111111111111111111111111111111111111111111111000000000000000000000000000000000000000000
000000000000000000000000000000000000000011111111111111111111111111111111111111111111111111111111111111111111111000000000000000000000000000000000000000
000000000000000000000000000000000000000011111111111111111111111111111111111111111111111111111111111111111111111000000000000000000000000000000000000000
000000000000000000000000000000000000000111111111111111111111111111111111111111111111111111111111111111111111111100000000000000000000000000000000000000
000000000000000000000000000000000000000111111111111111111111111111111111111111111111111111111111111111111111111100000000000000000000000000000000000000
000000000000000000000000000000000000011111111111111111111111111111111111111111111111111111111111111111111111111100000000000000000000000000000000000000
000000000000000000000000000000000000011111111111111111111111111111111111111111111111111111111111111111111111111100000000000000000000000000000000000000
000000000000000000000000000000000000111111111111111111111111111111111111111111111111111111111111111111111111111111100000000000000000000000000000000000
000000000000000000000000000000000000111111111111111111111111111111111111111111111111111111111111111111111111111111100000000000000000000000000000000000
000000000000000000000000000000000011111111111111111111111111111111111111111111111111111111111111111111111111111111111100000000000000000000000000000000
000000000000000000000000000000000011111111111111111111111111111111111111111111111111111111111111111111111111111111111100000000000000000000000000000000
000000000000000000000000000000000011111111111111111111111111111111111111111111111111111111111111111111111111111111111110000000000000000000000000000000
000000000000000000000000000000000011111111111111111111111111111111111111111111111111111111111111111111111111111111111110000000000000000000000000000000
000000000000000000000000000000000001111111111111111111111111111111111111111111111111111111111111111111111111111111111111000000000000000000000000000000
000000000000000000000000000000000001111111111111111111111111111111111111111111111111111111111111111111111111111111111111000000000000000000000000000000
000000000000000000000000000000000000111111111111111111111111111111111111111111111111111111111111111111111111111111111111100000000000000000000000000000
000000000000000000000000000000000000111111111111111111111111111111111111111111111111111111111111111111111111111111111111100000000000000000000000000000
000000000000000000000000000000000000001111111111111111111111111111111111111111111111111111111111111111111111111111111111000000000000000000000000000000
000000000000000000000000000000000000001111111111111111111111111111111111111111111111111111111111111111111111111111111111000000000000000000000000000000
000000000000000000000000000000000000001111111111111111111111111111111111111111111111111111111111111111111111111111111110000000000000000000000000000000
000000000000000000000000000000000000001111111111111111111111111111111111111111111111111111111111111111111111111111111110000000000000000000000000000000
000000000000000000000000000000000000111111111111111111111111111111111111111111111111111111111111111111111111111111111100000000000000000000000000000000
000000000000000000000000000000000000111111111111111111111111111111111111111111111111111111111111111111111111111111111100000000000000000000000000000000
000000000000000000000000000000000011111111111111111111111111111111111111111111111111111111111111111111111111111111110000000000000000000000000000000000
000000000000000000000000000000000011111111111111111111111111111111111111111111111111111111111111111111111111111111110000000000000000000000000000000000
000000000000000000000000000000000111111111111111111111111111111111111111111111111111111111111111111111111111111111110000000000000000000000000000000000
000000000000000000000000000000000111111111111111111111111111111111111111111111111111111111111111111111111111111111110000000000000000000000000000000000
000000000000000000000000000001111111111111111111111111111111111111111111111111111111111111111111111111111111111111111110000000000000000000000000000000
000000000000000000000000000001111111111111111111111111111111111111111111111111111111111111111111111111111111111111111110000000000000000000000000000000
000000000000000000000000000001111111111111111111111111111111111111111111111111111111111111111111111111111111111111111111000000000000000000000000000000
000000000000000000000000000001111111111111111111111111111111111111111111111111111111111111111111111111111111111111111111000000000000000000000000000000
000000000000000000000000000001111111111111111111111111111111111111111111111111111111111111111111111111111111111111111111110000000000000000000000000000
000000000000000000000000000001111111111111111111111111111111111111111111111111111111111111111111111111111111111111111111110000000000000000000000000000
000000000000000000000000000111111111111111111111111111111111111111111111111111111111111111111111111111111111111111111111111000000000000000000000000000
000000000000000000000000000111111111111111111111111111111111111111111111111111111111111111111111111111111111111111111111111000000000000000000000000000
000000000000000000000000001111111111111111111111111111111111111111111111111111111111111111111111111111111111111111111111111110000000000000000000000000
000000000000000000000000001111111111111111111111111111111111111111111111111111111111111111111111111111111111111111111111111110000000000000000000000000
000000000000000000000000111111111111111111111111111111111111111111111111111111111111111111111111111111111111111111111111111111000000000000000000000000
000000000000000000000000111111111111111111111111111111111111111111111111111111111111111111111111111111111111111111111111111111000000000000000000000000
000000000000001111111111111111111111111111111111111111111111111111111111111111111111111111111111111111111111111111111111111111110000000000000000000000
000000000000001111111111111111111111111111111111111111111111111111111111111111111111111111111111111111111111111111111111111111110000000000000000000000
000000000000001111111111111111111111111111111111111111111111111111111111111111111111111111111111111111111111111111111111111111111000000000000000000000
000000000000001111111111111111111111111111111111111111111111111111111111111111111111111111111111111111111111111111111111111111111000000000000000000000
000000000000001111111111111111111111111111111111111111111111111111111111111111111111111111111111111111111111111111111111111111110000000000000000000000
000000000000001111111111111111111111111111111111111111111111111111111111111111111111111111111111111111111111111111111111111111110000000000000000000000
000000000000000111111111111111111111111111111111111111111111111111111111111111111111111111111111111111111111111111111111111111100000000000000000000000
000000000000000111111111111111111111111111111111111111111111111111111111111111111111111111111111111111111111111111111111111111100000000000000000000000
000000000000000000111111111111111111111111111111111111111111111111111111111111111111111111111111111111111111111111111111111100000000000000000000000000
000000000000000000111111111111111111111111111111111111111111111111111111111111111111111111111111111111111111111111111111111100000000000000000000000000
000000000000000000001111111111111111111111111111111111111111111111111111111111111111111111111111111111111111111111111111110000000000000000000000000000
000000000000000000001111111111111111111111111111111111111111111111111111111111111111111111111111111111111111111111111111110000000000000000000000000000
000000000000000000000011111111111111111111111111111111111111111111111111111111111111111111111111111111111111111111111111000000000000000000000000000000
000000000000000000000011111111111111111111111111111111111111111111111111111111111111111111111111111111111111111111111111000000000000000000000000000000
000000000000000000000000111111111111111111111111111111111111111111111111111111111111111111111111111111111111111111111111000000000000000000000000000000
000000000000000000000000111111111111111111111111111111111111111111111111111111111111111111111111111111111111111111111111000000000000000000000000000000
000000000000000000000000001111111111111111111111111111111111111111111111111111111111111111111111111111111111111111111110000000000000000000000000000000
000000000000000000000000001111111111111111111111111111111111111111111111111111111111111111111111111111111111111111111110000000000000000000000000000000
000000000000000000000000100001111111111111111111111111111111111111111111111111111111111111111111111111111111111111111111000000000000000000000000000000
000000000000000000000000100001111111111111111111111111111111111111111111111111111111111111111111111111111111111111111111000000000000000000000000000000
000000000000000000000000000000011111111111111111111111111111111111111111111111111111111111111111111111111111111111111111000000000000000000000000000000
000000000000000000000000000000011111111111111111111111111111111111111111111111111111111111111111111111111111111111111111000000000000000000000000000000
000000000000000000000000000000000111111111111111111111111111111111111111111111111111111111111111111111111111111111111111000000000000000000000000000000
000000000000000000000000000000000111111111111111111111111111111111111111111111111111111111111111111111111111111111111111000000000000000000000000000000
000000000000000000000000000000000011111111111111111111111111111111111111111111111111111111111111111111111111111111111110000000000000000000000000000000
000000000000000000000000000000000011111111111111111111111111111111111111111111111111111111111111111111111111111111111110000000000000000000000000000000
000000000000000000000000000000000000011111111111111111111111111111111111111111111111111111111111111111111111111111111000000000000000000000000000000000
000000000000000000000000000000000000011111111111111111111111111111111111111111111111111111111111111111111111111111111000000000000000000000000000000000
000000000000000000000000000000000000001111111111111111111111111111111111111111111111111111111111111111111111111111100000000000000000000000000000000000
000000000000000000000000000000000000001111111111111111111111111111111111111111111111111111111111111111111111111111100000000000000000000000000000000000
000000000000000000000000000000000000000011111111111111111111111111111111111111111111111111111111111111111111111110000000000000000000000000000000000000
000000000000000000000000000000000000000011111111111111111111111111111111111111111111111111111111111111111111111110000000000000000000000000000000000000
111111111111111111111111111111111111111111111111111111111111111111111111111111111111111111111111111111111111111111111111111111111111111111111111111111
111111111111111111111111111111111111111111111111111111111111111111111111111111111111111111111111111111111111111111111111111111111111111111111111111111
