000000000000000000000000000000000000000111111111111111111111111111111111111111111111111000000000000000000000000000000000000000000000000000000000000000
000000000000000000000000000000000000000111111111111111111111111111111111111111111111111000000000000000000000000000000000000000000000000000000000000000
000000000000000000000000000000000000111111111111111111111111111111111111111111111111111000000000000000000000000000000000000000000000000000000000000000
000000000000000000000000000000000000111111111111111111111111111111111111111111111111111000000000000000000000000000000000000000000000000000000000000000
000000000000000000000000000000000000001111111111111111111111111111111111111111111111111000000000000000000000000000000000000000000000000000000000000000
000000000000000000000000000000000000001111111111111111111111111111111111111111111111111000000000000000000000000000000000000000000000000000000000000000
000000000000000000000000000000000001111111111111111111111111111111111111111111111111111100000000000000000000000000000000000000000000000000000000000000
000000000000000000000000000000000001111111111111111111111111111111111111111111111111111100000000000000000000000000000000000000000000000000000000000000
000000000000000000000000000000000000011111111111111111111111111111111111111111111111111110000000000000000000000000000000000000000000000000000000000000
000000000000000000000000000000000000011111111111111111111111111111111111111111111111111110000000000000000000000000000000000000000000000000000000000000
000000000000000000000000000000000111111111111111111111111111111111111111111111111111111110000000000000000000000000000000000000000000000000000000000000
000000000000000000000000000000000111111111111111111111111111111111111111111111111111111110000000000000000000000000000000000000000000000000000000000000
000000000000000000000000000000111111111111111111111111111111111111111111111111111111111111000000000000000000000000000000000000000000000000000000000000
000000000000000000000000000000111111111111111111111111111111111111111111111111111111111111000000000000000000000000000000000000000000000000000000000000
000000000000000000000000000000000001111111111111111111111111111111111111111111111111111111100000000000000000000000000000000000000000000000000000000000
000000000000000000000000000000000001111111111111111111111111111111111111111111111111111111100000000000000000000000000000000000000000000000000000000000
000000000000000000000000000000001111111111111111111111111111111111111111111111111111111111110000000000000000000000000000000000000000000000000000000000
000000000000000000000000000000001111111111111111111111111111111111111111111111111111111111110000000000000000000000000000000000000000000000000000000000
000000000000000000000000000000111111101111111111111111111111111111111111111111111111111111111000000000000000000000000000000000000000000000000000000000
000000000000000000000000000000111111101111111111111111111111111111111111111111111111111111111000000000000000000000000000000000000000000000000000000000
000000000000000000000000000000000011111111111111111111111111111111111111111111111111111111111100000000000000000000000000000000000000000000000000000000
000000000000000000000000000000000011111111111111111111111111111111111111111111111111111111111100000000000000000000000000000000000000000000000000000000
000000000000000000000000000000111111111111111111111111111111111111111111111111111111111111111110000000000000000000000000000000000000000000000000000000
000000000000000000000000000000111111111111111111111111111111111111111111111111111111111111111110000000000000000000000000000000000000000000000000000000
000000000000000000000000000011111111111111111111111111111111111111111111111111111111111111111111000000000000000000000000000000000000000000000000000000
000000000000000000000000000011111111111111111111111111111111111111111111111111111111111111111111000000000000000000000000000000000000000000000000000000
000000000000000000000000000111111111111111111111111111111111111111111111111111111111111111111111100000000000000000000000000000000000000000000000000000
000000000000000000000000000111111111111111111111111111111111111111111111111111111111111111111111100000000000000000000000000000000000000000000000000000
000000000000000000000000011111111111111111111111111111111111111111111111111111111111111111111111110000000000000000000000000000000000000000000000000000
000000000000000000000000011111111111111111111111111111111111111111111111111111111111111111111111110000000000000000000000000000000000000000000000000000
000000000000000000000000000111111111111111111111111111111111111111111111111111111111111111111111111000000000000000000000000000000000000000000000000000
000000000000000000000000000111111111111111111111111111111111111111111111111111111111111111111111111000000000000000000000000000000000000000000000000000
000000000000000000000000000001111111111111111111111111111111111111111111111111111111111111111111111110000000000000000000000000000000000000000000000000
000000000000000000000000000001111111111111111111111111111111111111111111111111111111111111111111111110000000000000000000000000000000000000000000000000
000000000000000000000000000001111111111111111111111111111111111111111111111111111111111111111111111111000000000000000000000000000000000000000000000000
000000000000000000000000000001111111111111111111111111111111111111111111111111111111111111111111111111000000000000000000000000000000000000000000000000
000000000000000000000000000001111111111111111111111111111111111111111111111111111111111111111111111111000000000000000000000000000000000000000000000000
000000000000000000000000000001111111111111111111111111111111111111111111111111111111111111111111111111000000000000000000000000000000000000000000000000
000000000000000000000000000000011111110011111111111111111111111111111111111111111111111111111111111111100000000000000000000000000000000000000000000000
000000000000000000000000000000011111110011111111111111111111111111111111111111111111111111111111111111100000000000000000000000000000000000000000000000
000000000000000000000000000000011110000111111111111111111111111111111111111111111111111111111111111111110000000000000000000000000000000000000000000000
000000000000000000000000000000011110000111111111111111111111111111111111111111111111111111111111111111110000000000000000000000000000000000000000000000
000000000000000000000000000000110000000111111111111111111111111111111111111111111111111111111111111111110000000000000000000000000000000000000000000000
000000000000000000000000000000110000000111111111111111111111111111111111111111111111111111111111111111110000000000000000000000000000000000000000000000
000000000000000000000000000000000000000101111111111111111111111111111111111111111111111111111111111111110000000000000000000000000000000000000000000000
000000000000000000000000000000000000000101111111111111111111111111111111111111111111111111111111111111110000000000000000000000000000000000000000000000
000000000000000000000000000000000000000001111111111111111111111111111111111111111111111111111111111111110000000000000000000000000000000000000000000000
000000000000000000000000000000000000000001111111111111111111111111111111111111111111111111111111111111110000000000000000000000000000000000000000000000
000000000000000000000000000000000000000001111111111111111111111111111111111111111111111111111111111111110000000000000000000000000000000000000000000000
000000000000000000000000000000000000000001111111111111111111111111111111111111111111111111111111111111110000000000000000000000000000000000000000000000
000000000000000000000000000000000000000001111111111111111111111111111111111111111111111111111111111111110000000000000000000000000000000000000000000000
000000000000000000000000000000000000000001111111111111111111111111111111111111111111111111111111111111110000000000000000000000000000000000000000000000
000000000000000000000000000000000000000001111111111111111111111111111111111111111111111111111111111111110000000000000000000000000000000000000000000000
000000000000000000000000000000000000000001111111111111111111111111111111111111111111111111111111111111110000000000000000000000000000000000000000000000
000000000000000000000000000000000000000001111111111111111111111111111111111111111111111111111111111111110000000000000000000000000000000000000000000000
000000000000000000000000000000000000000001111111111111111111111111111111111111111111111111111111111111110000000000000000000000000000000000000000000000
000000000000000000000000000000000000000001111111111111111111111111111111111111111111111111111111111111110000000000000000000000000000000000000000000000
000000000000000000000000000000000000000001111111111111111111111111111111111111111111111111111111111111110000000000000000000000000000000000000000000000
000000000000000000000000000000000000000001111111111111111111111111111111111111111111111111111111111111110000000000000000000000000000000000000000000000
000000000000000000000000000000000000000001111111111111111111111111111111111111111111111111111111111111110000000000000000000000000000000000000000000000
000000000000000000000000000000000000000000111111111111111111111111111111111111111111111111111111111111100000000000000000000000000000000000000000000000
000000000000000000000000000000000000000000111111111111111111111111111111111111111111111111111111111111100000000000000000000000000000000000000000000000
000000000000000000000000000000000000000000011111111111111111111111111111111111111111111111111111111111100000000000000000000000000000000000000000000000
000000000000000000000000000000000000000000011111111111111111111111111111111111111111111111111111111111100000000000000000000000000000000000000000000000
000000000000000000000000000000000000000000000111111111111111111111111111111111111111111111111111111111100000000000000000000000000000000000000000000000
000000000000000000000000000000000000000000000111111111111111111111111111111111111111111111111111111111100000000000000000000000000000000000000000000000
000000000000000000000000000000000000000000000111111111111111111111111111111111111111111111111111111111100000000000000000000000000000000000000000000000
000000000000000000000000000000000000000000000111111111111111111111111111111111111111111111111111111111100000000000000000000000000000000000000000000000
000000000000000000000000000000000000000000000011111111111111111111111111111111111111111111111111111111100000000000000000000000000000000000000000000000
000000000000000000000000000000000000000000000011111111111111111111111111111111111111111111111111111111100000000000000000000000000000000000000000000000
000000000000000000000000000000000000000000000011101111111111111111111111111111111111111111111111111111100000000000000000000000000000000000000000000000
000000000000000000000000000000000000000000000011101111111111111111111111111111111111111111111111111111100000000000000000000000000000000000000000000000
000000000000000000000000000000000000000000000010001111111111111111111111111111111111111111111111111111100000000000000000000000000000000000000000000000
000000000000000000000000000000000000000000000010001111111111111111111111111111111111111111111111111111100000000000000000000000000000000000000000000000
000000000000000000000000000000000000000000000000001111111111111111111111111111111111111111111111111111100000000000000000000000000000000000000000000000
000000000000000000000000000000000000000000000000001111111111111111111111111111111111111111111111111111100000000000000000000000000000000000000000000000
000000000000000000000000000000000000000000000000001111111111111111111111111111111111111111111111111111100000000000000000000000000000000000000000000000
000000000000000000000000000000000000000000000000001111111111111111111111111111111111111111111111111111100000000000000000000000000000000000000000000000
000000000000000000000000000000000000000000000000001111111111111111111111111111111111111111111111111111000000000000000000000000000000000000000000000000
000000000000000000000000000000000000000000000000001111111111111111111111111111111111111111111111111111000000000000000000000000000000000000000000000000
000000000000000000000000000000000000000000000000000000111111111111111111111111111111111111111111111111000000000000000000000000000000000000000000000000
000000000000000000000000000000000000000000000000000000111111111111111111111111111111111111111111111111000000000000000000000000000000000000000000000000
000000000000000000000000000000000000000000000000000000111111111111111111111111111111111111111111111111000000000000000000000000000000000000000000000000
000000000000000000000000000000000000000000000000000000111111111111111111111111111111111111111111111111000000000000000000000000000000000000000000000000
000000000000000000000000000000000000000000000000000001111111111111111111111111111111111111111111111111000000000000000000000000000000000000000000000000
000000000000000000000000000000000000000000000000000001111111111111111111111111111111111111111111111111000000000000000000000000000000000000000000000000
000000000000000000000000000000000000000000000000000001101111111111111111111111111111111111111111111111000000000000000000000000000000000000000000000000
000000000000000000000000000000000000000000000000000001101111111111111111111111111111111111111111111111000000000000000000000000000000000000000000000000
000000000000000000000000000000000000000000000000000010011111111111111111111111111111111111111111111111000000000000000000000000000000000000000000000000
000000000000000000000000000000000000000000000000000010011111111111111111111111111111111111111111111111000000000000000000000000000000000000000000000000
000000000000000000000000000000000000000000000000000000111100111111111111111111111111111111111111111111000000000000000000000000000000000000000000000000
000000000000000000000000000000000000000000000000000000111100111111111111111111111111111111111111111111000000000000000000000000000000000000000000000000
000000000000000000000000000000000000000000000000000000110000111111111111111111111111111111111111111111000000000000000000000000000000000000000000000000
000000000000000000000000000000000000000000000000000000110000111111111111111111111111111111111111111111000000000000000000000000000000000000000000000000
000000000000000000000000000000000000000000000000000001000001111111111111111111111111111111111111111111000000000000000000000000000000000000000000000000
000000000000000000000000000000000000000000000000000001000001111111111111111111111111111111111111111111000000000000000000000000000000000000000000000000
000000000000000000000000000000000000000000000000000000000001111111111111111111111111111111111111111111000000000000000000000000000000000000000000000000
000000000000000000000000000000000000000000000000000000000001111111111111111111111111111111111111111111000000000000000000000000000000000000000000000000
000000000000000000000000000000000000000000000000000000000001111111111111111111111111111111111111111111000000000000000000000000000000000000000000000000
000000000000000000000000000000000000000000000000000000000001111111111111111111111111111111111111111111000000000000000000000000000000000000000000000000
000000000000000000000000000000000000000000000000000000000011111111111111111111111111111111111111111111000000000000000000000000000000000000000000000000
000000000000000000000000000000000000000000000000000000000011111111111111111111111111111111111111111111000000000000000000000000000000000000000000000000
000000000000000000000000000000000000000000000000000000000011111111111111111111111111111111111111111111000000000000000000000000000000000000000000000000
000000000000000000000000000000000000000000000000000000000011111111111111111111111111111111111111111111000000000000000000000000000000000000000000000000
000000000000000000000000000000000000000000000000000000000011011111111111111111111111111111111111111111000000000000000000000000000000000000000000000000
000000000000000000000000000000000000000000000000000000000011011111111111111111111111111111111111111111000000000000000000000000000000000000000000000000
000000000000000000000000000000000000000000000000000000000010111111111111111111111111111111111111111111000000000000000000000000000000000000000000000000
000000000000000000000000000000000000000000000000000000000010111111111111111111111111111111111111111111000000000000000000000000000000000000000000000000
000000000000000000000000000000000000000000000000000000000000111111111111111111111111111111111111111111000000000000000000000000000000000000000000000000
000000000000000000000000000000000000000000000000000000000000111111111111111111111111111111111111111111000000000000000000000000000000000000000000000000
000000000000000000000000000000000000000000000000000000000000110011111111111111111111111111111111111110000000000000000000000000000000000000000000000000
000000000000000000000000000000000000000000000000000000000000110011111111111111111111111111111111111110000000000000000000000000000000000000000000000000
000000000000000000000000000000000000000000000000000000000001100111111111111111111111101111111111111110000000000000000000000000000000000000000000000000
000000000000000000000000000000000000000000000000000000000001100111111111111111111111101111111111111110000000000000000000000000000000000000000000000000
111111111111111111111111111111111111111111111111111111111111111111111111111111111111111111111111111111111111111111111111111111111111111111111111111111
111111111111111111111111111111111111111111111111111111111111111111111111111111111111111111111111111111111111111111111111111111111111111111111111111111
