000000000000000000000000000000000000000000000000000000000000000000000000000000000000000000000000000000000000000000000000000000000000000000000000000000
000000000000000000000000000000000000000000000000000000000000000000000000000000000000000000000000000000000000000000000000000000000000000000000000000000
000000000000000000000000000000000000000000000000000000000000000000000000000000000000000000000000000000000000000000000000000000000000000000000000000000
000000000000000000000000000000000000000000000000000000000000000000000000000000000000000000000000000000000000000000000000000000000000000000000000000000
000000000000000000000000000000000000000000000000000000000000000000000000000000000000000000000000000000000000000000000000000000000000000000000000000000
000000000000000000000000000000000000000000000000000000000000000000000000000000000000000000000000000000000000000000000000000000000000000000000000000000
000000000000000000000000000000000000000000000000000000000000000000000000000000000000000000000000000000000000000000000000000000000000000000000000000000
000000000000000000000000000000000000000000000000000000000000000000000000000000000000000000000000000000000000000000000000000000000000000000000000000000
000000000000000000000000000000111111111000000000000000000000000000000000000000000000000000000000000000000000000000000000000000000000000000000000000000
000000000000000000000000000000111111111000000000000000000000000000000000000000000000000000000000000000000000000000000000000000000000000000000000000000
000000000000000000000000000111111111111100000000000000000000000000000000000000000000000000000000000000000000000000000000000000000000000000000000000000
000000000000000000000000000111111111111100000000000000000000000000000000000000000000000000000000000000000000000000000000000000000000000000000000000000
000000000000000000000000000111111111111110000000000000000000000000000000000000000000000000000000000000000000000000000000000000000000000000000000000000
000000000000000000000000000111111111111110000000000000000000000000000000000000000000000000000000000000000000000000000000000000000000000000000000000000
000000000000000000000000000111111111111111111110000000000000000000000000000000000000000000000000000000000000000000000000000000000000000000000000000000
000000000000000000000000000111111111111111111110000000000000000000000000000000000000000000000000000000000000000000000000000000000000000000000000000000
000000000000000000000000000111111111111111111111000000000000000000000000000000000000000000000000000000000000000000000000000000000000000000000000000000
000000000000000000000000000111111111111111111111000000000000000000000000000000000000000000000000000000000000000000000000000000000000000000000000000000
000000000000000000000000111111111111111111111111111000000000000000000000000000000000000000000000000000000000000000000000000000000000000000000000000000
000000000000000000000000111111111111111111111111111000000000000000000000000000000000000000000000000000000000000000000000000000000000000000000000000000
000000000000000000000001111111111111111111111111111100000000000000000000000000000000000000000000000000000000000000000000000000000000000000000000000000
000000000000000000000001111111111111111111111111111100000000000000000000000000000000000000000000000000000000000000000000000000000000000000000000000000
000000000000000000000111111111111111111111111111111111000000000000000000000000000000000000000000000000000000000000000000000000000000000000000000000000
000000000000000000000111111111111111111111111111111111000000000000000000000000000000000000000000000000000000000000000000000000000000000000000000000000
000000000000000000001111111111111111111111111111111111100000000000000000000000000000000000000000000000000000000000000000000000000000000000000000000000
000000000000000000001111111111111111111111111111111111100000000000000000000000000000000000000000000000000000000000000000000000000000000000000000000000
000000000000000000011111111111111111111111111111111111110000000000000000000000000000000000000000000000000000000000000000000000000000000000000000000000
000000000000000000011111111111111111111111111111111111110000000000000000000000000000000000000000000000000000000000000000000000000000000000000000000000
000000000000000000011111111111111111111111111111111111110000000000000000000000000000000000000000000000000000000000000000000000000000000000000000000000
000000000000000000011111111111111111111111111111111111110000000000000000000000000000000000000000000000000000000000000000000000000000000000000000000000
000000000000000000111111111111111111111111111111111111111000000000000000000000000000000000000000000000000000000000000000000000000000000000000000000000
000000000000000000111111111111111111111111111111111111111000000000000000000000000000000000000000000000000000000000000000000000000000000000000000000000
000000000000000000111111111111111111111111111111111111111100000000000000000000000000000000000000000000000000000000000000000000000000000000000000000000
000000000000000000111111111111111111111111111111111111111100000000000000000000000000000000000000000000000000000000000000000000000000000000000000000000
000000000000000000011111111111111111111111111111111111111110000000000000000000000000000000000000000000000000000000000000000000000000000000000000000000
000000000000000000011111111111111111111111111111111111111110000000000000000000000000000000000000000000000000000000000000000000000000000000000000000000
000000000000000000000111111111111111111111111111111111111111000000000000000000000000000000000000000000000000000000000000000000000000000000000000000000
000000000000000000000111111111111111111111111111111111111111000000000000000000000000000000000000000000000000000000000000000000000000000000000000000000
000000000000000000000010111111111111111111111111111111111111000000000000000000000000000000000000000000000000000000000000000000000000000000000000000000
000000000000000000000010111111111111111111111111111111111111000000000000000000000000000000000000000000000000000000000000000000000000000000000000000000
000000000000000000000000000011111111111111111111111111111111000011000000000000000000000000000000000000000000000000000000000000000000000000000000000000
000000000000000000000000000011111111111111111111111111111111000011000000000000000000000000000000000000000000000000000000000000000000000000000000000000
000000000000000000000000000111111111111111111111111111111111000011111100000000000000000000000000000000000000000000000000000000000000000000000000000000
000000000000000000000000000111111111111111111111111111111111000011111100000000000000000000000000000000000000000000000000000000000000000000000000000000
000000000000000000000000000111111111111111111111111111111111100011111111100000000000000000000000000000000000000000000000000000000000000000000000000000
000000000000000000000000000111111111111111111111111111111111100011111111100000000000000000000000000000000000000000000000000000000000000000000000000000
000000000000000000000000000001111111111111111111111111111111001111111111111110000000000000000000000000000000000000000000000000000000000000000000000000
000000000000000000000000000001111111111111111111111111111111001111111111111110000000000000000000000000000000000000000000000000000000000000000000000000
000000000000000000000000000000111111111111111111111111111001011111111111111111111111100000000000000011111110000000000000000000000000000000000000000000
000000000000000000000000000000111111111111111111111111111001011111111111111111111111100000000000000011111110000000000000000000000000000000000000000000
000000000000000000000000000000001111001111111111111111111001111111111111111111111111111111111111111111111111111110000000000000000000000000000000000000
000000000000000000000000000000001111001111111111111111111001111111111111111111111111111111111111111111111111111110000000000000000000000000000000000000
110000011110000000000000000000000000001111111111111110000011111111111111111111111111111111111111111111111111111111110000000000000000000000000000000000
110000011110000000000000000000000000001111111111111110000011111111111111111111111111111111111111111111111111111111110000000000000000000000000000000000
110011111111111111111111110000000001111111111111110110000111111111111111111111111111111111111111111111111111111111111100000000000000000000000000000000
110011111111111111111111110000000001111111111111110110000111111111111111111111111111111111111111111111111111111111111100000000000000000000000000000000
111111111111111100000000000000000111111111111111111110011111111111111111111111111111111111111111111111111111111111111111000000000000000000000000000000
111111111111111100000000000000000111111111111111111110011111111111111111111111111111111111111111111111111111111111111111000000000000000000000000000000
111111111111111110000000000000111111111111111111111111111111111111111111111111111111111111111111111111111111111111111111110000000000000000000000000000
111111111111111110000000000000111111111111111111111111111111111111111111111111111111111111111111111111111111111111111111110000000000000000000000000000
111111111111111111000000000011111111111111111111111111111111111111111111111111111111111111111111111111111111111111111111111100000000000000000000000000
111111111111111111000000000011111111111111111111111111111111111111111111111111111111111111111111111111111111111111111111111100000000000000000000000000
111111100111111111000000001111111111111111111111111111111111111111111111111111111111111111111111111111111111111111111111111111000000000000000000000000
111111100111111111000000001111111111111111111111111111111111111111111111111111111111111111111111111111111111111111111111111111000000000000000000000000
111111110001111111100000011111111111111111111111111111111111111111111111111111111111111111111111111111111111111111111111111111110000000000000000000000
111111110001111111100000011111111111111111111111111111111111111111111111111111111111111111111111111111111111111111111111111111110000000000000000000000
111111111000011111110000011111111111111111111111111111111111111111111111111111111111111111111111111111111111111111111111111111111100000000000000000000
111111111000011111110000011111111111111111111111111111111111111111111111111111111111111111111111111111111111111111111111111111111100000000000000000000
111111111100011111111000011111111111111111111111111111111111111111111111111111111111111111111111111111111111111111111111111111111111000000000000000000
111111111100011111111000011111111111111111111111111111111111111111111111111111111111111111111111111111111111111111111111111111111111000000000000000000
111111111111011111111100111111111111111111111111111111111111111111111111111111111111111111111111111111111111111111111111111111111111110000000000000000
111111111111011111111100111111111111111111111111111111111111111111111111111111111111111111111111111111111111111111111111111111111111110000000000000000
111111111111001111111111111111111111111111111111111111111111111111111111111111111111111111111111111111111111111111111111111111111111111000000000000000
111111111111001111111111111111111111111111111111111111111111111111111111111111111111111111111111111111111111111111111111111111111111111000000000000000
111111111000001111111111111111111111111111111111111111111111111011111111111111111111111111111111111111111111111111111111111111111111111110000000000000
111111111000001111111111111111111111111111111111111111111111111011111111111111111111111111111111111111111111111111111111111111111111111110000000000000
111111111100000111111111111111111111111111111111111111111111000011111111111111111111111111111111111111111111111111111111111111111111111111100000000000
111111111100000111111111111111111111111111111111111111111111000011111111111111111111111111111111111111111111111111111111111111111111111111100000000000
011111111110000011111111111111111111111111111111111111111111000000111111111111111111111111111111111111111111111111111111111111111111111111111000000000
011111111110000011111111111111111111111111111111111111111111000000111111111111111111111111111111111111111111111111111111111111111111111111111000000000
000111111111110001111111111111111111111111111111111111100000000000110111111111111111111111111111111111111111111111111111111111111111111111111110000000
000111111111110001111111111111111111111111111111111111100000000000110111111111111111111111111111111111111111111111111111111111111111111111111110000000
000000111111111111111111111111111111111111111111100000011000000000000011111111111111111111111111111111111111111111111111111111111111111111111101111000
000000111111111111111111111111111111111111111111100000011000000000000011111111111111111111111111111111111111111111111111111111111111111111111101111000
000000001111111111111111111111111111111111111111100000111100000000000011111111111111111111111111111111111111111111111111111111111111111111111110000000
000000001111111111111111111111111111111111111111100000111100000000000011111111111111111111111111111111111111111111111111111111111111111111111110000000
000000000111111111111111111111111111111111111111100000111000000000000011111111111111111111111111111111111111111111111111111111111111111101110001000000
000000000111111111111111111111111111111111111111100000111000000000000011111111111111111111111111111111111111111111111111111111111111111101110001000000
000000000011111111111111111111111111111111111111000001111000000000000001111111111111111111111111111111111111111111111111111111100001010110001000000000
000000000011111111111111111111111111111111111111000001111000000000000001111111111111111111111111111111111111111111111111111111100001010110001000000000
000000000000111111111111111111111111111111111111000001110000000000000001111111111111111111111111111111111111111111111111111111110000000000000000000000
000000000000111111111111111111111111111111111111000001110000000000000001111111111111111111111111111111111111111111111111111111110000000000000000000000
000000000000001111111111111111111111111111111111000011110000000000000001011111111111111111111111111111111111111111111111111111111000000000000000000000
000000000000001111111111111111111111111111111111000011110000000000000001011111111111111111111111111111111111111111111111111111111000000000000000000000
000000000000000011111111111111111111111111111111000011100000000000000000011111111111111111111111111111111111111111111111111111111100000000000000000000
000000000000000011111111111111111111111111111111000011100000000000000000011111111111111111111111111111111111111111111111111111111100000000000000000000
000000000000000000111111111111111111111111111111100111100000000000000000011111111111111111111111111111111111111111111111111111111111000000000000000000
000000000000000000111111111111111111111111111111100111100000000000000000011111111111111111111111111111111111111111111111111111111111000000000000000000
000000000000000000001111111111111111111111111111110111000000000000000000000111111111111111111111111111111111111111111111111111111111100000000000000000
000000000000000000001111111111111111111111111111110111000000000000000000000111111111111111111111111111111111111111111111111111111111100000000000000000
000000000000000000001111111111111111111111111111111111000000000000000000000110111111111111111111111111111111111111111111111111111111110000000000000000
000000000000000000001111111111111111111111111111111111000000000000000000000110111111111111111111111111111111111111111111111111111111110000000000000000
000000000000000000011111111111111111111111111111111111000000000000000000000000111111111111111111111111111111111111111111111111111111111000000000000000
000000000000000000011111111111111111111111111111111111000000000000000000000000111111111111111111111111111111111111111111111111111111111000000000000000
000000000000000000111111111111111111111111111111111111111110000000000000000000110111111111111111111111111111111111111111111111111111111100000000000000
000000000000000000111111111111111111111111111111111111111110000000000000000000110111111111111111111111111111111111111111111111111111111100000000000000
000000000000000000111111111111111111111111111111111111111111100000000000000000000111111111111111111111111111111111111111111111111111111110000000000000
000000000000000000111111111111111111111111111111111111111111100000000000000000000111111111111111111111111111111111111111111111111111111110000000000000
000000000000000000111111111111111111111111111111111111111111111100000000000000000111111111111111111111111111111111111111111111111111111111000000000000
000000000000000000111111111111111111111111111111111111111111111100000000000000000111111111111111111111111111111111111111111111111111111111000000000000
000000000000000000111111111111111111111111111111111111111111111100000000000000000111111110111111111111111111111111111111111111111111111111100000000000
000000000000000000111111111111111111111111111111111111111111111100000000000000000111111110111111111111111111111111111111111111111111111111100000000000
000000000000000000111111111111111111111111111111111111111111110000000000000000001111111110101111111111111111111111111111111111111111111111110000000000
000000000000000000111111111111111111111111111111111111111111110000000000000000001111111110101111111111111111111111111111111111111111111111110000000000
111111111111111111111111111111111111111111111111111111111111111111111111111111111111111111111111111111111111111111111111111111111111111111111111111111
111111111111111111111111111111111111111111111111111111111111111111111111111111111111111111111111111111111111111111111111111111111111111111111111111111
