000000000000000000000000000000000000000000000000000000000000000000000000000000000000000000000000000000000000000000000000000000000000000000000000000000
000000000000000000000000000000000000000000000000000000000000000000000000000000000000000000000000000000000000000000000000000000000000000000000000000000
000000000000000000000000000000000000000000000000000000000000000000000000000000000000000000000000000000000000000000000000000000000000000000000000000000
000000000000000000000000000000000000000000000000000000000000000000000000000000000000000000000000000000000000000000000000000000000000000000000000000000
000000000000000000000000000000000000000000000000000000000000000000000000000000000000000000000000000000000000000000000000000000000000000000000000000000
000000000000000000000000000000000000000000000000000000000000000000000000000000000000000000000000000000000000000000000000000000000000000000000000000000
000000000000000000000000000000000000000000000000000000000000000000000000000000000000000000000000000000000000000000000000000000000000000000000000000000
000000000000000000000000000000000000000000000000000000000000000000000000000000000000000000000000000000000000000000000000000000000000000000000000000000
000000000000000000000000000000000000011111111110000000000000000000000000000000000000000000000000000000000000000000000000000000000000000000000000000000
000000000000000000000000000000000000011111111110000000000000000000000000000000000000000000000000000000000000000000000000000000000000000000000000000000
000000000000000000000000000000000001111111111111000000000000000000000000000000000000000000000000000000000000000000000000000000000000000000000000000000
000000000000000000000000000000000001111111111111000000000000000000000000000000000000000000000000000000000000000000000000000000000000000000000000000000
000000000000000000000000000000000011111111111111100000000000000000000000000000000000000000000000000000000000000000000000000000000000000000000000000000
000000000000000000000000000000000011111111111111100000000000000000000000000000000000000000000000000000000000000000000000000000000000000000000000000000
000000000000000000000000000000000011111111111111111111000000000000000000000000000000000000000000000000000000000000000000000000000000000000000000000000
000000000000000000000000000000000011111111111111111111000000000000000000000000000000000000000000000000000000000000000000000000000000000000000000000000
000000000000000000000000000000000001111111111111111111111000000000000000000000000000000000000000000000000000000000000000000000000000000000000000000000
000000000000000000000000000000000001111111111111111111111000000000000000000000000000000000000000000000000000000000000000000000000000000000000000000000
000000000000000000000000000000001111111111111111111111111110000000000000000000000000000000000000000000000000000000000000000000000000000000000000000000
000000000000000000000000000000001111111111111111111111111110000000000000000000000000000000000000000000000000000000000000000000000000000000000000000000
000000000000000000000000000000111111111111111111111111111111000000000000000000000000000000000000000000000000000000000000000000000000000000000000000000
000000000000000000000000000000111111111111111111111111111111000000000000000000000000000000000000000000000000000000000000000000000000000000000000000000
000000000000000000000000000011111111111111111111111111111111100000000000000000000000000000000000000000000000000000000000000000000000000000000000000000
000000000000000000000000000011111111111111111111111111111111100000000000000000000000000000000000000000000000000000000000000000000000000000000000000000
000000000000000000000000000111111111111111111111111111111111110000000000000000000000000000000000000000000000000000000000000000000000000000000000000000
000000000000000000000000000111111111111111111111111111111111110000000000000000000000000000000000000000000000000000000000000000000000000000000000000000
000000000000000000000000001111111111111111111111111111111111111100000000000000000000000000000000000000000000000000000000000000000000000000000000000000
000000000000000000000000001111111111111111111111111111111111111100000000000000000000000000000000000000000000000000000000000000000000000000000000000000
000000000000000000000000001111111111111111111111111111111111111100000000000000000000000000000000000000000000000000000000000000000000000000000000000000
000000000000000000000000001111111111111111111111111111111111111100000000000000000000000000000000000000000000000000000000000000000000000000000000000000
000000000000000000000000001111111111111111111111111111111111111110000000000000000000000000000000000000000000000000000000000000000000000000000000000000
000000000000000000000000001111111111111111111111111111111111111110000000000000000000000000000000000000000000000000000000000000000000000000000000000000
000000000000000000000000001111111111111111111111111111111111111111000000000000000000000000000000000000000000000000000000000000000000000000000000000000
000000000000000000000000001111111111111111111111111111111111111111000000000000000000000000000000000000000000000000000000000000000000000000000000000000
000000000000000000000000000111111111111111111111111111111111111111000000000000000000000000000000000000000000000000000000000000000000000000000000000000
000000000000000000000000000111111111111111111111111111111111111111000000000000000000000000000000000000000000000000000000000000000000000000000000000000
000000000000000000000000000011111111111111111111111111111111111111100000000000000000000000000000000000000000000000000000000000000000000000000000000000
000000000000000000000000000011111111111111111111111111111111111111100000000000000000000000000000000000000000000000000000000000000000000000000000000000
000000000000000000000000000001111111111111111111111111111111111111110000000000000000000000000000000000000000000000000000000000000000000000000000000000
000000000000000000000000000001111111111111111111111111111111111111110000000000000000000000000000000000000000000000000000000000000000000000000000000000
000000000000000000000000000000001111111111111111111111111111111111111000000000000000000000000000000000000000000000000000000000000000000000000000000000
000000000000000000000000000000001111111111111111111111111111111111111000000000000000000000000000000000000000000000000000000000000000000000000000000000
000000000000000000000000000000000001111111111111111111111111111111110000111000000000000000000000000000000000000000000000000000000000000000000000000000
000000000000000000000000000000000001111111111111111111111111111111110000111000000000000000000000000000000000000000000000000000000000000000000000000000
000000000000000000000000000000000111111111111111111111111111111111111000111111100000000000000000000000000000000000000000000000000000000000000000000000
000000000000000000000000000000000111111111111111111111111111111111111000111111100000000000000000000000000000000000000000000000000000000000000000000000
000000000000000000000000000000000000111111111111111111111111111111111101111111111000000000000000000000000000000000000000000000000000000000000000000000
000000000000000000000000000000000000111111111111111111111111111111111101111111111000000000000000000000000000000000000000000000000000000000000000000000
000000000000000000000000000000000000011111111111111111111111111111110011111111111111110000000000000000000000000000000000000000000000000000000000000000
000000000000000000000000000000000000011111111111111111111111111111110011111111111111110000000000000000000000000000000000000000000000000000000000000000
000000000000000000000000000000000000000111111111111111111111111110111111111111111111111111100000000000000000000000000000000000000000000000000000000000
000000000000000000000000000000000000000111111111111111111111111110111111111111111111111111100000000000000000000000000000000000000000000000000000000000
011111110000000000000000000000000000000000000111111111111111111110111111111111111111111111111111111111111111111111111110000000000000000000000000000000
011111110000000000000000000000000000000000000111111111111111111110111111111111111111111111111111111111111111111111111110000000000000000000000000000000
111111110000111111110000000000000000000000001111111111111111000001111111111111111111111111111111111111111111111111111111110000000000000000000000000000
111111110000111111110000000000000000000000001111111111111111000001111111111111111111111111111111111111111111111111111111110000000000000000000000000000
111111111111111111111111111000000000000000111111111111111111000011111111111111111111111111111111111111111111111111111111111100000000000000000000000000
111111111111111111111111111000000000000000111111111111111111000011111111111111111111111111111111111111111111111111111111111100000000000000000000000000
111111111111111111111110000000000000000011111111111111111111001111111111111111111111111111111111111111111111111111111111111111000000000000000000000000
111111111111111111111110000000000000000011111111111111111111001111111111111111111111111111111111111111111111111111111111111111000000000000000000000000
111111111111111111111111000000000000111111111111111111111111111111111111111111111111111111111111111111111111111111111111111111110000000000000000000000
111111111111111111111111000000000000111111111111111111111111111111111111111111111111111111111111111111111111111111111111111111110000000000000000000000
111111111111100111111111100000000001111111111111111111111111111111111111111111111111111111111111111111111111111111111111111111111100000000000000000000
111111111111100111111111100000000001111111111111111111111111111111111111111111111111111111111111111111111111111111111111111111111100000000000000000000
111111111111110011111111100000000111111111111111111111111111111111111111111111111111111111111111111111111111111111111111111111111111000000000000000000
111111111111110011111111100000000111111111111111111111111111111111111111111111111111111111111111111111111111111111111111111111111111000000000000000000
111111111111111000111111110000001111111111111111111111111111111111111111111111111111111111111111111111111111111111111111111111111111100000000000000000
111111111111111000111111110000001111111111111111111111111111111111111111111111111111111111111111111111111111111111111111111111111111100000000000000000
111111111111111100011111111000001111111111111111111111111111111111111111111111111111111111111111111111111111111111111111111111111111111000000000000000
111111111111111100011111111000001111111111111111111111111111111111111111111111111111111111111111111111111111111111111111111111111111111000000000000000
111111111111111110011111111100001111111111111111111111111111111111111111111111111111111111111111111111111111111111111111111111111111111110000000000000
111111111111111110011111111100001111111111111111111111111111111111111111111111111111111111111111111111111111111111111111111111111111111110000000000000
111111111111111111011111111110011111111111111111111111111111111111111111111111111111111111111111111111111111111111111111111111111111111111000000000000
111111111111111111011111111110011111111111111111111111111111111111111111111111111111111111111111111111111111111111111111111111111111111111000000000000
011111111111111100001111111111111111111111111111111111111111111111111111111111111111111111111111111111111111111111111111111111111111111111110000000000
011111111111111100001111111111111111111111111111111111111111111111111111111111111111111111111111111111111111111111111111111111111111111111110000000000
001111111111111100000111111111111111111111111111111111111111111111111111111111111111111111111111111111111111111111111111111111111111111111111000000000
001111111111111100000111111111111111111111111111111111111111111111111111111111111111111111111111111111111111111111111111111111111111111111111000000000
000011111111111110000111111111111111111111111111111111111111111111100011111111111111111111111111111111111111111111111111111111111111111111111100000000
000011111111111110000111111111111111111111111111111111111111111111100011111111111111111111111111111111111111111111111111111111111111111111111100000000
000000011111111111000011111111111111111111111111111111111111111111110000010111111111111111111111111111111111111111111111111111111111111111111111000000
000000011111111111000011111111111111111111111111111111111111111111110000010111111111111111111111111111111111111111111111111111111111111111111111000000
000000000011111111111101111111111111111111111111111111111111100000000000000101111111111111111111111111111111111111111111111111111111111111111111110000
000000000011111111111101111111111111111111111111111111111111100000000000000101111111111111111111111111111111111111111111111111111111111111111111110000
000000000000011111111111111111111111111111111111111111111000011100000000000001111111111111111111111111111111111111111111111111111111111111111111111100
000000000000011111111111111111111111111111111111111111111000011100000000000001111111111111111111111111111111111111111111111111111111111111111111111100
000000000000000111111111111111111111111111111111111111110000011110000000000011111111111111111111111111111111111111111111111111111111111111111111110111
000000000000000111111111111111111111111111111111111111110000011110000000000011111111111111111111111111111111111111111111111111111111111111111111110111
000000000000000111111111111111111111111111111111111111110000011100000000000011111111111111111111111111111111111111111111111111111111111111111111011000
000000000000000111111111111111111111111111111111111111110000011100000000000011111111111111111111111111111111111111111111111111111111111111111111011000
000000000000000001111111111111111111111111111111111111110000111100000000000001111111111111111111111111111111111111111111111111111111111111111111100110
000000000000000001111111111111111111111111111111111111110000111100000000000001111111111111111111111111111111111111111111111111111111111111111111100110
000000000000000000011111111111111111111111111111111111100000111000000000000001111111111111111111111111111111111111111111111111111111111110111000100000
000000000000000000011111111111111111111111111111111111100000111000000000000001111111111111111111111111111111111111111111111111111111111110111000100000
000000000000000000000111111111111111111111111111111111100000110000000000000001111111111111111111111111111111111111111111111111111111111111000000000000
000000000000000000000111111111111111111111111111111111100000110000000000000001111111111111111111111111111111111111111111111111111111111111000000000000
000000000000000000000001111111111111111111111111111111110001110000000000000000011111111111111111111111111111111111111111111111111111111111100000000000
000000000000000000000001111111111111111111111111111111110001110000000000000000011111111111111111111111111111111111111111111111111111111111100000000000
000000000000000000000000011111111111111111111111111111110001110000000000000000011111111111111111111111111111111111111111111111111111111111110000000000
000000000000000000000000011111111111111111111111111111110001110000000000000000011111111111111111111111111111111111111111111111111111111111110000000000
000000000000000000000000000111111111111111111111111111111011100000000000000000001111111111111111111111111111111111111111111111111111111111111100000000
000000000000000000000000000111111111111111111111111111111011100000000000000000001111111111111111111111111111111111111111111111111111111111111100000000
000000000000000000000000000111111111111111111111111111111111100000000000000000000110111111111111111111111111111111111111111111111111111111111110000000
000000000000000000000000000111111111111111111111111111111111100000000000000000000110111111111111111111111111111111111111111111111111111111111110000000
000000000000000000000000011111111111111111111111111111111111100000000000000000000000111111111111111111111111111111111111111111111111111111111111000000
000000000000000000000000011111111111111111111111111111111111100000000000000000000000111111111111111111111111111111111111111111111111111111111111000000
000000000000000000000000111111111111111111111111111111111111111100000000000000000000111111111111111111111111111111111111111111111111111111111111100000
000000000000000000000000111111111111111111111111111111111111111100000000000000000000111111111111111111111111111111111111111111111111111111111111100000
000000000000000000000000011111111111111111111111111111111111111111110000000000000000000111111111111111111111111111111111111111111111111111111111111000
000000000000000000000000011111111111111111111111111111111111111111110000000000000000000111111111111111111111111111111111111111111111111111111111111000
000000000000000000000000011111111111111111111111111111111111111111111100000000000000000111111111111111111111111111111111111111111111111111111111111100
000000000000000000000000011111111111111111111111111111111111111111111100000000000000000111111111111111111111111111111111111111111111111111111111111100
000000000000000000000000011111111111111111111111111111111111111111111100000000000000001111111111111111111111111111111111111111111111111111111111111110
000000000000000000000000011111111111111111111111111111111111111111111100000000000000001111111111111111111111111111111111111111111111111111111111111110
111111111111111111111111111111111111111111111111111111111111111111111111111111111111111111111111111111111111111111111111111111111111111111111111111111
111111111111111111111111111111111111111111111111111111111111111111111111111111111111111111111111111111111111111111111111111111111111111111111111111111
