000000000000000000000000000000000000000000000000000000000000000000000000000000000000000000000000000000000000000000000000000000000000000000000000000000
000000000000000000000000000000000000000000000000000000000000000000000000000000000000000000000000000000000000000000000000000000000000000000000000000000
000000000000000000000000000000000000000000000000000000000000000000000000000000000000000000000000000000000000000000000000000000000000000000000000000000
000000000000000000000000000000000000000000000000000000000000000000000000000000000000000000000000000000000000000000000000000000000000000000000000000000
000000000000000000000000000000000000000000000000000000000000000000000000000000000000000000000000000000000000000000000000000000000000000000000000000000
000000000000000000000000000000000000000000000000000000000000000000000000000000000000000000000000000000000000000000000000000000000000000000000000000000
000000000000000000000000000000000000000000000000000000000000000000000000000000000001111111111000000000000000000000000000000000000000000000000000000000
000000000000000000000000000000000000000000000000000000000000000000000000000000000001111111111000000000000000000000000000000000000000000000000000000000
000000000000000000000000000000000000000000000000000000000000000000000000000000000111111111111100000000000000000000000000000000000000000000000000000000
000000000000000000000000000000000000000000000000000000000000000000000000000000000111111111111100000000000000000000000000000000000000000000000000000000
000000000000000000000000000000000000000000000000000000000000000000000000000000011111111111111110000000000000000000000000000000000000000000000000000000
000000000000000000000000000000000000000000000000000000000000000000000000000000011111111111111110000000000000000000000000000000000000000000000000000000
000000000000000000000000000000000000000000000000000000000000000000000000000000011111111111111111111100000000000000000000000000000000000000000000000000
000000000000000000000000000000000000000000000000000000000000000000000000000000011111111111111111111100000000000000000000000000000000000000000000000000
000000000000000000000000000000000000000000000000000000000000000000000000000000001111111111111111111111100000000000000000000000000000000000000000000000
000000000000000000000000000000000000000000000000000000000000000000000000000000001111111111111111111111100000000000000000000000000000000000000000000000
000000000000000000000000000000000000000000000000000000000000000000000000000000011111111111111111111111111000000000000000000000000000000000000000000000
000000000000000000000000000000000000000000000000000000000000000000000000000000011111111111111111111111111000000000000000000000000000000000000000000000
000000000000000000000000000000000000000000000000000000000000000000000000000001111111111111111111111111111110000000000000000000000000000000000000000000
000000000000000000000000000000000000000000000000000000000000000000000000000001111111111111111111111111111110000000000000000000000000000000000000000000
000000000000000000000000000000000000000000000000000000000000000000000000000111111111111111111111111111111111100000000000000000000000000000000000000000
000000000000000000000000000000000000000000000000000000000000000000000000000111111111111111111111111111111111100000000000000000000000000000000000000000
000000000000000000000000000000000000000000000000000000000000000000000000001111111111111111111111111111111111110000000000000000000000000000000000000000
000000000000000000000000000000000000000000000000000000000000000000000000001111111111111111111111111111111111110000000000000000000000000000000000000000
000000000000000000000000000000000000000000000000000000000000000000000000011111111111111111111111111111111111111000000000000000000000000000000000000000
000000000000000000000000000000000000000000000000000000000000000000000000011111111111111111111111111111111111111000000000000000000000000000000000000000
000000000000000000000000000000000000000000000000000000000000000000000000011111111111111111111111111111111111111000000000000000000000000000000000000000
000000000000000000000000000000000000000000000000000000000000000000000000011111111111111111111111111111111111111000000000000000000000000000000000000000
000000000000000000000000000000000000000000000000000000000000000000000000111111111111111111111111111111111111111100000000000000000000000000000000000000
000000000000000000000000000000000000000000000000000000000000000000000000111111111111111111111111111111111111111100000000000000000000000000000000000000
000000000000000000000000000000000000000000000000000000000000000000000000111111111111111111111111111111111111111100000000000000000000000000000000000000
000000000000000000000000000000000000000000000000000000000000000000000000111111111111111111111111111111111111111100000000000000000000000000000000000000
000000000000000000000000000000000000000000000000000000000000000000000000111111111111111111111111111111111111111110000000000000000000000000000000000000
000000000000000000000000000000000000000000000000000000000000000000000000111111111111111111111111111111111111111110000000000000000000000000000000000000
000000000000000000000000000000000000000000000000000000000000000000000000011111111111111111111111111111111111111110000000000000000000000000000000000000
000000000000000000000000000000000000000000000000000000000000000000000000011111111111111111111111111111111111111110000000000000000000000000000000000000
000000000000000000000000000000000000000000000000000000000000000000000000001111111111111111111111111111111111111111100000000000000000000000000000000000
000000000000000000000000000000000000000000000000000000000000000000000000001111111111111111111111111111111111111111100000000000000000000000000000000000
000000000000000000000000000000000000000000000000000000000000000000000000000111111111111111111111111111111111111111110000000000000000000000000000000000
000000000000000000000000000000000000000000000000000000000000000000000000000111111111111111111111111111111111111111110000000000000000000000000000000000
000000000000000000000000000000000000000000000000000000000000000000000000000000010111111111111111111111111111111111110000000001000000000000000000000000
000000000000000000000000000000000000000000000000000000000000000000000000000000010111111111111111111111111111111111110000000001000000000000000000000000
000000000000000000000000000000000000000000000000000000000000000000000000000000000111111111111111111111111111111111100000000001110000000000000000000000
000000000000000000000000000000000000000000000000000000000000000000000000000000000111111111111111111111111111111111100000000001110000000000000000000000
000000000000000000000000000000000000000000000000000000000000000000000000000000011111111111111111111111111111111111110000000111111000000000000000000000
000000000000000000000000000000000000000000000000000000000000000000000000000000011111111111111111111111111111111111110000000111111000000000000000000000
000000000000000000000000000000000000000000000000000000000000000000000000000000000001111111111111111111111111111101100000001111111110000000000000000000
000000000000000000000000000000000000000000000000000000000000000000000000000000000001111111111111111111111111111101100000001111111110000000000000000000
000000000000000000000000000000000000000000000000000000000000000000000000000000000000011111111111111111111111111100100000111111111111100000000000000000
000000000000000000000000000000000000000000000000000000000000000000000000000000000000011111111111111111111111111100100000111111111111100000000000000000
000000000000000000000000000000000000000000000000000000000000000000000000000000000000001111110111111111111111111100000001111111111111110000000000000000
000000000000000000000000000000000000000000000000000000000000000000000000000000000000001111110111111111111111111100000001111111111111110000000000000000
000000000000000000000000000000000000000000000111111000000000000000000000000000000000000001000111111111111011000000000111111111111111111110000000000000
000000000000000000000000000000000000000000000111111000000000000000000000000000000000000001000111111111111011000000000111111111111111111110000000000000
000000000000000000000000000000000000000000011111111100000000000000000000000000000000000000001111111111110011000000011111111111111111111111100000000000
000000000000000000000000000000000000000000011111111100000000000000000000000000000000000000001111111111110011000000011111111111111111111111100000000000
000000000000000000000000000000000000000000001111111110000000000000000000000000000000000000111111111111111111000001111111111111111111111111111100000000
000000000000000000000000000000000000000000001111111110000000000000000000000000000000000000111111111111111111000001111111111111111111111111111100000000
000000000000000000000000000000000000000000000111111111000000011111000000000000111100000011111111111111111111000111111111111111111111111111111111100000
000000000000000000000000000000000000000000000111111111000000011111000000000000111100000011111111111111111111000111111111111111111111111111111111100000
000000000000000000000000000000000000000000000011111111100011111111111111111000000000111111111111111111111111111111111111111111111111111111111111111110
000000000000000000000000000000000000000000000011111111100011111111111111111000000000111111111111111111111111111111111111111111111111111111111111111110
000000000000000000000000000000000000000000000000111111111111111111111000000000000001111111111111111111111111111111111111111111111111111111111111111111
000000000000000000000000000000000000000000000000111111111111111111111000000000000001111111111111111111111111111111111111111111111111111111111111111111
000000000000000000000000000000000000000000000000011111111111111111111100000000000011111111111111111111111111111111111111111111111111111111111111111111
000000000000000000000000000000000000000000000000011111111111111111111100000000000011111111111111111111111111111111111111111111111111111111111111111111
000000000000000000000000000000000000000000000000011111111111111111111110000000000111111111111111111111111111111111111111111111111111111111111111111111
000000000000000000000000000000000000000000000000011111111111111111111110000000000111111111111111111111111111111111111111111111111111111111111111111111
000000000000000000000000000000000000000000000000011111111111011111111111000000000111111111111111111111111111111111111111111111111111111111111111111111
000000000000000000000000000000000000000000000000011111111111011111111111000000000111111111111111111111111111111111111111111111111111111111111111111111
000000000000000000000000000000000000000000000000001111111111110111111111000000000111111111111111111111111111111111111111111111111111111111111111111111
000000000000000000000000000000000000000000000000001111111111110111111111000000000111111111111111111111111111111111111111111111111111111111111111111111
000000000000000000000000000000000000000000000000000111111111111011111111100000001111111111111111111111111111111111111111111111111111111111111111111111
000000000000000000000000000000000000000000000000000111111111111011111111100000001111111111111111111111111111111111111111111111111111111111111111111111
000000000000000000000000000000000000000000000000000111111111111111111111110000011111111111111111111111111111111111111111111111111111111111111111111111
000000000000000000000000000000000000000000000000000111111111111111111111110000011111111111111111111111111111111111111111111111111111111111111111111111
000000000000000000000000000000000000000000000000000111111111111111111111111000111111111111111111111111111111111111111111110111111111111111111111111111
000000000000000000000000000000000000000000000000000111111111111111111111111000111111111111111111111111111111111111111111110111111111111111111111111111
000000000000000000000000000000000000000000000000000011111111111111111111111100111111111111111111111111111111111111111111100111111111111111111111111111
000000000000000000000000000000000000000000000000000011111111111111111111111100111111111111111111111111111111111111111111100111111111111111111111111111
000000000000000000000000000000000000000000000000000000011111111111111111111110111111111111111111111111111111111111111000000011111111111111111111111111
000000000000000000000000000000000000000000000000000000011111111111111111111110111111111111111111111111111111111111111000000011111111111111111111111111
000000000000000000000000000000000000000000000000000000000001111111111111111111111111111111111111111111111100111111000000000011111111111111111111111111
000000000000000000000000000000000000000000000000000000000001111111111111111111111111111111111111111111111100111111000000000011111111111111111111111111
000000000000000000000000000000000000000000000000000000000000001111111111111111111111111111111111111111111111000000000000000110111111111111111111111111
000000000000000000000000000000000000000000000000000000000000001111111111111111111111111111111111111111111111000000000000000110111111111111111111111111
000000000000000000000000000000000000000000000000000000000000000000111111111111111111111111111111111111111111100000000000000100111111111111111111111111
000000000000000000000000000000000000000000000000000000000000000000111111111111111111111111111111111111111111100000000000000100111111111111111111111111
000000000000000000000000000000000000000000000000000000000000000000011111111111111111111111111111111111111011100000000000000001111111111111111111111111
000000000000000000000000000000000000000000000000000000000000000000011111111111111111111111111111111111111011100000000000000001111111111111111111111111
000000000000000000000000000000000000000000000000000000000000000000001111111111111111111111111111111111111011100000000000000001111111111111111111111111
000000000000000000000000000000000000000000000000000000000000000000001111111111111111111111111111111111111011100000000000000001111111111111111111111111
000000000000000000000000000000000000000000000000000000000000000000000011111111111111111111111111111111111011100000000000000001111111111111111111111111
000000000000000000000000000000000000000000000000000000000000000000000011111111111111111111111111111111111011100000000000000001111111111111111111111111
000000000000000000000000000000000000000000000000000000000000000000000000111111111111111111111111111111110001100000000000000000111111111111111111111111
000000000000000000000000000000000000000000000000000000000000000000000000111111111111111111111111111111110001100000000000000000111111111111111111111111
000000000000000000000000000000000000000000000000000000000000000000000000001111111111111111111111111111111001100000000000000000110111111111111111111111
000000000000000000000000000000000000000000000000000000000000000000000000001111111111111111111111111111111001100000000000000000110111111111111111111111
000000000000000000000000000000000000000000000000000000000000000000000000000011111111111111111111111111111101100000000000000000000111111111111111111111
000000000000000000000000000000000000000000000000000000000000000000000000000011111111111111111111111111111101100000000000000000000111111111111111111111
000000000000000000000000000000000000000000000000000000000000000000000000000001111111111111111111111111111111100000000000000000000100111111111111111111
000000000000000000000000000000000000000000000000000000000000000000000000000001111111111111111111111111111111100000000000000000000100111111111111111111
000000000000000000000000000000000000000000000000000000000000000000000000000001111111111111111111111111111111110000000000000000000000111011111111111111
000000000000000000000000000000000000000000000000000000000000000000000000000001111111111111111111111111111111110000000000000000000000111011111111111111
000000000000000000000000000000000000000000000000000000000000000000000000000111111111111111111111111111111111110000000000000000000001011011111111111111
000000000000000000000000000000000000000000000000000000000000000000000000000111111111111111111111111111111111110000000000000000000001011011111111111111
000000000000000000000000000000000000000000000000000000000000000000000000001111111111111111111111111111111111110000000000000000000000100111111111111101
000000000000000000000000000000000000000000000000000000000000000000000000001111111111111111111111111111111111110000000000000000000000100111111111111101
000000000000000000000000000000000000000000000000000000000000000000000000001111111111111111111111111111111111111110000000000000000000000111111111111111
000000000000000000000000000000000000000000000000000000000000000000000000001111111111111111111111111111111111111110000000000000000000000111111111111111
000000000000000000000000000000000000000000000000000000000000000000000000000111111111111111111111111111111111111111100000000000000000000111111111111011
000000000000000000000000000000000000000000000000000000000000000000000000000111111111111111111111111111111111111111100000000000000000000111111111111011
000000000000000000000000000000000000000000000000000000000000000000000000000111111111111111111111111111111111111111110000000000000000000111111111111011
000000000000000000000000000000000000000000000000000000000000000000000000000111111111111111111111111111111111111111110000000000000000000111111111111011
111111111111111111111111111111111111111111111111111111111111111111111111111111111111111111111111111111111111111111111111111111111111111111111111111111
111111111111111111111111111111111111111111111111111111111111111111111111111111111111111111111111111111111111111111111111111111111111111111111111111111
