000000000000000000000000000000000000000000000000000000000000000000000000000000000000000000000000000000000000000000000000000000000000000000000000000000
000000000000000000000000000000000000000000000000000000000000000000000000000000000000000000000000000000000000000000000000000000000000000000000000000000
000000000000000000000000000000000000000000000000000000000000000000000000000000000000000000000000000000000000000000000000000000000000000000000000000000
000000000000000000000000000000000000000000000000000000000000000000000000000000000000000000000000000000000000000000000000000000000000000000000000000000
000000000000000000000000000000000000000000000000000000000000000000000000000000000000000000000000000000000000000000000000000000000000000000000000000000
000000000000000000000000000000000000000000000000000000000000000000000000000000000000000000000000000000000000000000000000000000000000000000000000000000
000000000000000000000000000000000000000000000000000000000000000000000000000000000001111111111000000000000000000000000000000000000000000000000000000000
000000000000000000000000000000000000000000000000000000000000000000000000000000000001111111111000000000000000000000000000000000000000000000000000000000
000000000000000000000000000000000000000000000000000000000000000000000000000000000111111111111100000000000000000000000000000000000000000000000000000000
000000000000000000000000000000000000000000000000000000000000000000000000000000000111111111111100000000000000000000000000000000000000000000000000000000
000000000000000000000000000000000000000000000000000000000000000000000000000000011111111111111111000000000000000000000000000000000000000000000000000000
000000000000000000000000000000000000000000000000000000000000000000000000000000011111111111111111000000000000000000000000000000000000000000000000000000
000000000000000000000000000000000000000000000000000000000000000000000000000000001111111111111111111110000000000000000000000000000000000000000000000000
000000000000000000000000000000000000000000000000000000000000000000000000000000001111111111111111111110000000000000000000000000000000000000000000000000
000000000000000000000000000000000000000000000000000000000000000000000000000000000111111111111111111111110000000000000000000000000000000000000000000000
000000000000000000000000000000000000000000000000000000000000000000000000000000000111111111111111111111110000000000000000000000000000000000000000000000
000000000000000000000000000000000000000000000000000000000000000000000000000000001111111111111111111111111100000000000000000000000000000000000000000000
000000000000000000000000000000000000000000000000000000000000000000000000000000001111111111111111111111111100000000000000000000000000000000000000000000
000000000000000000000000000000000000000000000000000000000000000000000000000001111111111111111111111111111111000000000000000000000000000000000000000000
000000000000000000000000000000000000000000000000000000000000000000000000000001111111111111111111111111111111000000000000000000000000000000000000000000
000000000000000000000000000000000000000000000000000000000000000000000000000011111111111111111111111111111111100000000000000000000000000000000000000000
000000000000000000000000000000000000000000000000000000000000000000000000000011111111111111111111111111111111100000000000000000000000000000000000000000
000000000000000000000000000000000000000000000000000000000000000000000000001111111111111111111111111111111111111000000000000000000000000000000000000000
000000000000000000000000000000000000000000000000000000000000000000000000001111111111111111111111111111111111111000000000000000000000000000000000000000
000000000000000000000000000000000000000000000000000000000000000000000000001111111111111111111111111111111111111000000000000000000000000000000000000000
000000000000000000000000000000000000000000000000000000000000000000000000001111111111111111111111111111111111111000000000000000000000000000000000000000
000000000000000000000000000000000000000000000000000000000000000000000000011111111111111111111111111111111111111100000000000000000000000000000000000000
000000000000000000000000000000000000000000000000000000000000000000000000011111111111111111111111111111111111111100000000000000000000000000000000000000
000000000000000000000000000000000000000000000000000000000000000000000000011111111111111111111111111111111111111100000000000000000000000000000000000000
000000000000000000000000000000000000000000000000000000000000000000000000011111111111111111111111111111111111111100000000000000000000000000000000000000
000000000000000000000000000000000000000000000000000000000000000000000000011111111111111111111111111111111111111110000000000000000000000000000000000000
000000000000000000000000000000000000000000000000000000000000000000000000011111111111111111111111111111111111111110000000000000000000000000000000000000
000000000000000000000000000000000000000000000000000000000000000000000000011111111111111111111111111111111111111110000000000000000000000000000000000000
000000000000000000000000000000000000000000000000000000000000000000000000011111111111111111111111111111111111111110000000000000000000000000000000000000
000000000000000000000000000000000000000000000000000000000000000000000000011111111111111111111111111111111111111111000000000000000000000000000000000000
000000000000000000000000000000000000000000000000000000000000000000000000011111111111111111111111111111111111111111000000000000000000000000000000000000
000000000000000000000000000000000000000000000000000000000000000000000000000111111111111111111111111111111111111111110000000000000000000000000000000000
000000000000000000000000000000000000000000000000000000000000000000000000000111111111111111111111111111111111111111110000000000000000000000000000000000
000000000000000000000000000000000000000000000000000000000000000000000000000101111111111111111111111111111111111111111000000000000000000000000000000000
000000000000000000000000000000000000000000000000000000000000000000000000000101111111111111111111111111111111111111111000000000000000000000000000000000
000000000000000000000000000000000000000000000000000000000000000000000000000000010111111111111111111111111111111111111000000000100000000000000000000000
000000000000000000000000000000000000000000000000000000000000000000000000000000010111111111111111111111111111111111111000000000100000000000000000000000
000000000000000000000000000000000000000000000000000000000000000000000000000000000011111111111111111111111111111111110000000001110000000000000000000000
000000000000000000000000000000000000000000000000000000000000000000000000000000000011111111111111111111111111111111110000000001110000000000000000000000
000000000000000000000000000000000000000000000000000000000000000000000000000000001111111111111111111111111111111111110000000011111100000000000000000000
000000000000000000000000000000000000000000000000000000000000000000000000000000001111111111111111111111111111111111110000000011111100000000000000000000
000000000000000000000000000000000000000000000000000000000000000000000000000000000001111111111111111111111111111110110000001111111111000000000000000000
000000000000000000000000000000000000000000000000000000000000000000000000000000000001111111111111111111111111111110110000001111111111000000000000000000
000000000000000000000000000000000000000000000000000000000000000000000000000000000000011111111111111111111111111110000000011111111111100000000000000000
000000000000000000000000000000000000000000000000000000000000000000000000000000000000011111111111111111111111111110000000011111111111100000000000000000
000000000000000000000000000000000000000000000000000000000000000000000000000000000000000111111011111111111111111110000001111111111111111000000000000000
000000000000000000000000000000000000000000000000000000000000000000000000000000000000000111111011111111111111111110000001111111111111111000000000000000
000000000000000000000000000000000000000000000011111000000000000000000000000000000000000000000011111111111111100100000111111111111111111111000000000000
000000000000000000000000000000000000000000000011111000000000000000000000000000000000000000000011111111111111100100000111111111111111111111000000000000
000000000000000000000000000000000000000000001111111100000000000000000000000000000000000000000111111111111101100000001111111111111111111111110000000000
000000000000000000000000000000000000000000001111111100000000000000000000000000000000000000000111111111111101100000001111111111111111111111110000000000
000000000000000000000000000000000000000000000111111110000000000000000000000000000000000000111111111111111101100000111111111111111111111111111110000000
000000000000000000000000000000000000000000000111111110000000000000000000000000000000000000111111111111111101100000111111111111111111111111111110000000
000000000000000000000000000000000000000000000011111111100000000000000000000000000000000001111111111111111111100011111111111111111111111111111111110000
000000000000000000000000000000000000000000000011111111100000000000000000000000000000000001111111111111111111100011111111111111111111111111111111110000
000000000000000000000000000000000000000000000001111111110000111111111111111111100000011111111111111111111111111111111111111111111111111111111111111111
000000000000000000000000000000000000000000000001111111110000111111111111111111100000011111111111111111111111111111111111111111111111111111111111111111
000000000000000000000000000000000000000000000000111111111111111111111100000000000000111111111111111111111111111111111111111111111111111111111111111111
000000000000000000000000000000000000000000000000111111111111111111111100000000000000111111111111111111111111111111111111111111111111111111111111111111
000000000000000000000000000000000000000000000000011111111111111111111110000000000001111111111111111111111111111111111111111111111111111111111111111111
000000000000000000000000000000000000000000000000011111111111111111111110000000000001111111111111111111111111111111111111111111111111111111111111111111
000000000000000000000000000000000000000000000000001111111111111111111111000000000011111111111111111111111111111111111111111111111111111111111111111111
000000000000000000000000000000000000000000000000001111111111111111111111000000000011111111111111111111111111111111111111111111111111111111111111111111
000000000000000000000000000000000000000000000000001111111111101111111111100000000111111111111111111111111111111111111111111111111111111111111111111111
000000000000000000000000000000000000000000000000001111111111101111111111100000000111111111111111111111111111111111111111111111111111111111111111111111
000000000000000000000000000000000000000000000000000111111111110111111111100000000011111111111111111111111111111111111111111111111111111111111111111111
000000000000000000000000000000000000000000000000000111111111110111111111100000000011111111111111111111111111111111111111111111111111111111111111111111
000000000000000000000000000000000000000000000000000111111111111101111111110000000111111111111111111111111111111111111111111111111111111111111111111111
000000000000000000000000000000000000000000000000000111111111111101111111110000000111111111111111111111111111111111111111111111111111111111111111111111
000000000000000000000000000000000000000000000000000011111111111111111111111000001111111111111111111111111111111111111111111111111111111111111111111111
000000000000000000000000000000000000000000000000000011111111111111111111111000001111111111111111111111111111111111111111111111111111111111111111111111
000000000000000000000000000000000000000000000000000011111111111111111111111100011111111111111111111111111111111111111111110011111111111111111111111111
000000000000000000000000000000000000000000000000000011111111111111111111111100011111111111111111111111111111111111111111110011111111111111111111111111
000000000000000000000000000000000000000000000000000001111111111111111111111110011111111111111111111111111111111111111111110011111111111111111111111111
000000000000000000000000000000000000000000000000000001111111111111111111111110011111111111111111111111111111111111111111110011111111111111111111111111
000000000000000000000000000000000000000000000000000000011111111111111111111111111111111111111111111111111111111111111100000001111111111111111111111111
000000000000000000000000000000000000000000000000000000011111111111111111111111111111111111111111111111111111111111111100000001111111111111111111111111
000000000000000000000000000000000000000000000000000000000000111111111111111111111111111111111111111111111110011111100000000011101111111111111111111111
000000000000000000000000000000000000000000000000000000000000111111111111111111111111111111111111111111111110011111100000000011101111111111111111111111
000000000000000000000000000000000000000000000000000000000000000111111111111111111111111111111111111111111111100000000000000011011111111111111111111111
000000000000000000000000000000000000000000000000000000000000000111111111111111111111111111111111111111111111100000000000000011011111111111111111111111
000000000000000000000000000000000000000000000000000000000000000000011111111111111111111111111111111111111111100000000000000000111111111111111111111111
000000000000000000000000000000000000000000000000000000000000000000011111111111111111111111111111111111111111100000000000000000111111111111111111111111
000000000000000000000000000000000000000000000000000000000000000000001111111111111111111111111111111111111101100000000000000000111111111111111111111111
000000000000000000000000000000000000000000000000000000000000000000001111111111111111111111111111111111111101100000000000000000111111111111111111111111
000000000000000000000000000000000000000000000000000000000000000000000111111111111111111111111111111111111101100000000000000000111111111111111111111111
000000000000000000000000000000000000000000000000000000000000000000000111111111111111111111111111111111111101100000000000000000111111111111111111111111
000000000000000000000000000000000000000000000000000000000000000000000001111111111111111111111111111111111101100000000000000000001111111111111111111111
000000000000000000000000000000000000000000000000000000000000000000000001111111111111111111111111111111111101100000000000000000001111111111111111111111
000000000000000000000000000000000000000000000000000000000000000000000000011111111111111111111111111111111100100000000000000000011111111111111111111111
000000000000000000000000000000000000000000000000000000000000000000000000011111111111111111111111111111111100100000000000000000011111111111111111111111
000000000000000000000000000000000000000000000000000000000000000000000000000111111111111111111111111111111100110000000000000000001011111111111111111111
000000000000000000000000000000000000000000000000000000000000000000000000000111111111111111111111111111111100110000000000000000001011111111111111111111
000000000000000000000000000000000000000000000000000000000000000000000000000001111111111111111111111111111110110000000000000000000011111111111111111111
000000000000000000000000000000000000000000000000000000000000000000000000000001111111111111111111111111111110110000000000000000000011111111111111111111
000000000000000000000000000000000000000000000000000000000000000000000000000000111111111111111111111111111110110000000000000000000110011110111111111111
000000000000000000000000000000000000000000000000000000000000000000000000000000111111111111111111111111111110110000000000000000000110011110111111111111
000000000000000000000000000000000000000000000000000000000000000000000000000000111111111111111111111111111111111000000000000000000000111101111111111111
000000000000000000000000000000000000000000000000000000000000000000000000000000111111111111111111111111111111111000000000000000000000111101111111111111
000000000000000000000000000000000000000000000000000000000000000000000000000011111111111111111111111111111111111000000000000000000000011001111111111111
000000000000000000000000000000000000000000000000000000000000000000000000000011111111111111111111111111111111111000000000000000000000011001111111111111
000000000000000000000000000000000000000000000000000000000000000000000000000111111111111111111111111111111111111000000000000000000000000011111111111110
000000000000000000000000000000000000000000000000000000000000000000000000000111111111111111111111111111111111111000000000000000000000000011111111111110
000000000000000000000000000000000000000000000000000000000000000000000000000111111111111111111111111111111111111111000000000000000000000011111111111111
000000000000000000000000000000000000000000000000000000000000000000000000000111111111111111111111111111111111111111000000000000000000000011111111111111
000000000000000000000000000000000000000000000000000000000000000000000000000011111111111111111111111111111111111111110000000000000000000111111111111101
000000000000000000000000000000000000000000000000000000000000000000000000000011111111111111111111111111111111111111110000000000000000000111111111111101
000000000000000000000000000000000000000000000000000000000000000000000000000001111111111111111111111111111111111111110000000000000000000011111111111101
000000000000000000000000000000000000000000000000000000000000000000000000000001111111111111111111111111111111111111110000000000000000000011111111111101
111111111111111111111111111111111111111111111111111111111111111111111111111111111111111111111111111111111111111111111111111111111111111111111111111111
111111111111111111111111111111111111111111111111111111111111111111111111111111111111111111111111111111111111111111111111111111111111111111111111111111
