000000000000000000000000000000000000000000000000000000000000000000000000000000000000000000000000000000000000000000000000000000000000000000000000000000
000000000000000000000000000000000000000000000000000000000000000000000000000000000000000000000000000000000000000000000000000000000000000000000000000000
000000000000000000000000000000000000000000000000000000000000000000000000000000000000000000000000000000000000000000000000000000000000000000000000000000
000000000000000000000000000000000000000000000000000000000000000000000000000000000000000000000000000000000000000000000000000000000000000000000000000000
000000000000000000000000000000000000000000000000000000000000000000000000000000000000000000000000000000000000000000000000000000000000000000000000000000
000000000000000000000000000000000000000000000000000000000000000000000000000000000000000000000000000000000000000000000000000000000000000000000000000000
000000000000000000000000000000000000000000000000000000000000000000000000000000001111111110000000000000000000000000000000000000000000000000000000000000
000000000000000000000000000000000000000000000000000000000000000000000000000000001111111110000000000000000000000000000000000000000000000000000000000000
000000000000000000000000000000000000000000000000000000000000000000000000000000011111111111000000000000000000000000000000000000000000000000000000000000
000000000000000000000000000000000000000000000000000000000000000000000000000000011111111111000000000000000000000000000000000000000000000000000000000000
000000000000000000000000000000000000000000000000000000000000000000000000000001111111111111111000000000000000000000000000000000000000000000000000000000
000000000000000000000000000000000000000000000000000000000000000000000000000001111111111111111000000000000000000000000000000000000000000000000000000000
000000000000000000000000000000000000000000000000000000000000000000000000000011111111111111111111111000000000000000000000000000000000000000000000000000
000000000000000000000000000000000000000000000000000000000000000000000000000011111111111111111111111000000000000000000000000000000000000000000000000000
000000000000000000000000000000000000000000000000000000000000000000000000000001111111111111111111111111000000000000000000000000000000000000000000000000
000000000000000000000000000000000000000000000000000000000000000000000000000001111111111111111111111111000000000000000000000000000000000000000000000000
000000000000000000000000000000000000000000000000000000000000000000000000000000111111111111111111111111110000000000000000000000000000000000000000000000
000000000000000000000000000000000000000000000000000000000000000000000000000000111111111111111111111111110000000000000000000000000000000000000000000000
000000000000000000000000000000000000000000000000000000000000000000000000000011111111111111111111111111111110000000000000000000000000000000000000000000
000000000000000000000000000000000000000000000000000000000000000000000000000011111111111111111111111111111110000000000000000000000000000000000000000000
000000000000000000000000000000000000000000000000000000000000000000000000001111111111111111111111111111111111000000000000000000000000000000000000000000
000000000000000000000000000000000000000000000000000000000000000000000000001111111111111111111111111111111111000000000000000000000000000000000000000000
000000000000000000000000000000000000000000000000000000000000000000000000011111111111111111111111111111111111100000000000000000000000000000000000000000
000000000000000000000000000000000000000000000000000000000000000000000000011111111111111111111111111111111111100000000000000000000000000000000000000000
000000000000000000000000000000000000000000000000000000000000000000000000111111111111111111111111111111111111110000000000000000000000000000000000000000
000000000000000000000000000000000000000000000000000000000000000000000000111111111111111111111111111111111111110000000000000000000000000000000000000000
000000000000000000000000000000000000000000000000000000000000000000000000111111111111111111111111111111111111111000000000000000000000000000000000000000
000000000000000000000000000000000000000000000000000000000000000000000000111111111111111111111111111111111111111000000000000000000000000000000000000000
000000000000000000000000000000000000000000000000000000000000000000000000111111111111111111111111111111111111111000000000000000000000000000000000000000
000000000000000000000000000000000000000000000000000000000000000000000000111111111111111111111111111111111111111000000000000000000000000000000000000000
000000000000000000000000000000000000000000000000000000000000000000000001111111111111111111111111111111111111111100000000000000000000000000000000000000
000000000000000000000000000000000000000000000000000000000000000000000001111111111111111111111111111111111111111100000000000000000000000000000000000000
000000000000000000000000000000000000000000000000000000000000000000000001111111111111111111111111111111111111111110000000000000000000000000000000000000
000000000000000000000000000000000000000000000000000000000000000000000001111111111111111111111111111111111111111110000000000000000000000000000000000000
000000000000000000000000000000000000000000000000000000000000000000000000111111111111111111111111111111111111111110000000000000000000000000000000000000
000000000000000000000000000000000000000000000000000000000000000000000000111111111111111111111111111111111111111110000000000000000000000000000000000000
000000000000000000000000000000000000000000000000000000000000000000000000111111111111111111111111111111111111111111100000000000000000000000000000000000
000000000000000000000000000000000000000000000000000000000000000000000000111111111111111111111111111111111111111111100000000000000000000000000000000000
000000000000000000000000000000000000000000000000000000000000000000000000001111111111111111111111111111111111111111110000000000000000000000000000000000
000000000000000000000000000000000000000000000000000000000000000000000000001111111111111111111111111111111111111111110000000000000000000000000000000000
000000000000000000000000000000000000000000000000000000000000000000000000000011110111111111111111111111111111111111100000000000110000000000000000000000
000000000000000000000000000000000000000000000000000000000000000000000000000011110111111111111111111111111111111111100000000000110000000000000000000000
000000000000000000000000000000000000000000000000000000000000000000000000000000001111111111111111111111111111111111100000000001111000000000000000000000
000000000000000000000000000000000000000000000000000000000000000000000000000000001111111111111111111111111111111111100000000001111000000000000000000000
000000000000000000000000000000000000000000000000000000000000000000000000000000000111111111111111111111111111111111100000000011111100000000000000000000
000000000000000000000000000000000000000000000000000000000000000000000000000000000111111111111111111111111111111111100000000011111100000000000000000000
000000000000000000000000000000000000000000000000000000000000000000000000000000001111111111111111111111111111111100100000001111111111000000000000000000
000000000000000000000000000000000000000000000000000000000000000000000000000000001111111111111111111111111111111100100000001111111111000000000000000000
000000000000000000000000000000000000000000000000000000000000000000000000000000000001111111111111111111111111111100000000011111111111100000000000000000
000000000000000000000000000000000000000000000000000000000000000000000000000000000001111111111111111111111111111100000000011111111111100000000000000000
000000000000000000000000000000000000000000000000000000000000000000000000000000000000001111111111111111111111011100000001111111111111111000000000000000
000000000000000000000000000000000000000000000000000000000000000000000000000000000000001111111111111111111111011100000001111111111111111000000000000000
000000000000000000000000000000000000000000000000000000000000000000000000000000000000000011010111111111111010000000000111111111111111111111000000000000
000000000000000000000000000000000000000000000000000000000000000000000000000000000000000011010111111111111010000000000111111111111111111111000000000000
000000000000000000000000000000000000000000000111111000000000000000000000000000000000000000001111111111111010000000001111111111111111111111110000000000
000000000000000000000000000000000000000000000111111000000000000000000000000000000000000000001111111111111010000000001111111111111111111111110000000000
000000000000000000000000000000000000000000011111111100000000000000000000000000000000000000111111111111111110000000111111111111111111111111111110000000
000000000000000000000000000000000000000000011111111100000000000000000000000000000000000000111111111111111110000000111111111111111111111111111110000000
000000000000000000000000000000000000000000001111111110000000000000000000000000000000000001111111111111111111000111111111111111111111111111111111110000
000000000000000000000000000000000000000000001111111110000000000000000000000000000000000001111111111111111111000111111111111111111111111111111111110000
000000000000000000000000000000000000000000000011111111000000000000000000000000000000011111111111111111111111111111111111111111111111111111111111111111
000000000000000000000000000000000000000000000011111111000000000000000000000000000000011111111111111111111111111111111111111111111111111111111111111111
000000000000000000000000000000000000000000000001111111100000011111111000000011111111111111111111111111111111111111111111111111111111111111111111111111
000000000000000000000000000000000000000000000001111111100000011111111000000011111111111111111111111111111111111111111111111111111111111111111111111111
000000000000000000000000000000000000000000000000111111110001111111111111111100000011111111111111111111111111111111111111111111111111111111111111111111
000000000000000000000000000000000000000000000000111111110001111111111111111100000011111111111111111111111111111111111111111111111111111111111111111111
000000000000000000000000000000000000000000000000011111111111111111111110000000000111111111111111111111111111111111111111111111111111111111111111111111
000000000000000000000000000000000000000000000000011111111111111111111110000000000111111111111111111111111111111111111111111111111111111111111111111111
000000000000000000000000000000000000000000000000011111111101111111111111000000000111111111111111111111111111111111111111111111111111111111111111111111
000000000000000000000000000000000000000000000000011111111101111111111111000000000111111111111111111111111111111111111111111111111111111111111111111111
000000000000000000000000000000000000000000000000011111111111001111111111100000000111111111111111111111111111111111111111111111111111111111111111111111
000000000000000000000000000000000000000000000000011111111111001111111111100000000111111111111111111111111111111111111111111111111111111111111111111111
000000000000000000000000000000000000000000000000001111111111100111111111100000000111111111111111111111111111111111111111111111111111111111111111111111
000000000000000000000000000000000000000000000000001111111111100111111111100000000111111111111111111111111111111111111111111111111111111111111111111111
000000000000000000000000000000000000000000000000001111111111111001111111110000001111111111111111111111111111111111111111111111111111111111111111111111
000000000000000000000000000000000000000000000000001111111111111001111111110000001111111111111111111111111111111111111111111111111111111111111111111111
000000000000000000000000000000000000000000000000001111111111111110111111111000011111111111111111111111111111111111111111110011111111111111111111111111
000000000000000000000000000000000000000000000000001111111111111110111111111000011111111111111111111111111111111111111111110011111111111111111111111111
000000000000000000000000000000000000000000000000000111111111111111111111111100011111111111111111111111111111111111111111110011111111111111111111111111
000000000000000000000000000000000000000000000000000111111111111111111111111100011111111111111111111111111111111111111111110011111111111111111111111111
000000000000000000000000000000000000000000000000000011111111111111111111111111111111111111111111111111111111111111111100000001111111111111111111111111
000000000000000000000000000000000000000000000000000011111111111111111111111111111111111111111111111111111111111111111100000001111111111111111111111111
000000000000000000000000000000000000000000000000000000011111111111111111111111111111111111111111111111111110011111100000000011101111111111111111111111
000000000000000000000000000000000000000000000000000000011111111111111111111111111111111111111111111111111110011111100000000011101111111111111111111111
000000000000000000000000000000000000000000000000000000000011111111111111111111111111111111111111111111111111100000000000000011011111111111111111111111
000000000000000000000000000000000000000000000000000000000011111111111111111111111111111111111111111111111111100000000000000011011111111111111111111111
000000000000000000000000000000000000000000000000000000000000001111111111111111111111111111111111111111111111100000000000000000111111111111111111111111
000000000000000000000000000000000000000000000000000000000000001111111111111111111111111111111111111111111111100000000000000000111111111111111111111111
000000000000000000000000000000000000000000000000000000000000000001111111111111111111111111111111111111111101100000000000000000111111111111111111111111
000000000000000000000000000000000000000000000000000000000000000001111111111111111111111111111111111111111101100000000000000000111111111111111111111111
000000000000000000000000000000000000000000000000000000000000000000011111111111111111111111111111111111111101100000000000000000111111111111111111111111
000000000000000000000000000000000000000000000000000000000000000000011111111111111111111111111111111111111101100000000000000000111111111111111111111111
000000000000000000000000000000000000000000000000000000000000000000001111111111111111111111111111111111111101100000000000000000011111111111111111111111
000000000000000000000000000000000000000000000000000000000000000000001111111111111111111111111111111111111101100000000000000000011111111111111111111111
000000000000000000000000000000000000000000000000000000000000000000000011111111111111111111111111111111111100110000000000000000011111111111111111111111
000000000000000000000000000000000000000000000000000000000000000000000011111111111111111111111111111111111100110000000000000000011111111111111111111111
000000000000000000000000000000000000000000000000000000000000000000000000011111111111111111111111111111111100110000000000000000011011111111111111111111
000000000000000000000000000000000000000000000000000000000000000000000000011111111111111111111111111111111100110000000000000000011011111111111111111111
000000000000000000000000000000000000000000000000000000000000000000000000000111111111111111111111111111111110110000000000000000010111111111111111111111
000000000000000000000000000000000000000000000000000000000000000000000000000111111111111111111111111111111110110000000000000000010111111111111111111111
000000000000000000000000000000000000000000000000000000000000000000000000000000111111111111111111111111111110111000000000000000000110011110111111111111
000000000000000000000000000000000000000000000000000000000000000000000000000000111111111111111111111111111110111000000000000000000110011110111111111111
000000000000000000000000000000000000000000000000000000000000000000000000000000111111111111111111111111111111111000000000000000000000111101111111111111
000000000000000000000000000000000000000000000000000000000000000000000000000000111111111111111111111111111111111000000000000000000000111101111111111111
000000000000000000000000000000000000000000000000000000000000000000000000000001111111111111111111111111111111111000000000000000000000011001111111111111
000000000000000000000000000000000000000000000000000000000000000000000000000001111111111111111111111111111111111000000000000000000000011001111111111111
000000000000000000000000000000000000000000000000000000000000000000000000000111111111111111111111111111111111111000000000000000000000000011111111111111
000000000000000000000000000000000000000000000000000000000000000000000000000111111111111111111111111111111111111000000000000000000000000011111111111111
000000000000000000000000000000000000000000000000000000000000000000000000000111111111111111111111111111111111111111000000000000000000000011111111111111
000000000000000000000000000000000000000000000000000000000000000000000000000111111111111111111111111111111111111111000000000000000000000011111111111111
000000000000000000000000000000000000000000000000000000000000000000000000000011111111111111111111111111111111111111110000000000000000000111111111111101
000000000000000000000000000000000000000000000000000000000000000000000000000011111111111111111111111111111111111111110000000000000000000111111111111101
000000000000000000000000000000000000000000000000000000000000000000000000000001111111111111111111111111111111111111110000000000000000000011111111111101
000000000000000000000000000000000000000000000000000000000000000000000000000001111111111111111111111111111111111111110000000000000000000011111111111101
111111111111111111111111111111111111111111111111111111111111111111111111111111111111111111111111111111111111111111111111111111111111111111111111111111
111111111111111111111111111111111111111111111111111111111111111111111111111111111111111111111111111111111111111111111111111111111111111111111111111111
