000000000000000000000000000000000000000000000000000000000000000000000000000000000000000000000000000000000000000000000000000000000000000000000000000000
000000000000000000000000000000000000000000000000000000000000000000000000000000000000000000000000000000000000000000000000000000000000000000000000000000
000000000000000000000000000000000000000000000000000000000000000000000000000000000000000000000000000000000011111111111110000000000000000000000000000000
000000000000000000000000000000000000000000000000000000000000000000000000000000000000000000000000000000000011111111111110000000000000000000000000000000
000000000000000000000000000000000000000000000000000000000000000000000000000000000000000000000000000000000111111111111111000000000000000000000000000000
000000000000000000000000000000000000000000000000000000000000000000000000000000000000000000000000000000000111111111111111000000000000000000000000000000
000000000000000000000000000000000000000000000000000000000000000000000000000000000000000000000000000000001111111111111111100000000000000000000000000000
000000000000000000000000000000000000000000000000000000000000000000000000000000000000000000000000000000001111111111111111100000000000000000000000000000
000000000000000000000000000000000000000000000000000000000000000000000000000000000000000000000000000000111111111111111111100000000000000000000000000000
000000000000000000000000000000000000000000000000000000000000000000000000000000000000000000000000000000111111111111111111100000000000000000000000000000
000000000000000000000000000000000000000000000000000000000000000000000000000000000000000000000011111111111111111111111111100000000000000000000000000000
000000000000000000000000000000000000000000000000000000000000000000000000000000000000000000000011111111111111111111111111100000000000000000000000000000
000000000000000000000000000000000000000000000000000000000000000000000000000000000000000000001111111111111111111111111111110000000000000000000000000000
000000000000000000000000000000000000000000000000000000000000000000000000000000000000000000001111111111111111111111111111110000000000000000000000000000
000000000000000000000000000000000000000000000000000000000000000000000000000000000000000001111111111111111111111111111111111100000000000000000000000000
000000000000000000000000000000000000000000000000000000000000000000000000000000000000000001111111111111111111111111111111111100000000000000000000000000
000000000000000000000000000000000000000000000000000000000000000000000000000000000000000011111111111111111111111111111111111110000000000000000000000000
000000000000000000000000000000000000000000000000000000000000000000000000000000000000000011111111111111111111111111111111111110000000000000000000000000
000000000000000000000000000000000000000000000000000000000000000000000000000000000000000111111111111111111111111111111111111111000000000000000000000000
000000000000000000000000000000000000000000000000000000000000000000000000000000000000000111111111111111111111111111111111111111000000000000000000000000
000000000000000000000000000000000000000000000000000000000000000000000000000000000000001111111111111111111111111111111111111111100000000000000000000000
000000000000000000000000000000000000000000000000000000000000000000000000000000000000001111111111111111111111111111111111111111100000000000000000000000
000000000000000000000000000000000000000000000000000000000000000000000000000000000000001111111111111111111111111111111111111111110000000000000000000000
000000000000000000000000000000000000000000000000000000000000000000000000000000000000001111111111111111111111111111111111111111110000000000000000000000
000000000000000000000000000000000000000000000000000000000000000000000000000000000000001111111111111111111111111111111111111111110000000000000000000000
000000000000000000000000000000000000000000000000000000000000000000000000000000000000001111111111111111111111111111111111111111110000000000000000000000
000000000000000000000000000000000000000000000000000000000000000000000000000000000000001111111111111111111111111111111111111111111000000000000000000000
000000000000000000000000000000000000000000000000000000000000000000000000000000000000001111111111111111111111111111111111111111111000000000000000000000
000000000000000000000000000000000000000000000000000000000000000000000000000000000000001111111111111111111111111111111111111111111000000000000000000000
000000000000000000000000000000000000000000000000000000000000000000000000000000000000001111111111111111111111111111111111111111111000000000000000000000
000000000000000000000000000000000000000000000000000000000000000000000000000000000000000111111111111111111111111111111111111111111000000000000000000000
000000000000000000000000000000000000000000000000000000000000000000000000000000000000000111111111111111111111111111111111111111111000000000000000000000
000000000000000000000000000000000000000000000000000000000000000000000000000000000000000000111111111111111111111111111111111111111000000000000000000000
000000000000000000000000000000000000000000000000000000000000000000000000000000000000000000111111111111111111111111111111111111111000000000000000000000
000000000000000000000000000000000000000000000000000000000000000000000000000000000000000011111111111111111111111111111111111111110000000000000000000000
000000000000000000000000000000000000000000000000000000000000000000000000000000000000000011111111111111111111111111111111111111110000000000000000000000
000000000000000000000000000000000000000000000000000000000000000000000000000000000000000111111111111111111111111111111111111111110000000000000000000000
000000000000000000000000000000000000000000000000000000000000000000000000000000000000000111111111111111111111111111111111111111110000000000000000000000
000000000000000000000000000000000000000000000000000000000000000000000000000000000000000011111111111111111111111111111111111111110000000000000000000000
000000000000000000000000000000000000000000000000000000000000000000000000000000000000000011111111111111111111111111111111111111110000000000000000000000
000000000000000000000000000000000000000000000000000000000000000000000000000000000000000011111111111111111111111111111111111111110000001100000000000000
000000000000000000000000000000000000000000000000000000000000000000000000000000000000000011111111111111111111111111111111111111110000001100000000000000
000000000000000000000000000000000000000000000000000000000000000000000000000000000000000001111111111111111111111111111111111111110000001110000000000000
000000000000000000000000000000000000000000000000000000000000000000000000000000000000000001111111111111111111111111111111111111110000001110000000000000
000000000000000000000000000000000000000000000000000111111001111111110000000000000000000001111111111111111111111111111111111111110000111111000000000000
000000000000000000000000000000000000000000000000000111111001111111110000000000000000000001111111111111111111111111111111111111110000111111000000000000
000000000000000000000000000000000000000000000000000000011111111111111000000000000000000000111111111111111111111111111111111111110011111111100000000000
000000000000000000000000000000000000000000000000000000011111111111111000000000000000000000111111111111111111111111111111111111110011111111100000000000
000000000000000000000000000000000000000000000000000000000111111111111100000000000000000000000000011111111111111111111111111111110111111111111000000000
000000000000000000000000000000000000000000000000000000000111111111111100000000000000000000000000011111111111111111111111111111110111111111111000000000
000000000000000000000000000000000000000000000000000000000111111111111111110000000000000000000000011111111111111111111111111111111111111111111110000000
000000000000000000000000000000000000000000000000000000000111111111111111110000000000000000000000011111111111111111111111111111111111111111111110000000
000000000000000000000000000000000000000000000000000000000011011111111110001111110000000000000000001111111111111111111111111111111111111111111111100000
000000000000000000000000000000000000000000000000000000000011011111111110001111110000000000000000001111111111111111111111111111111111111111111111100000
000000000000000000000000000000000000000000000000000000000000011111111111000000000110000000000000001111111111111111111111111111111111111111111111111000
000000000000000000000000000000000000000000000000000000000000011111111111000000000110000000000000001111111111111111111111111111111111111111111111111000
000000000000000000000000000000000000000000000000000000000000001111111111000000000000000000000001111111111111111111111111111111111111111111111111111110
000000000000000000000000000000000000000000000000000000000000001111111111000000000000000000000001111111111111111111111111111111111111111111111111111110
000000000000000000000000000000000000000000000000000000000000000011111111000000000000000000000111111111111111111111111111111111111111111111111111111111
000000000000000000000000000000000000000000000000000000000000000011111111000000000000000000000111111111111111111111111111111111111111111111111111111111
000000000000000000000000000000000000000000000000000000000000000111111111000000000000000000011111111111111111111111111111111111111111111111111111111111
000000000000000000000000000000000000000000000000000000000000000111111111000000000000000000011111111111111111111111111111111111111111111111111111111111
000000000000000000000000000000000000000000000000000000000000000111111111000000000000000011111111111111111111111111111111111111111111111111111111111111
000000000000000000000000000000000000000000000000000000000000000111111111000000000000000011111111111111111111111111111111111111111111111111111111111111
000000000000000000000000000000000000000000000000000000000000001111111111000000000000000111111111111111111111111111111111111111111111111111111111111111
000000000000000000000000000000000000000000000000000000000000001111111111000000000000000111111111111111111111111111111111111111111111111111111111111111
000000000000000000000000000000000000000000000000000000000000001111111111000000000111111111111111111111111111111111111111111111111111111111111111111111
000000000000000000000000000000000000000000000000000000000000001111111111000000000111111111111111111111111111111111111111111111111111111111111111111111
000000000000000000000000000000000000000000000000000000000000001111111111000000001111111111111111111111111111111111111111111111111111111111111111111111
000000000000000000000000000000000000000000000000000000000000001111111111000000001111111111111111111111111111111111111111111111111111111111111111111111
000000000000000000000000000000000000000000000000000000000000001111111111000000011111111111111111111111111111111111111111111111111111111111111111111111
000000000000000000000000000000000000000000000000000000000000001111111111000000011111111111111111111111111111111111111111111111111111111111111111111111
000000000000000000000000000000000000000000000000000000000000001111111111000001111111111111111111111111111111111111111111111111111111111111111111111111
000000000000000000000000000000000000000000000000000000000000001111111111000001111111111111111111111111111111111111111111111111111111111111111111111111
000000000000000000000000000000000000000000000000000000000000001111111111001111111111111111111111111111111111111111111111111111111111111111111111111111
000000000000000000000000000000000000000000000000000000000000001111111111001111111111111111111111111111111111111111111111111111111111111111111111111111
000000000000000000000000000000000000000000000000000000000000011111111111111111111111111111111111111111111111111111111111111111111111111111111111111111
000000000000000000000000000000000000000000000000000000000000011111111111111111111111111111111111111111111111111111111111111111111111111111111111111111
000000000000000000000000000000000000000000000000000000000000011111111111111111111111111111111111111111111111111111111111111111111111111111111111111111
000000000000000000000000000000000000000000000000000000000000011111111111111111111111111111111111111111111111111111111111111111111111111111111111111111
000000000000000000000000000000000000000000000000000000000000011111111111111111111111111111111111111111111111111111111111111111111111111111111111111111
000000000000000000000000000000000000000000000000000000000000011111111111111111111111111111111111111111111111111111111111111111111111111111111111111111
000000000000000000000000000000000000000000000000000000000000011111111111111111111111111111111111111111111111111111111111111111111111111111111111111111
000000000000000000000000000000000000000000000000000000000000011111111111111111111111111111111111111111111111111111111111111111111111111111111111111111
000000000000000000000000000000000011111000000000000000000000011111111111111111111111111111111111111111111111111111111111111111111110111111111111111111
000000000000000000000000000000000011111000000000000000000000011111111111111111111111111111111111111111111111111111111111111111111110111111111111111111
000000000000000000000000000000001111111110000000000000000000011111111111111110000111111111111111111111111111111111111111111110000011111111111111111111
000000000000000000000000000000001111111110000000000000000000011111111111111110000111111111111111111111111111111111111111111110000011111111111111111111
000000000000000000000000000000111111111111100000000000000000011111111111110000000111111111111111111111111111111110011111110000000011111111111111111111
000000000000000000000000000000111111111111100000000000000000011111111111110000000111111111111111111111111111111110011111110000000011111111111111111111
000000000000000000000000000000111111111111111100000000000000000011111000000000000111111111111111111111111111111111100000000000000011111111111111111111
000000000000000000000000000000111111111111111100000000000000000011111000000000000111111111111111111111111111111111100000000000000011111111111111111111
000000000000000000000000000000000111111111111111000000000000000000000000000000000011111111111111111111111111111111100000000000000000011111111111111111
000000000000000000000000000000000111111111111111000000000000000000000000000000000011111111111111111111111111111111100000000000000000011111111111111111
000000000000000000000000000000000001111111111111110000000000000000000000000000000011111111111111111111111111111111100000000000000000111111111111111111
000000000000000000000000000000000001111111111111110000000000000000000000000000000011111111111111111111111111111111100000000000000000111111111111111111
000000000000000000000000000000000000011111111111111100000000000000000000000000000011111111111111111111111111111111100000000000000000111111111111111111
000000000000000000000000000000000000011111111111111100000000000000000000000000000011111111111111111111111111111111100000000000000000111111111111111111
000000000000000000000000000000000000000111111111111111000000000000000000000000000011111111111111111111111111111101100000000000000000111111111111111111
000000000000000000000000000000000000000111111111111111000000000000000000000000000011111111111111111111111111111101100000000000000000111111111111111111
000000000000000000000000000000000000000011111111111111111000000000000000000000000011111111111111111111111111111001100000000000000000011111111111111111
000000000000000000000000000000000000000011111111111111111000000000000000000000000011111111111111111111111111111001100000000000000000011111111111111111
000000000000000000000000000000000000000001111111111111111111000000000000000000000011111111111111111111111111111001110000000000000000011111111111111111
000000000000000000000000000000000000000001111111111111111111000000000000000000000011111111111111111111111111111001110000000000000000011111111111111111
000000000000000000000000000000000000000000011111111111111111111100000000000000000111111111111111111111111111111101110000000000000000011111111111111111
000000000000000000000000000000000000000000011111111111111111111100000000000000000111111111111111111111111111111101110000000000000000011111111111111111
000000000000000000000000000000000000000000001111111111111111111111000000000000000111111111111111111111111111111111110000000000000000010111111111111111
000000000000000000000000000000000000000000001111111111111111111111000000000000000111111111111111111111111111111111110000000000000000010111111111111111
000000000000000000000000000000000000000000000111111111111111111111111111111111111111111111111111111111111111111111111000000000000000000111111111111111
000000000000000000000000000000000000000000000111111111111111111111111111111111111111111111111111111111111111111111111000000000000000000111111111111111
000000000000000000000000000000000000000000000001111111111111111111111111111111111111111111111111111111111111111111111000000000000000000110011111111111
000000000000000000000000000000000000000000000001111111111111111111111111111111111111111111111111111111111111111111111000000000000000000110011111111111
000000000000000000000000000000000000000000000000111111111111111111111111111111111111111111111111111111111111111111111000000000000000000000111111111111
000000000000000000000000000000000000000000000000111111111111111111111111111111111111111111111111111111111111111111111000000000000000000000111111111111
111111111111111111111111111111111111111111111111111111111111111111111111111111111111111111111111111111111111111111111111111111111111111111111111111111
111111111111111111111111111111111111111111111111111111111111111111111111111111111111111111111111111111111111111111111111111111111111111111111111111111
