000000000000000000000000000000000000000000000000000000000000000011110000000000000000000000000000000000000000000000000000000000000000000000000000000000
000000000000000000000000000000000000000000000000000000000000000011110000000000000000000000000000000000000000000000000000000000000000000000000000000000
000000000000000000000000000000000000000000000000000000000000000011111000000000000000000000000000000000000000000000000000000000000000000000000000000000
000000000000000000000000000000000000000000000000000000000000000011111000000000000000000000000000000000000000000000000000000000000000000000000000000000
000000000000000000000000000000000000000000000000000000000000000011111111100000000000000000000000000000000000000000000000000000000000000000000000000000
000000000000000000000000000000000000000000000000000000000000000011111111100000000000000000000000000000000000000000000000000000000000000000000000000000
000000000000000000000000000000000000000000000000000000000000000011111111000000000000000000000000000000000000000000000000000000000000000000000000000000
000000000000000000000000000000000000000000000000000000000000000011111111000000000000000000000000000000000000000000000000000000000000000000000000000000
000000000000000000000000000000000000000000000000000000000000000111111111000000000000000000000000000000000000000000000000000000000000000000000000000000
000000000000000000000000000000000000000000000000000000000000000111111111000000000000000000000000000000000000000000000000000000000000000000000000000000
000000000000000000000000000000000000000000000000000000000000000111111110000000000000000000000000000000000000000000000000000000000000000000000000000000
000000000000000000000000000000000000000000000000000000000000000111111110000000000000000000000000000000000000000000000000000000000000000000000000000000
000000000000000000000000000000000000000000000000000000000000000111111100000000000000000000000000000000000000000000000000000000000000000000000000000000
000000000000000000000000000000000000000000000000000000000000000111111100000000000000000000000000000000000000000000000000000000000000000000000000000000
000000000000000000000000000000000000000000000000000000000000000011111100000000000000000000000000000000000000000000000000000000000000000000000000000000
000000000000000000000000000000000000000000000000000000000000000011111100000000000000000000000000000000000000000000000000000000000000000000000000000000
000000000000000000000000000000000000000000000000000000000000000011111100000000000000000000000000000000000000000000000000000000000000000000000000000000
000000000000000000000000000000000000000000000000000000000000000011111100000000000000000000000000000000000000000000000000000000000000000000000000000000
000000000000000000000000000000000000000000000000000000000000000111111100000000000000000000000000000000000000000000000000000000000000000000000000000000
000000000000000000000000000000000000000000000000000000000000000111111100000000000000000000000000000000000000000000000000000000000000000000000000000000
000000000000000000000000000000000000000000000000001111100000000111111100111111110000000000000000000000000000000000000000000000000000000000000000000000
000000000000000000000000000000000000000000000000001111100000000111111100111111110000000000000000000000000000000000000000000000000000000000000000000000
000000000000000000000000000000000000000000000000000011110000001111111111111111111100000000000000000000000000000000000000000000000000000000000000000000
000000000000000000000000000000000000000000000000000011110000001111111111111111111100000000000000000000000000000000000000000000000000000000000000000000
000000000000000000000000000000000000000000000000000011110000011111111111111111111111000000000000000000000000000000000000000000000000000000000000000000
000000000000000000000000000000000000000000000000000011110000011111111111111111111111000000000000000000000000000000000000000000000000000000000000000000
000000000000000000000000000000000000000000000000000011111111011111111111111111111111100000000000000000000000000000000000000000000000000000000000000000
000000000000000000000000000000000000000000000000000011111111011111111111111111111111100000000000000000000000000000000000000000000000000000000000000000
000000000000000000000000000000000000000000000000000001111111111111111111111111111111110000000000000000000000000000000000000000000000000000000000000000
000000000000000000000000000000000000000000000000000001111111111111111111111111111111110000000000000000000000000000000000000000000000000000000000000000
000000000000000000000000000000000000000000000000000001111111111111111111111111111111111000000000000000000000000000000000000000000000000000000000000000
000000000000000000000000000000000000000000000000000001111111111111111111111111111111111000000000000000000000000000000000000000000000000000000000000000
000000000000000000000000000000000000000000000000000000111111111111111111111111111111111100000000000000000000000000000000000000000000000000000000000000
000000000000000000000000000000000000000000000000000000111111111111111111111111111111111100000000000000000000000000000000000000000000000000000000000000
000000000000000000000000000000000000000000000000000011111111111111111111111111111111111100000000000000000000000000000000000000000000000000000000000000
000000000000000000000000000000000000000000000000000011111111111111111111111111111111111100000000000000000000000000000000000000000000000000000000000000
000000000000000000000000000000000000000000000000000111111111111111111111111111111111111110000000000000000000000000000000000000000000000000000000000000
000000000000000000000000000000000000000000000000000111111111111111111111111111111111111110000000000000000000000000000000000000000000000000000000000000
000000000000000000000000000000000000000000000000001111111111111111111111111111111111110000000000000000000000000000000000000000000000000000000000000000
000000000000000000000000000000000000000000000000001111111111111111111111111111111111110000000000000000000000000000000000000000000000000000000000000000
000000000000000000000000000000000000000000000000001111111111111111111111111111111111110000000000000000000000000000000000000000000000000000000000000000
000000000000000000000000000000000000000000000000001111111111111111111111111111111111110000000000000000000000000000000000000000000000000000000000000000
000000000000000000000000000000000000000000000000011111111111111111111111111111111111111000000000000000000000000000000000000000000000000000000000000000
000000000000000000000000000000000000000000000000011111111111111111111111111111111111111000000000000000000000000000000000000000000000000000000000000000
000000000000000000000000000000000000000000000000011111111111111111111111111111111111111100000000000000000000000000000000000000000000000000000000000000
000000000000000000000000000000000000000000000000011111111111111111111111111111111111111100000000000000000000000000000000000000000000000000000000000000
000000000000000000000000000000000000000000000000001111111111111111111111111111111111111110000000000000000000000000000000000000000000000000000000000000
000000000000000000000000000000000000000000000000001111111111111111111111111111111111111110000000000000000000000000000000000000000000000000000000000000
000000000000000000000000000000000000000000000000000111111111111111111111111111111111111111000000000000000000000000000000000000000000000000000000000000
000000000000000000000000000000000000000000000000000111111111111111111111111111111111111111000000000000000000000000000000000000000000000000000000000000
000000000000000000000000000000000000000000000000000001111111111111111111111111111111111111000000000000000000000000000000000000000000000000000000000000
000000000000000000000000000000000000000000000000000001111111111111111111111111111111111111000000000000000000000000000000000000000000000000000000000000
000000000000000000000000000000000000000000000000000000000111111111111111111111111111111111100000000000000000000000000000000000000000000000000000000000
000000000000000000000000000000000000000000000000000000000111111111111111111111111111111111100000000000000000000000000000000000000000000000000000000000
000000000000000000000000000000000000000000000000000000011111111111111111111111111111111111110000000000000000000000000000000000000000000000000000000000
000000000000000000000000000000000000000000000000000000011111111111111111111111111111111111110000000000000000000000000000000000000000000000000000000000
000000000000000000000000000000000000000000000000000000000011111111111111111111111111111111110000000000000000000000000000000000000000000000000000000000
000000000000000000000000000000000000000000000000000000000011111111111111111111111111111111110000000000000000000000000000000000000000000000000000000000
000000000000000000000000000000000000000000000000000000000000111111111111111111111111111111111000000000000000000000000000000000000000000000000000000000
000000000000000000000000000000000000000000000000000000000000111111111111111111111111111111111000000000000000000000000000000000000000000000000000000000
000000000000000000000000000000000000000000000000000000000000011111111111111111111111111111111100000000000000000000000000000000000000000000000000000000
000000000000000000000000000000000000000000000000000000000000011111111111111111111111111111111100000000000000000000000000000000000000000000000000000000
000000000000000000000000000000000000000000000000000111110000001111111111111111111111111111111100000000000000000000000000000000000000000000000000000000
000000000000000000000000000000000000000000000000000111110000001111111111111111111111111111111100000000000000000000000000000000000000000000000000000000
000000000000000000000000000000000000000011111111111111100000001111111111111111111111111111111110000000000000000000000000000000000000000000000000000000
000000000000000000000000000000000000000011111111111111100000001111111111111111111111111111111110000000000000000000000000000000000000000000000000000000
000000000000000000000000000000000000011111111111111111100000001111111111111111111111111111111111000000000000000000000000000000000000000000000000000000
000000000000000000000000000000000000011111111111111111100000001111111111111111111111111111111111000000000000000000000000000000000000000000000000000000
000000000000000000000000000000000001111111111111111111110000011111111111111111111111111111111111100000000000000000000000000000000000000000000000000000
000000000000000000000000000000000001111111111111111111110000011111111111111111111111111111111111100000000000000000000000000000000000000000000000000000
000000000000000000000000000000000011111111111111111111111000111111111111111111111111111111111111111000000000000000000000000000000000000000000000000000
000000000000000000000000000000000011111111111111111111111000111111111111111111111111111111111111111000000000000000000000000000000000000000000000000000
000000000000000000000000000000000011111111111111111111111001111111111111111111111111111111111111111100000000000000000000000000000000000000000000000000
000000000000000000000000000000000011111111111111111111111001111111111111111111111111111111111111111100000000000000000000000000000000000000000000000000
000000000000000000000000000000000011111111111111111111111101111111111111111111111111101111111111111110000000000000000000000000000000000000000000000000
000000000000000000000000000000000011111111111111111111111101111111111111111111111111101111111111111110000000000000000000000000000000000000000000000000
000000000000000000000000000000000011111111111111111111111111111111111111111111111111100111111111111111000000000000000000000000000000000000000000000000
000000000000000000000000000000000011111111111111111111111111111111111111111111111111100111111111111111000000000000000000000000000000000000000000000000
000000000000000000000000000000111111111111111111111111111001111111111111111111111111100001111111111101100000000000000000000000000000000000000000000000
000000000000000000000000000000111111111111111111111111111001111111111111111111111111100001111111111101100000000000000000000000000000000000000000000000
000000000000000000000000011111111111111111111111111111111001111111111111111111111111110000111111111110110000000000000000000000000000000000000000000000
000000000000000000000000011111111111111111111111111111111001111111111111111111111111110000111111111110110000000000000000000000000000000000000000000000
000000000000000000000011111111111111111111111111111111110001111111111111111111111111111100001111111111000000000000000000000000000000000000000000000000
000000000000000000000011111111111111111111111111111111110001111111111111111111111111111100001111111111000000000000000000000000000000000000000000000000
000000000000000000000111111111111111111111111111111111000011111111111111111111111111111110000111111111110000000000000000000000000000000000000000000000
000000000000000000000111111111111111111111111111111111000011111111111111111111111111111110000111111111110000000000000000000000000000000000000000000000
000000000000000000011111111111111111111111111111111111111111111111111111111111111111111111000001111111111100000000000000000000000000000000000000000000
000000000000000000011111111111111111111111111111111111111111111111111111111111111111111111000001111111111100000000000000000000000000000000000000000000
000000000000000000011111111111111111111111111111111111111111111111111111111111111111111111100000111111111110000000000000000000000000000000000000000000
000000000000000000011111111111111111111111111111111111111111111111111111111111111111111111100000111111111110000000000000000000000000000000000000000000
000000000000000000111111111111111111111111111111111111111111111111111111111111111111111111110000011111111111100000000000000000000000000000000000000000
000000000000000000111111111111111111111111111111111111111111111111111111111111111111111111110000011111111111100000000000000000000000000000000000000000
000000000000000001111111111111111111111111111111111111111111111111111111111111111111111111111100001111111111100000000000000000000000000000000000000000
000000000000000001111111111111111111111111111111111111111111111111111111111111111111111111111100001111111111100000000000000000000000000000000000000000
000000000000000001111111111111111111111111111111111111111111111111111111111111111111111111111100000111111111111000000000000000000000000000000000000000
000000000000000001111111111111111111111111111111111111111111111111111111111111111111111111111100000111111111111000000000000000000000000000000000000000
000000000000000000111111111111111111111111111111100110001000001111111111111111111111011111111110000111111111111100000000000000000000000000000000000000
000000000000000000111111111111111111111111111111100110001000001111111111111111111111011111111110000111111111111100000000000000000000000000000000000000
000000000000000000111111111111111111111111111111100010000110001111111111111111111111001111111111000111111111111110000000000000000000000000000000000000
000000000000000000111111111111111111111111111111100010000110001111111111111111111111001111111111000111111111111110000000000000000000000000000000000000
000000000000000000011111111111111111111111111111000000001001001111111111111111111111000011111111000011111111111110000000000000000000000000000000000000
000000000000000000011111111111111111111111111111000000001001001111111111111111111111000011111111000011111111111110000000000000000000000000000000000000
000000000000000000000111111111111111111111111110000000001000101111111111111111111111100111111111100011111111111111000000000000000000000000000000000000
000000000000000000000111111111111111111111111110000000001000101111111111111111111111100111111111100011111111111111000000000000000000000000000000000000
000000000000000000000011111111111111111111111000000000000111101111111111111111111111100111111111000001111111111111000000000000000000000000000000000000
000000000000000000000011111111111111111111111000000000000111101111111111111111111111100111111111000001111111111111000000000000000000000000000000000000
000000000000000000000000011111111111111111100000000000000001111111111111111111111111111111111111000000111111111111000000000000000000000000000000000000
000000000000000000000000011111111111111111100000000000000001111111111111111111111111111111111111000000111111111111000000000000000000000000000000000000
000000000000000000000000000001111111111100000000000000000001111111111111111111111111111111111111000000000011110100000000000000000000000000000000000000
000000000000000000000000000001111111111100000000000000000001111111111111111111111111111111111111000000000011110100000000000000000000000000000000000000
000000000000000000000000000000000000000000000000000000000001011111111111111111111111111111111110000000000011111000000000000000000000000000000000000000
000000000000000000000000000000000000000000000000000000000001011111111111111111111111111111111110000000000011111000000000000000000000000000000000000000
000000000000000000000000000000000000000000000000000000000111111111111111111111111111111111111110000000000001011000000000000000000000000000000000000000
000000000000000000000000000000000000000000000000000000000111111111111111111111111111111111111110000000000001011000000000000000000000000000000000000000
111111111111111111111111111111111111111111111111111111111111111111111111111111111111111111111111111111111111111111111111111111111111111111111111111111
111111111111111111111111111111111111111111111111111111111111111111111111111111111111111111111111111111111111111111111111111111111111111111111111111111
