000000000000000000000000000000000000000000000000000000000000000011110000000000000000000000000000000000000000000000000000000000000000000000000000000000
000000000000000000000000000000000000000000000000000000000000000011110000000000000000000000000000000000000000000000000000000000000000000000000000000000
000000000000000000000000000000000000000000000000000000000110001111110000000000000000000000000000000000000000000000000000000000000000000000000000000000
000000000000000000000000000000000000000000000000000000000110001111110000000000000000000000000000000000000000000000000000000000000000000000000000000000
000000000000000000000000000000000000000000000000000000001111001111111000000000000000000000000000000000000000000000000000000000000000000000000000000000
000000000000000000000000000000000000000000000000000000001111001111111000000000000000000000000000000000000000000000000000000000000000000000000000000000
000000000000000000000000000000000000000000000000000000001111101111111000000000000000000000000000000000000000000000000000000000000000000000000000000000
000000000000000000000000000000000000000000000000000000001111101111111000000000000000000000000000000000000000000000000000000000000000000000000000000000
000000000000000000000000000000000000000000000000000000001111111111111000000000000000000000000000000000000000000000000000000000000000000000000000000000
000000000000000000000000000000000000000000000000000000001111111111111000000000000000000000000000000000000000000000000000000000000000000000000000000000
000000000000000000000000000000000000000000000000000000000011111111111000000000000000000000000000000000000000000000000000000000000000000000000000000000
000000000000000000000000000000000000000000000000000000000011111111111000000000000000000000000000000000000000000000000000000000000000000000000000000000
000000000000000000000000000000000000000000000000000000000000111111111000000000000000000000000000000000000000000000000000000000000000000000000000000000
000000000000000000000000000000000000000000000000000000000000111111111000000000000000000000000000000000000000000000000000000000000000000000000000000000
000000000000000000000000000000000000000000000000000000000000001111111000000000000000000000000000000000000000000000000000000000000000000000000000000000
000000000000000000000000000000000000000000000000000000000000001111111000000000000000000000000000000000000000000000000000000000000000000000000000000000
000000000000000000000000000000000000000000000000000000000000001111111000000000000000000000000000000000000000000000000000000000000000000000000000000000
000000000000000000000000000000000000000000000000000000000000001111111000000000000000000000000000000000000000000000000000000000000000000000000000000000
000000000000000000000000000000000000000000000000000000000000001111111000000000000000000000000000000000000000000000000000000000000000000000000000000000
000000000000000000000000000000000000000000000000000000000000001111111000000000000000000000000000000000000000000000000000000000000000000000000000000000
000000000000000000000000000000000000000000000000001111110000011111111011110000000000000000000000000000000000000000000000000000000000000000000000000000
000000000000000000000000000000000000000000000000001111110000011111111011110000000000000000000000000000000000000000000000000000000000000000000000000000
000000000000000000000000000000000000000000000000000011111000111111111111111110000000000000000000000000000000000000000000000000000000000000000000000000
000000000000000000000000000000000000000000000000000011111000111111111111111110000000000000000000000000000000000000000000000000000000000000000000000000
000000000000000000000000000000000000000000000000000011111000111111111111111111100000000000000000000000000000000000000000000000000000000000000000000000
000000000000000000000000000000000000000000000000000011111000111111111111111111100000000000000000000000000000000000000000000000000000000000000000000000
000000000000000000000000000000000000000000000000000011111111111111111111111111110000000000000000000000000000000000000000000000000000000000000000000000
000000000000000000000000000000000000000000000000000011111111111111111111111111110000000000000000000000000000000000000000000000000000000000000000000000
000000000000000000000000000000000000000000000000000001111111111111111111111111111000000000000000000000000000000000000000000000000000000000000000000000
000000000000000000000000000000000000000000000000000001111111111111111111111111111000000000000000000000000000000000000000000000000000000000000000000000
000000000000000000000000000000000000000000000000000011111111111111111111111111111100000000000000000000000000000000000000000000000000000000000000000000
000000000000000000000000000000000000000000000000000011111111111111111111111111111100000000000000000000000000000000000000000000000000000000000000000000
000000000000000000000000000000000000000000000000000111111111111111111111111111111110000000000000000000000000000000000000000000000000000000000000000000
000000000000000000000000000000000000000000000000000111111111111111111111111111111110000000000000000000000000000000000000000000000000000000000000000000
000000000000000000000000000000000000000000000000011111111111111111111111111111111110000000000000000000000000000000000000000000000000000000000000000000
000000000000000000000000000000000000000000000000011111111111111111111111111111111110000000000000000000000000000000000000000000000000000000000000000000
000000000000000000000000000000000000000000000000111111111111111111111111111111111110000000000000000000000000000000000000000000000000000000000000000000
000000000000000000000000000000000000000000000000111111111111111111111111111111111110000000000000000000000000000000000000000000000000000000000000000000
000000000000000000000000000000000000000000000001111111111111111111111111111111111110000000000000000000000000000000000000000000000000000000000000000000
000000000000000000000000000000000000000000000001111111111111111111111111111111111110000000000000000000000000000000000000000000000000000000000000000000
000000000000000000000000000000000000000000000011111111111111111111111111111111111100000000000000000000000000000000000000000000000000000000000000000000
000000000000000000000000000000000000000000000011111111111111111111111111111111111100000000000000000000000000000000000000000000000000000000000000000000
000000000000000000000000000000000000000000000011111111111111111111111111111111111100000000000000000000000000000000000000000000000000000000000000000000
000000000000000000000000000000000000000000000011111111111111111111111111111111111100000000000000000000000000000000000000000000000000000000000000000000
000000000000000000000000000000000000000000000011111111111111111111111111111111111100000000000000000000000000000000000000000000000000000000000000000000
000000000000000000000000000000000000000000000011111111111111111111111111111111111100000000000000000000000000000000000000000000000000000000000000000000
000000000000000000000000000000000000000000000000111111111111111111111111111111111100000000000000000000000000000000000000000000000000000000000000000000
000000000000000000000000000000000000000000000000111111111111111111111111111111111100000000000000000000000000000000000000000000000000000000000000000000
000000000000000000000000000000000000000000000000011111111111111111111111111111111100000000000000000000000000000000000000000000000000000000000000000000
000000000000000000000000000000000000000000000000011111111111111111111111111111111100000000000000000000000000000000000000000000000000000000000000000000
000000000000000000000000000000000000000000000000000000111111111111111111111111111100000000000000000000000000000000000000000000000000000000000000000000
000000000000000000000000000000000000000000000000000000111111111111111111111111111100000000000000000000000000000000000000000000000000000000000000000000
000000000000000000000000000000000000001111111100000001111111111111111111111111111100000000000000000000000000000000000000000000000000000000000000000000
000000000000000000000000000000000000001111111100000001111111111111111111111111111100000000000000000000000000000000000000000000000000000000000000000000
000000000000000000000000000000000001111111111111100011111111111111111111111111111100000000000000000000000000000000000000000000000000000000000000000000
000000000000000000000000000000000001111111111111100011111111111111111111111111111100000000000000000000000000000000000000000000000000000000000000000000
000000000000000000000000000000000111111111111111111111111111111111111111111111111100000000000000000000000000000000000000000000000000000000000000000000
000000000000000000000000000000000111111111111111111111111111111111111111111111111100000000000000000000000000000000000000000000000000000000000000000000
000000000000000000000011110000001111111111111111111111111111111111111111111111111100000000000000000000000000000000000000000000000000000000000000000000
000000000000000000000011110000001111111111111111111111111111111111111111111111111100000000000000000000000000000000000000000000000000000000000000000000
000000000000000011111111111111111111111111111111111111111111110111111111111111111000000000000000000000000000000000000000000000000000000000000000000000
000000000000000011111111111111111111111111111111111111111111110111111111111111111000000000000000000000000000000000000000000000000000000000000000000000
000000000000011111111111111111111111111111111111111111111111101111111111111111111000000000000000000000000000000000000000000000000000000000000000000000
000000000000011111111111111111111111111111111111111111111111101111111111111111111000000000000000000000000000000000000000000000000000000000000000000000
000000000001111111111111111111111111111111111111111111111111101111111111111111111000000000000000000000000000000000000000000000000000000000000000000000
000000000001111111111111111111111111111111111111111111111111101111111111111111111000000000000000000000000000000000000000000000000000000000000000000000
000000000111111111111111111111111111111111111111111111111111111111111111111111111000000000000000000000000000000000000000000000000000000000000000000000
000000000111111111111111111111111111111111111111111111111111111111111111111111111000000000000000000000000000000000000000000000000000000000000000000000
000000000111111111111111111111111111111111111111111111111111111111111111111111111000000000000000000000000000000000000000000000000000000000000000000000
000000000111111111111111111111111111111111111111111111111111111111111111111111111000000000000000000000000000000000000000000000000000000000000000000000
000000001111111111111111111111111111111111111111111111111111111111111111111111111000000000000000000000000000000000000000000000000000000000000000000000
000000001111111111111111111111111111111111111111111111111111111111111111111111111000000000000000000000000000000000000000000000000000000000000000000000
000000001111111111111111111111111111111111111111111111111111111111111111111111111100000000000000000000000000000000000000000000000000000000000000000000
000000001111111111111111111111111111111111111111111111111111111111111111111111111100000000000000000000000000000000000000000000000000000000000000000000
000000001111111111111111111111111111111111111111111111111111111111111111111111111100000000000000000000000000000000000000000000000000000000000000000000
000000001111111111111111111111111111111111111111111111111111111111111111111111111100000000000000000000000000000000000000000000000000000000000000000000
000000001111111111111111111111111111111111111100111111111111111111111111111111111100000000000000000000000000000000000000000000000000000000000000000000
000000001111111111111111111111111111111111111100111111111111111111111111111111111100000000000000000000000000000000000000000000000000000000000000000000
000000001111111111111111111111111111111111111101111111111111111111111111111111111111000000000000000000000000000000000000000000000000000000000000000000
000000001111111111111111111111111111111111111101111111111111111111111111111111111111000000000000000000000000000000000000000000000000000000000000000000
000000000111111111111111111111111111111111111111111111111111111111111111111111111111110000000000000000000000000000000000000000000000000000000000000000
000000000111111111111111111111111111111111111111111111111111111111111111111111111111110000000000000000000000000000000000000000000000000000000000000000
000000000011111111111111111111111111111111111111111111111111111111111111111111111111111100000000000000000000000000000000000000000000000000000000000000
000000000011111111111111111111111111111111111111111111111111111111111111111111111111111100000000000000000000000000000000000000000000000000000000000000
000000000001111111111111111111111111111111111111111111111111111111111111111111111111111110000000000000000000000000000000000000000000000000000000000000
000000000001111111111111111111111111111111111111111111111111111111111111111111111111111110000000000000000000000000000000000000000000000000000000000000
000000000000011111111111111111111111001111111111111111111111111111111111111111111111111111100000000000000000000000000000000000000000000000000000000000
000000000000011111111111111111111111001111111111111111111111111111111111111111111111111111100000000000000000000000000000000000000000000000000000000000
000000000000001111111111111111111100000110111111111111111111111111111111111111111111111111111000000000000000000000000000000000000000000000000000000000
000000000000001111111111111111111100000110111111111111111111111111111111111111111111111111111000000000000000000000000000000000000000000000000000000000
000000000000000001111111111111100000000100111111111111111111111111111111111111111111111111111100000000000000000000000000000000000000000000000000000000
000000000000000001111111111111100000000100111111111111111111111111111111111111111111111111111100000000000000000000000000000000000000000000000000000000
000000000000000000000000000000000000000010011110111111111111111111111111111111111101111111111111000000000000000000000000000000000000000000000000000000
000000000000000000000000000000000000000010011110111111111111111111111111111111111101111111111111000000000000000000000000000000000000000000000000000000
000000000000000000000000000000000000000000011001011111111111111111111111111111111110011111111111100000000000000000000000000000000000000000000000000000
000000000000000000000000000000000000000000011001011111111111111111111111111111111110011111111111100000000000000000000000000000000000000000000000000000
000000000000000000000000000000000000000000001011000111111111111111111111111111111110000011111111110000000000000000000000000000000000000000000000000000
000000000000000000000000000000000000000000001011000111111111111111111111111111111110000011111111110000000000000000000000000000000000000000000000000000
000000000000000000000000000000000000000000000111000011111111011111111111111111111110000001111111110000000000000000000000000000000000000000000000000000
000000000000000000000000000000000000000000000111000011111111011111111111111111111110000001111111110000000000000000000000000000000000000000000000000000
000000000000000000000000000000000000000000000011000000011110011111111111111111111110000011111111110000000000000000000000000000000000000000000000000000
000000000000000000000000000000000000000000000011000000011110011111111111111111111110000011111111110000000000000000000000000000000000000000000000000000
000000000000000000000000000000000000000000000011100000000110011111111111111111111110000011111111110000000000000000000000000000000000000000000000000000
000000000000000000000000000000000000000000000011100000000110011111111111111111111110000011111111110000000000000000000000000000000000000000000000000000
000000000000000000000000000000000000000000000010010000000001111111111111111111111111000111111111110000000000000000000000000000000000000000000000000000
000000000000000000000000000000000000000000000010010000000001111111111111111111111111000111111111110000000000000000000000000000000000000000000000000000
000000000000000000000000000000000000000000000010010000000000111111111111111111111111100111111111100000000000000000000000000000000000000000000000000000
000000000000000000000000000000000000000000000010010000000000111111111111111111111111100111111111100000000000000000000000000000000000000000000000000000
000000000000000000000000000000000000000000000001110000000001111111111111111111111111111111111111100000000000000000000000000000000000000000000000000000
000000000000000000000000000000000000000000000001110000000001111111111111111111111111111111111111100000000000000000000000000000000000000000000000000000
000000000000000000000000000000000000000000000001110000000010111111111111111111111111111111111111000000000000000000000000000000000000000000000000000000
000000000000000000000000000000000000000000000001110000000010111111111111111111111111111111111111000000000000000000000000000000000000000000000000000000
000000000000000000000000000000000000000000000000111000001111111111111111111111111111111111111111000000000000000000000000000000000000000000000000000000
000000000000000000000000000000000000000000000000111000001111111111111111111111111111111111111111000000000000000000000000000000000000000000000000000000
111111111111111111111111111111111111111111111111111111111111111111111111111111111111111111111111111111111111111111111111111111111111111111111111111111
111111111111111111111111111111111111111111111111111111111111111111111111111111111111111111111111111111111111111111111111111111111111111111111111111111
