000000000000000000000000000000000000000000000000000000000000000000000000000000000000000000000000000000000000000000000000000000000000000000000000000000
000000000000000000000000000000000000000000000000000000000000000000000000000000000000000000000000000000000000000000000000000000000000000000000000000000
000000000000000000000000000000000000000000000000000000000000000000000000000000000000000000000000000000000000000000000000000000000000000000000000000000
000000000000000000000000000000000000000000000000000000000000000000000000000000000000000000000000000000000000000000000000000000000000000000000000000000
000000000000000000000000000000000000000000000000000000000000000000000000000000000000000000000000000000000000000000000000000000000000000000000000000000
000000000000000000000000000000000000000000000000000000000000000000000000000000000000000000000000000000000000000000000000000000000000000000000000000000
000000000000000000000000000000000000000000000000000000000000000000000000000000000000000000000000000000000000000000000000000000000000000000000000000000
000000000000000000000000000000000000000000000000000000000000000000000000000000000000000000000000000000000000000000000000000000000000000000000000000000
000000000000000000000000000000000000000000000000000000000000000000000000000000000000000000000000000000000000000000000000000000000110000000000000000000
000000000000000000000000000000000000000000000000000000000000000000000000000000000000000000000000000000000000000000000000000000000110000000000000000000
000000000000000000000000000000000000000000000000000000000000000000000000000000000000000000000000000000000000000000000000000001111000000000000000000000
000000000000000000000000000000000000000000000000000000000000000000000000000000000000000000000000000000000000000000000000000001111000000000000000000000
000000000000000000000000000000000000000000000000000000000000000000000000000000000000000000000000000000000000000000000000000111110000000000000000000000
000000000000000000000000000000000000000000000000000000000000000000000000000000000000000000000000000000000000000000000000000111110000000000000000000000
000000000000000000000000000000000000000000000000000000000000000000000000000000000000000000000000000000000000000000000000111111000000000000000000000000
000000000000000000000000000000000000000000000000000000000000000000000000000000000000000000000000000000000000000000000000111111000000000000000000000000
000000000000000000000000000000000000000000000000000000000000000000000000000000000000000000000000000000000000000000000011111100000000000000000000000000
000000000000000000000000000000000000000000000000000000000000000000000000000000000000000000000000000000000000000000000011111100000000000000000000000000
000000000000000000000000000000000000111111111110000000000000000000000000000000000000000000000000000000000000000000001111111100000000000000000000000000
000000000000000000000000000000000000111111111110000000000000000000000000000000000000000000000000000000000000000000001111111100000000000000000000000000
000000000000000000000000000000000111111111111111111000000000000000000000000000000000000000000000000000000000000001111111100000000000000000000000000000
000000000000000000000000000000000111111111111111111000000000000000000000000000000000000000000000000000000000000001111111100000000000000000000000000000
000000000000000000000000000000011111111111111111111110000000000000000000000000000000000000000000000000000000000111111111111100000000000000000000000000
000000000000000000000000000000011111111111111111111110000000000000000000000000000000000000000000000000000000000111111111111100000000000000000000000000
000000000000000000000000000001111111111111111111111111100000000000000000000000000000000000000000000000000000111111111111111110000000000000000000000000
000000000000000000000000000001111111111111111111111111100000000000000000000000000000000000000000000000000000111111111111111110000000000000000000000000
000000000000000000000000000011111111111111111111111111110000000000000000000000000000000000000000000000001111111111111111100000000000000000000000000000
000000000000000000000000000011111111111111111111111111110000000000000000000000000000000000000000000000001111111111111111100000000000000000000000000000
000000000000000000000000000111111111111111111111111111111000000000000000000000000000000000001111000000111111111110000000000000000000000000000000000000
000000000000000000000000000111111111111111111111111111111000000000000000000000000000000000001111000000111111111110000000000000000000000000000000000000
000000000000000000000000001111111111111111111111111111111000000000000000000000000011111111111111000111111111111000000000000000000000000000000000000000
000000000000000000000000001111111111111111111111111111111000000000000000000000000011111111111111000111111111111000000000000000000000000000000000000000
000000000000000000000000001111111111111111111111111111111111111111100000000000111111111111111111111111111111100000000000000000000000000000000000000000
000000000000000000000000001111111111111111111111111111111111111111100000000000111111111111111111111111111111100000000000000000000000000000000000000000
000000000000000000000000001111111111111111111111111111111111111111111000000011111111111111111111111111111110000000000000000000000000000000000000000000
000000000000000000000000001111111111111111111111111111111111111111111000000011111111111111111111111111111110000000000000000000000000000000000000000000
000000000000000000000000011111111111111111111111111111111111111111111110000111111111111111111111111111110000111111110000000000000000000000000000000000
000000000000000000000000011111111111111111111111111111111111111111111110000111111111111111111111111111110000111111110000000000000000000000000000000000
000000000000000000000000011111111111111111111111111111111111111111111111000111111111111111111111111111111111111111111000000000000000000000000000000000
000000000000000000000000011111111111111111111111111111111111111111111111000111111111111111111111111111111111111111111000000000000000000000000000000000
000000000000000000000000001111111111111111111111111111111111111111111111101111111111111111111111111111111111111111111000000000000000000000000000000000
000000000000000000000000001111111111111111111111111111111111111111111111101111111111111111111111111111111111111111111000000000000000000000000000000000
000000000000000000000000001111111111111111111111111111111111111111111111100011111111111111111111111111111111111111111000000000000000000000000000000000
000000000000000000000000001111111111111111111111111111111111111111111111100011111111111111111111111111111111111111111000000000000000000000000000000000
000000000000000000000000000011111111111111111111111111111111111111111111111111111111111111111111111111111111111111111000000000000000000000000000000000
000000000000000000000000000011111111111111111111111111111111111111111111111111111111111111111111111111111111111111111000000000000000000000000000000000
000000000000000000000000000001111111111111111111111111111111111111111111111111111111111111111111111111111111111111110000000000000000000000000000000000
000000000000000000000000000001111111111111111111111111111111111111111111111111111111111111111111111111111111111111110000000000000000000000000000000000
000000000000000000000000000000001111111111111111111111111111111111111111111111111111111111111111111111111111111111100000000000000000000000000000000000
000000000000000000000000000000001111111111111111111111111111111111111111111111111111111111111111111111111111111111100000000000000000000000000000000000
000000000000000000000000000000000001111111111110001111111111111111111111111111111111111111111111111111111111111111000000000000000000000000000000000000
000000000000000000000000000000000001111111111110001111111111111111111111111111111111111111111111111111111111111111000000000000000000000000000000000000
000000000000000000000000000000000000000000000111111111111111111111111100111111111111111111111111111111111111111110000000000000000000000000000000000000
000000000000000000000000000000000000000000000111111111111111111111111100111111111111111111111111111111111111111110000000000000000000000000000000000000
000000000000000000000000000000000000000000011111111111111111111111110000111111111111111111111111111111111111111100000000000000000000000000000000000000
000000000000000000000000000000000000000000011111111111111111111111110000111111111111111111111111111111111111111100000000000000000000000000000000000000
000000000000000000000000000000000000000011111111111110000111111000000000001111111111111111111111111111111101110000000000000000000000000000000000000000
000000000000000000000000000000000000000011111111111110000111111000000000001111111111111111111111111111111101110000000000000000000000000000000000000000
000000000000000000000000000000000000000001111111111100000000000000000000001111111111111111111111111111111000000000000000000000000000000000000000000000
000000000000000000000000000000000000000001111111111100000000000000000000001111111111111111111111111111111000000000000000000000000000000000000000000000
000000000000000000000000000000000000000111111111111100000000000000000000011111111111111111111111111111110000000000000000000000000000000000000000000000
000000000000000000000000000000000000000111111111111100000000000000000000011111111111111111111111111111110000000000000000000000000000000000000000000000
000000000000000000000000000000000000001100001111111110000000000000000000111111111111111111111111111111110000000000000000000000000000000000000000000000
000000000000000000000000000000000000001100001111111110000000000000000000111111111111111111111111111111110000000000000000000000000000000000000000000000
000000000000000000000000000000000000000000011111111111100000000000000000111111111111111111111111111111100000000000000000000000000000000000000000000000
000000000000000000000000000000000000000000011111111111100000000000000000111111111111111111111111111111100000000000000000000000000000000000000000000000
000000000000000000000000000000000000000000011111111110000000000000000001111111111111111111111111111111100000000000000000000000000000000000000000000000
000000000000000000000000000000000000000000011111111110000000000000000001111111111111111111111111111111100000000000000000000000000000000000000000000000
000000000000000000000000000000000000000000000111111110000000000000000011111111111111111111111111111111000000000000000000000000000000000000000000000000
000000000000000000000000000000000000000000000111111110000000000000000011111111111111111111111111111111000000000000000000000000000000000000000000000000
000000000000000000000000000000000000000000000111111111000000000011111111111111111111111111111111111111000000000000000000000000000000000000000000000000
000000000000000000000000000000000000000000000111111111000000000011111111111111111111111111111111111111000000000000000000000000000000000000000000000000
000000000000000000000000000000000000000000000111111111000011111111111111111111111111111111111111111110000000000000000000000000000000000000000000000000
000000000000000000000000000000000000000000000111111111000011111111111111111111111111111111111111111110000000000000000000000000000000000000000000000000
000000000000000000000000000000000000000000000011111111111111111111111111111111111111111111111111111110000000000000000000000000000000000000000000000000
000000000000000000000000000000000000000000000011111111111111111111111111111111111111111111111111111110000000000000000000000000000000000000000000000000
000000000000000000000000000000000000000000000011111111111111111111111111111111111111111111111111111100000000000000000000000000000000000000000000000000
000000000000000000000000000000000000000000000011111111111111111111111111111111111111111111111111111100000000000000000000000000000000000000000000000000
000000000000000000000000000000000000000000000011111111111111111111111111111111111111111111111111111100000000000000000000000000000000000000000000000000
000000000000000000000000000000000000000000000011111111111111111111111111111111111111111111111111111100000000000000000000000000000000000000000000000000
000000000000000000000000000000000000000000000001111111111111100111111111111111111111111111111111111100000000000000000000000000000000000000000000000000
000000000000000000000000000000000000000000000001111111111111100111111111111111111111111111111111111100000000000000000000000000000000000000000000000000
000000000000000000000000000000000000000000000001111000000000001111111111111111111111111111111111111110000000000000000000000000000000000000000000000000
000000000000000000000000000000000000000000000001111000000000001111111111111111111111111111111111111110000000000000000000000000000000000000000000000000
000000000000000000000000000000000000000000000000100000000000001111111111111111111111111111111111111111100000000000000000000000000000000000000000000000
000000000000000000000000000000000000000000000000100000000000001111111111111111111111111111111111111111100000000000000000000000000000000000000000000000
000000000000000000000000000000000000000000000000110000000000011111111111111111111111111111111111111111111000000000000000000000000000000000000000000000
000000000000000000000000000000000000000000000000110000000000011111111111111111111111111111111111111111111000000000000000000000000000000000000000000000
000000000000000000000000000000000000000000000001111000000000011111111111111111111111111111111111111111111110000000000000000000000000000000000000000000
000000000000000000000000000000000000000000000001111000000000011111111111111111111111111111111111111111111110000000000000000000000000000000000000000000
000000000000000000000000000000000000000000000001000100000000011111111111111111111111111111111111111111111111000000000000000000000000000000000000000000
000000000000000000000000000000000000000000000001000100000000011111111111111111111111111111111111111111111111000000000000000000000000000000000000000000
000000000000000000000000000000000000000000000001000100000000001111111111111111111111111111111111111111111111110000000000000000000000000000000000000000
000000000000000000000000000000000000000000000001000100000000001111111111111111111111111111111111111111111111110000000000000000000000000000000000000000
000000000000000000000000000000000000000000000000110000000000001111111111111111111111111111111111111111111111111000000000000000000000000000000000000000
000000000000000000000000000000000000000000000000110000000000001111111111111111111111111111111111111111111111111000000000000000000000000000000000000000
000000000000000000000000000000000000000000000000010000000000001111111111111111111111100111111111100011111111111100000000000000000000000000000000000000
000000000000000000000000000000000000000000000000010000000000001111111111111111111111100111111111100011111111111100000000000000000000000000000000000000
000000000000000000000000000000000000000000000000111000000000001111111111111111111111100111111111000000111111111110000000000000000000000000000000000000
000000000000000000000000000000000000000000000000111000000000001111111111111111111111100111111111000000111111111110000000000000000000000000000000000000
000000000000000000000000000000000000000000000001000100000000001111111111111111111111100111111111000001111111111110000000000000000000000000000000000000
000000000000000000000000000000000000000000000001000100000000001111111111111111111111100111111111000001111111111110000000000000000000000000000000000000
000000000000000000000000000000000000000000000001000100000000001111111111111111111111100111111111000111111111111100000000000000000000000000000000000000
000000000000000000000000000000000000000000000001000100000000001111111111111111111111100111111111000111111111111100000000000000000000000000000000000000
000000000000000000000000000000000000000000000000111100000000000111111111111111111111100111111111001111111111111000000000000000000000000000000000000000
000000000000000000000000000000000000000000000000111100000000000111111111111111111111100111111111001111111111111000000000000000000000000000000000000000
000000000000000000000000000000000000000000000000011000000000000111111111111111111111100111111111011111111111110000000000000000000000000000000000000000
000000000000000000000000000000000000000000000000011000000000000111111111111111111111100111111111011111111111110000000000000000000000000000000000000000
000000000000000000000000000000000000000000000000011000000000001111111111111111111111111111111111111111111111000000000000000000000000000000000000000000
000000000000000000000000000000000000000000000000011000000000001111111111111111111111111111111111111111111111000000000000000000000000000000000000000000
000000000000000000000000000000000000000000000000111100000000001111111111111111111111111111111111111111111110000000000000000000000000000000000000000000
000000000000000000000000000000000000000000000000111100000000001111111111111111111111111111111111111111111110000000000000000000000000000000000000000000
000000000000000000000000000000000000000000000000100010000000101111111111111111111111111111111111111111111000000000000000000000000000000000000000000000
000000000000000000000000000000000000000000000000100010000000101111111111111111111111111111111111111111111000000000000000000000000000000000000000000000
111111111111111111111111111111111111111111111111111111111111111111111111111111111111111111111111111111111111111111111111111111111111111111111111111111
111111111111111111111111111111111111111111111111111111111111111111111111111111111111111111111111111111111111111111111111111111111111111111111111111111
