000000000000000000000000000000000000000000000000000000000000000000000000000000000000000000000000000000000000000000000000000000000000000000000000000000
000000000000000000000000000000000000000000000000000000000000000000000000000000000000000000000000000000000000000000000000000000000000000000000000000000
000000000000000000000000000000000000000000000000000000000000000000000000000000000000000000000000000000000000000000000000000000000000000000000000000000
000000000000000000000000000000000000000000000000000000000000000000000000000000000000000000000000000000000000000000000000000000000000000000000000000000
000000000000000000000000000000000000000000000000000000000000000000000000000000000000000000000000000000000000000000000000000000000000000000000000000000
000000000000000000000000000000000000000000000000000000000000000000000000000000000000000000000000000000000000000000000000000000000000000000000000000000
000000000000000000000000000000000000000000000000000000000000000000000000000000000000000000000000000000000000000000000000000000000000000000000000000000
000000000000000000000000000000000000000000000000000000000000000000000000000000000000000000000000000000000000000000000000000000000000000000000000000000
000000000000000000000000000000000000000000000000000000000000000000000000000000000000000000000000000000000000000000000000000000000000000000000000000000
000000000000000000000000000000000000000000000000000000000000000000000000000000000000000000000000000000000000000000000000000000000000000000000000000000
000000000000000000000000000000000000000000000000000000000000000000000000000000000000000000000000000000000000000000000000000000000000000000000000000000
000000000000000000000000000000000000000000000000000000000000000000000000000000000000000000000000000000000000000000000000000000000000000000000000000000
000000000000000000000000000000000000000000000000000000000000000000000000000000000000000000000000000000000000000000000000000000000000000000000000000000
000000000000000000000000000000000000000000000000000000000000000000000000000000000000000000000000000000000000000000000000000000000000000000000000000000
000000000000000000000000000000000000000000001111111100000000000000000000000000000000000000000000000000000000000000000000000000000000000000000000000000
000000000000000000000000000000000000000000001111111100000000000000000000000000000000000000000000000000000000000000000000000000000000000000000000000000
000000000000000000000000000000000000000001111111111111110000000000000000000000000000000000000000000000000000000000000000000000000000001110000000000000
000000000000000000000000000000000000000001111111111111110000000000000000000000000000000000000000000000000000000000000000000000000000001110000000000000
000000000000000000000000000000000000001111111111111111111110000000000000000000000000000000000000000000000000000000000000000000000001111000000000000000
000000000000000000000000000000000000001111111111111111111110000000000000000000000000000000000000000000000000000000000000000000000001111000000000000000
000000000000000000000000000000000000111111111111111111111111000000000000000000000000000000000000000000000000000000000000000000001111100000000000000000
000000000000000000000000000000000000111111111111111111111111000000000000000000000000000000000000000000000000000000000000000000001111100000000000000000
000000000000000000000000000000000001111111111111111111111111110000000000000000000000000000000000000000000000000000000000000001111111000000000000000000
000000000000000000000000000000000001111111111111111111111111110000000000000000000000000000000000000000000000000000000000000001111111000000000000000000
000000000000000000000000000000000011111111111111111111111111110000000000000000000000000000000000000000000000000000000000001111111100000000000000000000
000000000000000000000000000000000011111111111111111111111111110000000000000000000000000000000000000000000000000000000000001111111100000000000000000000
000000000000000000000000000000000111111111111111111111111111111000000000000000000000000000000000000000000000000000000001111111111111000000000000000000
000000000000000000000000000000000111111111111111111111111111111000000000000000000000000000000000000000000000000000000001111111111111000000000000000000
000000000000000000000000000000001111111111111111111111111111111100000000000000000000000000000000000000000000000000000111111111110000000000000000000000
000000000000000000000000000000001111111111111111111111111111111100000000000000000000000000000000000000000000000000000111111111110000000000000000000000
000000000000000000000000000000001111111111111111111111111111111100000000000000000000000000000000000000000000000001111111111111111110000000000000000000
000000000000000000000000000000001111111111111111111111111111111100000000000000000000000000000000000000000000000001111111111111111110000000000000000000
000000000000000000000000000000001111111111111111111111111111111111111100000000000000000000000000000011100000011111111111111111111111000000000000000000
000000000000000000000000000000001111111111111111111111111111111111111100000000000000000000000000000011100000011111111111111111111111000000000000000000
000000000000000000000000000000001111111111111111111111111111111111111111100000000000011111111110000111110111111111111110111111000000000000000000000000
000000000000000000000000000000001111111111111111111111111111111111111111100000000000011111111110000111110111111111111110111111000000000000000000000000
000000000000000000000000000000000111111111111111111111111111111111111111111000000111111111111111111111111111111111110000000000000000000000000000000000
000000000000000000000000000000000111111111111111111111111111111111111111111000000111111111111111111111111111111111110000000000000000000000000000000000
000000000000000000000000000000000011111111111111111111111111111111111111111100000111111111111111111111111111111111000000000000000000000000000000000000
000000000000000000000000000000000011111111111111111111111111111111111111111100000111111111111111111111111111111111000000000000000000000000000000000000
000000000000000000000000000000000000111111111111111111111111111111111111111110011111111111111111111111111111111000000000000000000000000000000000000000
000000000000000000000000000000000000111111111111111111111111111111111111111110011111111111111111111111111111111000000000000000000000000000000000000000
000000000000000000000000000000000000001111111111111111111111111111111111111110111111111111111111111111111111100000011110000000000000000000000000000000
000000000000000000000000000000000000001111111111111111111111111111111111111110111111111111111111111111111111100000011110000000000000000000000000000000
000000000000000000000000000000000000000001111111111111111111111111111111111110101111111111111111111111111111111111111111110000000000000000000000000000
000000000000000000000000000000000000000001111111111111111111111111111111111110101111111111111111111111111111111111111111110000000000000000000000000000
000000000000000000000000000000000000000000000000000111111111111111111111111100001111111111111111111111111111111111111111110000000000000000000000000000
000000000000000000000000000000000000000000000000000111111111111111111111111100001111111111111111111111111111111111111111110000000000000000000000000000
000000000000000000000000000000000000000000000000111111111111111111111111111011111111111111111111111111111111111111111111110000000000000000000000000000
000000000000000000000000000000000000000000000000111111111111111111111111111011111111111111111111111111111111111111111111110000000000000000000000000000
000000000000000000000000000000000000000000001111111111111111111111111111111111111111111111111111111111111111111111111111110000000000000000000000000000
000000000000000000000000000000000000000000001111111111111111111111111111111111111111111111111111111111111111111111111111110000000000000000000000000000
000000000000000000000000000000000000000000111111111111111111111111111111111111111111111111111111111111111111111111111111100000000000000000000000000000
000000000000000000000000000000000000000000111111111111111111111111111111111111111111111111111111111111111111111111111111100000000000000000000000000000
000000000000000000000000000000000000000000011111111111100111111111111110011111111111111111111111111111111111111111111111000000000000000000000000000000
000000000000000000000000000000000000000000011111111111100111111111111110011111111111111111111111111111111111111111111111000000000000000000000000000000
000000000000000000000000000000000000000001111111111111100000000111000000001111111111111111111111111111111111111111111110000000000000000000000000000000
000000000000000000000000000000000000000001111111111111100000000111000000001111111111111111111111111111111111111111111110000000000000000000000000000000
000000000000000000000000000000000000000011111111111111000000000000000000001111111111111111111111111111111111111111111100000000000000000000000000000000
000000000000000000000000000000000000000011111111111111000000000000000000001111111111111111111111111111111111111111111100000000000000000000000000000000
000000000000000000000000000000000000000000000011111111000000000000000000000001111111111111111111111111111111111111110000000000000000000000000000000000
000000000000000000000000000000000000000000000011111111000000000000000000000001111111111111111111111111111111111111110000000000000000000000000000000000
000000000000000000000000000000000000000000000011111111100000000000000000000011111111111111111111111111111111111111000000000000000000000000000000000000
000000000000000000000000000000000000000000000011111111100000000000000000000011111111111111111111111111111111111111000000000000000000000000000000000000
000000000000000000000000000000000000000000001111111111110000000000000000000111111111111111111111111111111111001110000000000000000000000000000000000000
000000000000000000000000000000000000000000001111111111110000000000000000000111111111111111111111111111111111001110000000000000000000000000000000000000
000000000000000000000000000000000000000000000111111111100000000000000000001111111111111111111111111111111110000000000000000000000000000000000000000000
000000000000000000000000000000000000000000000111111111100000000000000000001111111111111111111111111111111110000000000000000000000000000000000000000000
000000000000000000000000000000000000000000000011111111100000000000000000001111111111111111111111111111111110000000000000000000000000000000000000000000
000000000000000000000000000000000000000000000011111111100000000000000000001111111111111111111111111111111110000000000000000000000000000000000000000000
000000000000000000000000000000000000000000000001111111100000000000000000011111111111111111111111111111111100000000000000000000000000000000000000000000
000000000000000000000000000000000000000000000001111111100000000000000000011111111111111111111111111111111100000000000000000000000000000000000000000000
000000000000000000000000000000000000000000000001111111100000000000111111111111111111111111111111111111111100000000000000000000000000000000000000000000
000000000000000000000000000000000000000000000001111111100000000000111111111111111111111111111111111111111100000000000000000000000000000000000000000000
000000000000000000000000000000000000000000000001111111111111111111111111111111111111111111111111111111111000000000000000000000000000000000000000000000
000000000000000000000000000000000000000000000001111111111111111111111111111111111111111111111111111111111000000000000000000000000000000000000000000000
000000000000000000000000000000000000000000000001111111111111111111111111111111111111111111111111111111111000000000000000000000000000000000000000000000
000000000000000000000000000000000000000000000001111111111111111111111111111111111111111111111111111111111000000000000000000000000000000000000000000000
000000000000000000000000000000000000000000000001111111111111111111111111111111111111111111111111111111110000000000000000000000000000000000000000000000
000000000000000000000000000000000000000000000001111111111111111111111111111111111111111111111111111111110000000000000000000000000000000000000000000000
000000000000000000000000000000000000000000000001111111111111111111111111111111111111111111111111111111110000000000000000000000000000000000000000000000
000000000000000000000000000000000000000000000001111111111111111111111111111111111111111111111111111111110000000000000000000000000000000000000000000000
000000000000000000000000000000000000000000000000111111111100001111111111111111111111111111111111111111110000000000000000000000000000000000000000000000
000000000000000000000000000000000000000000000000111111111100001111111111111111111111111111111111111111110000000000000000000000000000000000000000000000
000000000000000000000000000000000000000000000000011000000000011111111111111111111111111111111111111111110000000000000000000000000000000000000000000000
000000000000000000000000000000000000000000000000011000000000011111111111111111111111111111111111111111110000000000000000000000000000000000000000000000
000000000000000000000000000000000000000000000000010000000000111111111111111111111111111111111111111111110000000000000000000000000000000000000000000000
000000000000000000000000000000000000000000000000010000000000111111111111111111111111111111111111111111110000000000000000000000000000000000000000000000
000000000000000000000000000000000000000000000000111100000000111111111111111111111111111111111111111111100000000000000000000000000000000000000000000000
000000000000000000000000000000000000000000000000111100000000111111111111111111111111111111111111111111100000000000000000000000000000000000000000000000
000000000000000000000000000000000000000000000001000100000000111111111111111111111111111111111111111111100000000000000000000000000000000000000000000000
000000000000000000000000000000000000000000000001000100000000111111111111111111111111111111111111111111100000000000000000000000000000000000000000000000
000000000000000000000000000000000000000000000001000100000000111111111111111111111111111111111111111111111000000000000000000000000000000000000000000000
000000000000000000000000000000000000000000000001000100000000111111111111111111111111111111111111111111111000000000000000000000000000000000000000000000
000000000000000000000000000000000000000000000000111000000000111111111111111111111111110010111111111111111110000000000000000000000000000000000000000000
000000000000000000000000000000000000000000000000111000000000111111111111111111111111110010111111111111111110000000000000000000000000000000000000000000
000000000000000000000000000000000000000000000000010000000000111111111111111111111111100100111111111111111111000000000000000000000000000000000000000000
000000000000000000000000000000000000000000000000010000000000111111111111111111111111100100111111111111111111000000000000000000000000000000000000000000
000000000000000000000000000000000000000000000000111000000000111111111111111111111111000000011111111111111111110000000000000000000000000000000000000000
000000000000000000000000000000000000000000000000111000000000111111111111111111111111000000011111111111111111110000000000000000000000000000000000000000
000000000000000000000000000000000000000000000001010100000000111111111111111111111110000000011111111111111111111000000000000000000000000000000000000000
000000000000000000000000000000000000000000000001010100000000111111111111111111111110000000011111111111111111111000000000000000000000000000000000000000
000000000000000000000000000000000000000000000001000100000000111111111111111111111110000000001111111111111111111100000000000000000000000000000000000000
000000000000000000000000000000000000000000000001000100000000111111111111111111111110000000001111111111111111111100000000000000000000000000000000000000
000000000000000000000000000000000000000000000001010100000000111111111111111111111110000000001111111111111111111110000000000000000000000000000000000000
000000000000000000000000000000000000000000000001010100000000111111111111111111111110000000001111111111111111111110000000000000000000000000000000000000
000000000000000000000000000000000000000000000000110000000000111111111111111111111110000000001111111111111111111110000000000000000000000000000000000000
000000000000000000000000000000000000000000000000110000000000111111111111111111111110000000001111111111111111111110000000000000000000000000000000000000
000000000000000000000000000000000000000000000000110000000000111111111111111111111110000000000111111111111111111100000000000000000000000000000000000000
000000000000000000000000000000000000000000000000110000000000111111111111111111111110000000000111111111111111111100000000000000000000000000000000000000
000000000000000000000000000000000000000000000001111000000000111111111111111111111110000000100111111111111111111100000000000000000000000000000000000000
000000000000000000000000000000000000000000000001111000000000111111111111111111111110000000100111111111111111111100000000000000000000000000000000000000
000000000000000000000000000000000000000000000001000100000000111111111111111111111111100001111111111111111111100000000000000000000000000000000000000000
000000000000000000000000000000000000000000000001000100000000111111111111111111111111100001111111111111111111100000000000000000000000000000000000000000
111111111111111111111111111111111111111111111111111111111111111111111111111111111111111111111111111111111111111111111111111111111111111111111111111111
111111111111111111111111111111111111111111111111111111111111111111111111111111111111111111111111111111111111111111111111111111111111111111111111111111
