000000000000000000000000000000000000000000000000000000000000000000000000000000000000000000000000000000000000000000000000000000000000000000000000000000
000000000000000000000000000000000000000000000000000000000000000000000000000000000000000000000000000000000000000000000000000000000000000000000000000000
000000000000000000000000000000000000000000000000000000000000000000000000000000000000000000000000000000000000000000000000000000000000000000000000000000
000000000000000000000000000000000000000000000000000000000000000000000000000000000000000000000000000000000000000000000000000000000000000000000000000000
000000000000000000000000000000000000000000000000000000000000000000000000000000000000000000000000000000000000000000000000000000000000000000000000000000
000000000000000000000000000000000000000000000000000000000000000000000000000000000000000000000000000000000000000000000000000000000000000000000000000000
000000000000000000000000000000000000000000000000000000000000000000000000000000000000000000000000000000000000000000000000000000000000000000000000000000
000000000000000000000000000000000000000000000000000000000000000000000000000000000000000000000000000000000000000000000000000000000000000000000000000000
000000000000000000000000000000000000000000001111111000000000000000000000000000000000000000000000000000000000000000000000000000000000000000000000000000
000000000000000000000000000000000000000000001111111000000000000000000000000000000000000000000000000000000000000000000000000000000000000000000000000000
000000000000000000000000000000000000000111111111111111100000000000000000000000000000000000000000000000000000000000000000000000000000000000000000000000
000000000000000000000000000000000000000111111111111111100000000000000000000000000000000000000000000000000000000000000000000000000000000000000000000000
000000000000000000000000000000000000011111111111111111111100000000000000000000000000000000000000000000000000000000000000000000000000000000000000000000
000000000000000000000000000000000000011111111111111111111100000000000000000000000000000000000000000000000000000000000000000000000000000000000000000000
000000000000000000000000000000000001111111111111111111111111000000000000000000000000000000000000000000000000000000000000000000000000000000000000000000
000000000000000000000000000000000001111111111111111111111111000000000000000000000000000000000000000000000000000000000000000000000000000000000000000000
000000000000000000000000000000000011111111111111111111111111100000000000000000000000000000000000000000000000000000000000000000000000000000000000000000
000000000000000000000000000000000011111111111111111111111111100000000000000000000000000000000000000000000000000000000000000000000000000000000000000000
000000000000000000000000000000001111111111111111111111111111110000000000000000000000000000000000000000000000000000000000000000000000000000000000000000
000000000000000000000000000000001111111111111111111111111111110000000000000000000000000000000000000000000000000000000000000000000000000000000000000000
000000000000000000000000000000001111111111111111111111111111110000000000000000000000000000000000000000000000000000000000000000000000000000000000000000
000000000000000000000000000000001111111111111111111111111111110000000000000000000000000000000000000000000000000000000000000000000000000000000000000000
000000000000000000000000000000011111111111111111111111111111110000000000000000000000000000000000000000000000000000000000000000000000000000001110000000
000000000000000000000000000000011111111111111111111111111111110000000000000000000000000000000000000000000000000000000000000000000000000000001110000000
000000000000000000000000000000011111111111111111111111111111111000000000000000000000000000000000000000000000000000000000000000000000000011111000000000
000000000000000000000000000000011111111111111111111111111111111000000000000000000000000000000000000000000000000000000000000000000000000011111000000000
000000000000000000000000000000011111111111111111111111111111111111000000000000000000000000000000000000000000000000000000000000000000111111100000000000
000000000000000000000000000000011111111111111111111111111111111111000000000000000000000000000000000000000000000000000000000000000000111111100000000000
000000000000000000000000000000011111111111111111111111111111111111111110000000000000000000000000000000000000000000000000000000000111111110000000000000
000000000000000000000000000000011111111111111111111111111111111111111110000000000000000000000000000000000000000000000000000000000111111110000000000000
000000000000000000000000000000001111111111111111111111111111111111111111100000000000000000000000000000000000000000000000000001111111111000000000000000
000000000000000000000000000000001111111111111111111111111111111111111111100000000000000000000000000000000000000000000000000001111111111000000000000000
000000000000000000000000000000000111111111111111111111111111111111111111111000000000000000000000000000000000000000000000001111111111111100000000000000
000000000000000000000000000000000111111111111111111111111111111111111111111000000000000000000000000000000000000000000000001111111111111100000000000000
000000000000000000000000000000000011111111111111111111111111111111111111111000000000000000000000000000000011100000000011111111111111110000000000000000
000000000000000000000000000000000011111111111111111111111111111111111111111000000000000000000000000000000011100000000011111111111111110000000000000000
000000000000000000000000000000000000111111111111111111111111111111111111111100000000000001111111110000001111100001111111111111111111111110000000000000
000000000000000000000000000000000000111111111111111111111111111111111111111100000000000001111111110000001111100001111111111111111111111110000000000000
000000000000000000000000000000000000000111111111111111111111111111111111111100000000001111111111111111111111111111111111111111111111110000000000000000
000000000000000000000000000000000000000111111111111111111111111111111111111100000000001111111111111111111111111111111111111111111111110000000000000000
000000000000000000000000000000000000000000000000001111111111111111111111111000000000111111111111111111111111111111111111100000000000000000000000000000
000000000000000000000000000000000000000000000000001111111111111111111111111000000000111111111111111111111111111111111111100000000000000000000000000000
000000000000000000000000000000000000000000000011111111111111111111111111111000000001111111111111111111111111111111111110000000000000000000000000000000
000000000000000000000000000000000000000000000011111111111111111111111111111000000001111111111111111111111111111111111110000000000000000000000000000000
000000000000000000000000000000000000000011111111111111111111111111111111110000000011111111111111111111111111111111110000000000000000000000000000000000
000000000000000000000000000000000000000011111111111111111111111111111111110000000011111111111111111111111111111111110000000000000000000000000000000000
000000000000000000000000000000000000000011111111111111111111111111111111111100000001111111111111111111111111111110000001000000000000000000000000000000
000000000000000000000000000000000000000011111111111111111111111111111111111100000001111111111111111111111111111110000001000000000000000000000000000000
000000000000000000000000000000000000000011111111111111011111111111111111111110010001111111111111111111111111111111111111111110000000000000000000000000
000000000000000000000000000000000000000011111111111111011111111111111111111110010001111111111111111111111111111111111111111110000000000000000000000000
000000000000000000000000000000000000000111111111111110000011111111110000001000011111111111111111111111111111111111111111111111000000000000000000000000
000000000000000000000000000000000000000111111111111110000011111111110000001000011111111111111111111111111111111111111111111111000000000000000000000000
000000000000000000000000000000000000001111111111111100000000000000000000000000111111111111111111111111111111111111111111111111000000000000000000000000
000000000000000000000000000000000000001111111111111100000000000000000000000000111111111111111111111111111111111111111111111111000000000000000000000000
000000000000000000000000000000000000000000111111111100000000000000000000000000111111111111111111111111111111111111111111111110000000000000000000000000
000000000000000000000000000000000000000000111111111100000000000000000000000000111111111111111111111111111111111111111111111110000000000000000000000000
000000000000000000000000000000000000000000001111111110000000000000000000000001111111111111111111111111111111111111111111111110000000000000000000000000
000000000000000000000000000000000000000000001111111110000000000000000000000001111111111111111111111111111111111111111111111110000000000000000000000000
000000000000000000000000000000000000000000001111111111100000000000000000000011111111111111111111111111111111111111111111111100000000000000000000000000
000000000000000000000000000000000000000000001111111111100000000000000000000011111111111111111111111111111111111111111111111100000000000000000000000000
000000000000000000000000000000000000000000011111111111000000000000000000000000111111111111111111111111111111111111111111111000000000000000000000000000
000000000000000000000000000000000000000000011111111111000000000000000000000000111111111111111111111111111111111111111111111000000000000000000000000000
000000000000000000000000000000000000000000000011111111100000000000000000000000011111111111111111111111111111111111111111100000000000000000000000000000
000000000000000000000000000000000000000000000011111111100000000000000000000000011111111111111111111111111111111111111111100000000000000000000000000000
000000000000000000000000000000000000000000000011111111100000000000000000000000111111111111111111111111111111111111111111000000000000000000000000000000
000000000000000000000000000000000000000000000011111111100000000000000000000000111111111111111111111111111111111111111111000000000000000000000000000000
000000000000000000000000000000000000000000000011111111110000000000000000000001111111111111111111111111111111111111111100000000000000000000000000000000
000000000000000000000000000000000000000000000011111111110000000000000000000001111111111111111111111111111111111111111100000000000000000000000000000000
000000000000000000000000000000000000000000000001111111110000000000000000000011111111111111111111111111111111111011100000000000000000000000000000000000
000000000000000000000000000000000000000000000001111111110000000000000000000011111111111111111111111111111111111011100000000000000000000000000000000000
000000000000000000000000000000000000000000000001111111111001111111111110000111111111111111111111111111111111110000000000000000000000000000000000000000
000000000000000000000000000000000000000000000001111111111001111111111110000111111111111111111111111111111111110000000000000000000000000000000000000000
000000000000000000000000000000000000000000000001111111111111111111111111111111111111111111111111111111111111100000000000000000000000000000000000000000
000000000000000000000000000000000000000000000001111111111111111111111111111111111111111111111111111111111111100000000000000000000000000000000000000000
000000000000000000000000000000000000000000000001011111111111111111111111111111111111111111111111111111111111000000000000000000000000000000000000000000
000000000000000000000000000000000000000000000001011111111111111111111111111111111111111111111111111111111111000000000000000000000000000000000000000000
000000000000000000000000000000000000000000000001001111111111111111111111111111111111111111111111111111111111000000000000000000000000000000000000000000
000000000000000000000000000000000000000000000001001111111111111111111111111111111111111111111111111111111111000000000000000000000000000000000000000000
000000000000000000000000000000000000000000000001111000011111111111111111111111111111111111111111111111111110000000000000000000000000000000000000000000
000000000000000000000000000000000000000000000001111000011111111111111111111111111111111111111111111111111110000000000000000000000000000000000000000000
000000000000000000000000000000000000000000000000111000000000000000011111111111111111111111111111111111111110000000000000000000000000000000000000000000
000000000000000000000000000000000000000000000000111000000000000000011111111111111111111111111111111111111110000000000000000000000000000000000000000000
000000000000000000000000000000000000000000000000111000000000000001111111111111111111111111111111111111111100000000000000000000000000000000000000000000
000000000000000000000000000000000000000000000000111000000000000001111111111111111111111111111111111111111100000000000000000000000000000000000000000000
000000000000000000000000000000000000000000000000111100000000000011111111111111111111111111111111111111111100000000000000000000000000000000000000000000
000000000000000000000000000000000000000000000000111100000000000011111111111111111111111111111111111111111100000000000000000000000000000000000000000000
000000000000000000000000000000000000000000000000100100000000001111111111111111111111111111111111111111111100000000000000000000000000000000000000000000
000000000000000000000000000000000000000000000000100100000000001111111111111111111111111111111111111111111100000000000000000000000000000000000000000000
000000000000000000000000000000000000000000000000111100000000001111111111111111111111111111111111111111111100000000000000000000000000000000000000000000
000000000000000000000000000000000000000000000000111100000000001111111111111111111111111111111111111111111100000000000000000000000000000000000000000000
000000000000000000000000000000000000000000000000011000000000011111111111111111111111111111111111111111111000000000000000000000000000000000000000000000
000000000000000000000000000000000000000000000000011000000000011111111111111111111111111111111111111111111000000000000000000000000000000000000000000000
000000000000000000000000000000000000000000000000011100000000011111111111111111111111111111111111111111111000000000000000000000000000000000000000000000
000000000000000000000000000000000000000000000000011100000000011111111111111111111111111111111111111111111000000000000000000000000000000000000000000000
000000000000000000000000000000000000000000000000111100000000011111111111111111111111111111111111111111110000000000000000000000000000000000000000000000
000000000000000000000000000000000000000000000000111100000000011111111111111111111111111111111111111111110000000000000000000000000000000000000000000000
000000000000000000000000000000000000000000000000100010000000011111111111111111111111111101011111111111110000000000000000000000000000000000000000000000
000000000000000000000000000000000000000000000000100010000000011111111111111111111111111101011111111111110000000000000000000000000000000000000000000000
000000000000000000000000000000000000000000000000100010000000011111111111111111111111111000011111111111111100000000000000000000000000000000000000000000
000000000000000000000000000000000000000000000000100010000000011111111111111111111111111000011111111111111100000000000000000000000000000000000000000000
000000000000000000000000000000000000000000000000111100000000111111111111111111111111100000011111111111111110000000000000000000000000000000000000000000
000000000000000000000000000000000000000000000000111100000000111111111111111111111111100000011111111111111110000000000000000000000000000000000000000000
000000000000000000000000000000000000000000000000011100000000111111111111111111111111000000001111111111111111000000000000000000000000000000000000000000
000000000000000000000000000000000000000000000000011100000000111111111111111111111111000000001111111111111111000000000000000000000000000000000000000000
000000000000000000000000000000000000000000000000011100000000011111111111111111111111000000001111111111111111100000000000000000000000000000000000000000
000000000000000000000000000000000000000000000000011100000000011111111111111111111111000000001111111111111111100000000000000000000000000000000000000000
000000000000000000000000000000000000000000000000111110000000011111111111111111111111000000001111111111111111110000000000000000000000000000000000000000
000000000000000000000000000000000000000000000000111110000000011111111111111111111111000000001111111111111111110000000000000000000000000000000000000000
000000000000000000000000000000000000000000000000100010000000011111111111111111111111000000000111111111111111111000000000000000000000000000000000000000
000000000000000000000000000000000000000000000000100010000000011111111111111111111111000000000111111111111111111000000000000000000000000000000000000000
000000000000000000000000000000000000000000000000100010000000011111111111111111111111000000000111111111111111111100000000000000000000000000000000000000
000000000000000000000000000000000000000000000000100010000000011111111111111111111111000000000111111111111111111100000000000000000000000000000000000000
000000000000000000000000000000000000000000000000111100000000011111111111111111111111000000000011111111111111111100000000000000000000000000000000000000
000000000000000000000000000000000000000000000000111100000000011111111111111111111111000000000011111111111111111100000000000000000000000000000000000000
111111111111111111111111111111111111111111111111111111111111111111111111111111111111111111111111111111111111111111111111111111111111111111111111111111
111111111111111111111111111111111111111111111111111111111111111111111111111111111111111111111111111111111111111111111111111111111111111111111111111111
