000000000000000000000000000000000000000000000000000001111111111111111111111111111111111111000000000000000000000000000000000000000000000000000000000000
000000000000000000000000000000000000000000000000000001111111111111111111111111111111111111000000000000000000000000000000000000000000000000000000000000
000000000000000000000000000000000000000000000000000000111111111111111111111111111111111111000000000000000000000000000000000000000000000000000000000000
000000000000000000000000000000000000000000000000000000111111111111111111111111111111111111000000000000000000000000000000000000000000000000000000000000
000000000000000000000000000000000000000000000000000000111111111111111111111111111111111111000000000000000000000000000000000000000000000000000000000000
000000000000000000000000000000000000000000000000000000111111111111111111111111111111111111000000000000000000000000000000000000000000000000000000000000
000000000000000000000000000000000000000000000000000000011111111111111111111111111111111110000000000000000000000000000000000000000000000000000000000000
000000000000000000000000000000000000000000000000000000011111111111111111111111111111111110000000000000000000000000000000000000000000000000000000000000
000000000000000000000000000000000000000000000000000000001111111111111111111111111111111100000000000000000000000000000000000000000000000000000000000000
000000000000000000000000000000000000000000000000000000001111111111111111111111111111111100000000000000000000000000000000000000000000000000000000000000
000000000000000000000000000000000000000000000000000000000011111111111111111111111111110000000000000000000000000000000000000000000000000000000000000000
000000000000000000000000000000000000000000000000000000000011111111111111111111111111110000000000000000000000000000000000000000000000000000000000000000
000000000000000000000000000000000000000000000000011000000000111111111111111111111111100000000000000000000000000000000000000000000000000000000000000000
000000000000000000000000000000000000000000000000011000000000111111111111111111111111100000000000000000000000000000000000000000000000000000000000000000
000000000000000000000000000000000000000000000000111111111111111111111111111111111111100000000000000000000000000000000000000000000000000000000000000000
000000000000000000000000000000000000000000000000111111111111111111111111111111111111100000000000000000000000000000000000000000000000000000000000000000
000000000000000000000000000000000000000000000111111111111111111111111111111111111111110000000000000000000000000000000000000000000000000000000000000000
000000000000000000000000000000000000000000000111111111111111111111111111111111111111110000000000000000000000000000000000000000000000000000000000000000
000000000000000000000000000000000000000000111101111111111111111111111111111111111111111000000000000000000000000000000000000000000000000000000000000000
000000000000000000000000000000000000000000111101111111111111111111111111111111111111111000000000000000000000000000000000000000000000000000000000000000
000000000000000000000000000000000000000000110001111111111111111111111111111111111111111100000000000000000000000000000000000000000000000000000000000000
000000000000000000000000000000000000000000110001111111111111111111111111111111111111111100000000000000000000000000000000000000000000000000000000000000
000000000000000000000000000000000000000000001111111111111111111111111111111111111111111110000000000000000000000000000000000000000000000000000000000000
000000000000000000000000000000000000000000001111111111111111111111111111111111111111111110000000000000000000000000000000000000000000000000000000000000
000000000000000000000000000000000000000000000111111111111111111111111111111111111111111110000000000000000000000000000000000000000000000000000000000000
000000000000000000000000000000000000000000000111111111111111111111111111111111111111111110000000000000000000000000000000000000000000000000000000000000
000000000000000000000000000000000000000000000011111111111101111111111111111111111111111110000000000000000000000000000000000000000000000000000000000000
000000000000000000000000000000000000000000000011111111111101111111111111111111111111111110000000000000000000000000000000000000000000000000000000000000
000000000000000000000000000000000000000000000011111111110000111111111111111111111111111100000000000000000000000000000000000000000000000000000000000000
000000000000000000000000000000000000000000000011111111110000111111111111111111111111111100000000000000000000000000000000000000000000000000000000000000
000000000000000000000000000000000000000000000001111111111000111111111111111111111111111000000000000000000000000000000000000000000000000000000000000000
000000000000000000000000000000000000000000000001111111111000111111111111111111111111111000000000000000000000000000000000000000000000000000000000000000
000000000000000000000000000000000000000000000011111111111110011111111111111111111111110000000000000000000000000000000000000000000000000000000000000000
000000000000000000000000000000000000000000000011111111111110011111111111111111111111110000000000000000000000000000000000000000000000000000000000000000
000000000000000000000000000000000000000000000011111111111000000111111111111111111111100000000000000000000000000000000000000000000110000000000000000000
000000000000000000000000000000000000000000000011111111111000000111111111111111111111100000000000000000000000000000000000000000000110000000000000000000
000000000000000000000000000000000000000000000001111111111100000001111111111111111100000000111000000000000000000000000000000001111111000000000000000000
000000000000000000000000000000000000000000000001111111111100000001111111111111111100000000111000000000000000000000000000000001111111000000000000000000
000000000000000000000000000000000000000000000001111111111100000000000011111111100000000011111111111111110000000000000000111111111111000000000000000000
000000000000000000000000000000000000000000000001111111111100000000000011111111100000000011111111111111110000000000000000111111111111000000000000000000
000000000000000000000000000000000000000000000001111111111110000000000000111111000000001111111111111111111110000011110111111111111100000000000000000000
000000000000000000000000000000000000000000000001111111111110000000000000111111000000001111111111111111111110000011110111111111111100000000000000000000
000000000000000000000000000000000000000000000001111111111110000000000000011111000000011111111111111111111111100111111111111110000000000000000000000000
000000000000000000000000000000000000000000000001111111111110000000000000011111000000011111111111111111111111100111111111111110000000000000000000000000
000000000000000000000000000000000000000000000001111111111110000000000000011000000001111111111111111111111111111111111111111100000000000000000000000000
000000000000000000000000000000000000000000000001111111111110000000000000011000000001111111111111111111111111111111111111111100000000000000000000000000
000000000000000000000000000000000000000000000001111111111111000000000000000000000000111111111111111111111111111111111111011000000000000000011111111111
000000000000000000000000000000000000000000000001111111111111000000000000000000000000111111111111111111111111111111111111011000000000000000011111111111
000000000000000000000000000000000000000000000011011111111111000000000000000000100001111111111111111111111111111111111111100000011111111111111111111111
000000000000000000000000000000000000000000000011011111111111000000000000000000100001111111111111111111111111111111111111100000011111111111111111111111
000000000000000000000000000000000000000000000010011111111111000000000000000000111111111111111111111111111111111111111111111111111111111111111111111000
000000000000000000000000000000000000000000000010011111111111000000000000000000111111111111111111111111111111111111111111111111111111111111111111111000
000000000000000000000000000000000000000000000011111111111111000000000000000001111111111111111111111111111111111111111111111111111111111111111110011110
000000000000000000000000000000000000000000000011111111111111000000000000000001111111111111111111111111111111111111111111111111111111111111111110011110
000000000000000000000000000000000000000000000001110111111111110000000000000011111111111111111111111111111111111111111111111111111111111111111111100000
000000000000000000000000000000000000000000000001110111111111110000000000000011111111111111111111111111111111111111111111111111111111111111111111100000
000000000000000000000000000000000000000000000011110011111111111110000000001111111111111111111111111111111111111111111111111111111111000000111111111000
000000000000000000000000000000000000000000000011110011111111111110000000001111111111111111111111111111111111111111111111111111111111000000111111111000
000000000000000000000000000000000000000000000011110001111111111111000000011111111111111111111111111111111111111111111111111111000000000000000111111110
000000000000000000000000000000000000000000000011110001111111111111000000011111111111111111111111111111111111111111111111111111000000000000000111111110
000000000000000000000000000000000000000000000111111000011111111111111000111111111111111111111111111111111111111111111111111100000000000000000000000011
000000000000000000000000000000000000000000000111111000011111111111111000111111111111111111111111111111111111111111111111111100000000000000000000000011
000000000000000000000000000000000000000000000110011000001111111111111110011111111111111111111111111111111111111111111111111111110000000000000000000000
000000000000000000000000000000000000000000000110011000001111111111111110011111111111111111111111111111111111111111111111111111110000000000000000000000
000000000000000000000000000000000000000000000100010000000011111111111111101111111111111111111111111111111111111111111111111111111000000000000000000000
000000000000000000000000000000000000000000000100010000000011111111111111101111111111111111111111111111111111111111111111111111111000000000000000000000
000000000000000000000000000000000000000000000111110000000000111111111111111111111111111111111111111111111111111111111111111111111100000000000000000000
000000000000000000000000000000000000000000000111110000000000111111111111111111111111111111111111111111111111111111111111111111111100000000000000000000
000000000000000000000000000000000000000000000010100000000000001111111111111111111111111111111111111111111111111111111111111111111100000000000000000000
000000000000000000000000000000000000000000000010100000000000001111111111111111111111111111111111111111111111111111111111111111111100000000000000000000
000000000000000000000000000000000000000000000010100000000000000011111111111111111111111111111111111111111111111111111111111111111100000000000000000000
000000000000000000000000000000000000000000000010100000000000000011111111111111111111111111111111111111111111111111111111111111111100000000000000000000
000000000000000000000000000000000000000000000111100000000000000001111111111111111111111111111111111111111111111111111111111111111100000000000000000000
000000000000000000000000000000000000000000000111100000000000000001111111111111111111111111111111111111111111111111111111111111111100000000000000000000
000000000000000000000000000000000000000000001100110000000000000000001111111111111111111111111111111111111111111111111111111111111100000000000000000000
000000000000000000000000000000000000000000001100110000000000000000001111111111111111111111111111111111111111111111111111111111111100000000000000000000
000000000000000000000000000000000000000000001100110000000000000000000111111111111111111111111111111111111111111111111111111111111000000000000000000000
000000000000000000000000000000000000000000001100110000000000000000000111111111111111111111111111111111111111111111111111111111111000000000000000000000
000000000000000000000000000000000000000000001100110000000000000000000001111111111111111111111111111111111111111111111111111111100000000000000000000000
000000000000000000000000000000000000000000001100110000000000000000000001111111111111111111111111111111111111111111111111111111100000000000000000000000
000000000000000000000000000000000000000000001111100000000000000000000000111111111111111111111111111111111111111111111111111111000000000000000000000000
000000000000000000000000000000000000000000001111100000000000000000000000111111111111111111111111111111111111111111111111111111000000000000000000000000
000000000000000000000000000000000000000000000111100000000000000000000011111111111111111111111111111111111111111111111111111000000000000000000000000000
000000000000000000000000000000000000000000000111100000000000000000000011111111111111111111111111111111111111111111111111111000000000000000000000000000
000000000000000000000000000000000000000000000101000000000000000000001111111111111111111111111111111111111111111111111111000000000000000000000000000000
000000000000000000000000000000000000000000000101000000000000000000001111111111111111111111111111111111111111111111111111000000000000000000000000000000
000000000000000000000000000000000000000000001111100000000000000000011111111111111111111111111111111111111111111111111100000000000000000000000000000000
000000000000000000000000000000000000000000001111100000000000000000011111111111111111111111111111111111111111111111111100000000000000000000000000000000
000000000000000000000000000000000000000000001100100000000000000001111111111111111111111111111111111111111111111111100000000000000000000000000000000000
000000000000000000000000000000000000000000001100100000000000000001111111111111111111111111111111111111111111111111100000000000000000000000000000000000
000000000000000000000000000000000000000000001100100000000000000001111111111111111111111111111111111111111111000000000000000000000000000000000000000000
000000000000000000000000000000000000000000001100100000000000000001111111111111111111111111111111111111111111000000000000000000000000000000000000000000
000000000000000000000000000000000000000000001110100000000000000011111111111111111111111111111111111111111110000000000000000000000000000000000000000000
000000000000000000000000000000000000000000001110100000000000000011111111111111111111111111111111111111111110000000000000000000000000000000000000000000
000000000000000000000000000000000000000000001111100000000000000111111111111111111111111111111111111111111110000000000000000000000000000000000000000000
000000000000000000000000000000000000000000001111100000000000000111111111111111111111111111111111111111111110000000000000000000000000000000000000000000
000000000000000000000000000000000000000000001101000000000000001111111111111111111111111111111111111111111110000000000000000000000000000000000000000000
000000000000000000000000000000000000000000001101000000000000001111111111111111111111111111111111111111111110000000000000000000000000000000000000000000
000000000000000000000000000000000000000000001101000000000000011111111111111111111111111111111111111111111110000000000000000000000000000000000000000000
000000000000000000000000000000000000000000001101000000000000011111111111111111111111111111111111111111111110000000000000000000000000000000000000000000
000000000000000000000000000000000000000000001111000000000000111111111111111111111111111111111111111111111100000000000000000000000000000000000000000000
000000000000000000000000000000000000000000001111000000000000111111111111111111111111111111111111111111111100000000000000000000000000000000000000000000
000000000000000000000000000000000000000000011111100000000001111111111111111111111111111111111111111111111100000000000000000000000000000000000000000000
000000000000000000000000000000000000000000011111100000000001111111111111111111111111111111111111111111111100000000000000000000000000000000000000000000
000000000000000000000000000000000000000000011001100000000011111111111111111111111111111111111111111111111100000000000000000000000000000000000000000000
000000000000000000000000000000000000000000011001100000000011111111111111111111111111111111111111111111111100000000000000000000000000000000000000000000
000000000000000000000000000000000000000000010001100000000111111111111111111111111111111111111111111111111110000000000000000000000000000000000000000000
000000000000000000000000000000000000000000010001100000000111111111111111111111111111111111111111111111111110000000000000000000000000000000000000000000
000000000000000000000000000000000000000000011111000000000111111111111111111111111111111111111111111111111110000000000000000000000000000000000000000000
000000000000000000000000000000000000000000011111000000000111111111111111111111111111111111111111111111111110000000000000000000000000000000000000000000
000000000000000000000000000000000000000000011010000000001111111111111111111111111111111111111111111111111110000000000000000000000000000000000000000000
000000000000000000000000000000000000000000011010000000001111111111111111111111111111111111111111111111111110000000000000000000000000000000000000000000
000000000000000000000000000000000000000000010110000000001111111111111111111111111111111111111111111111111110000000000000000000000000000000000000000000
000000000000000000000000000000000000000000010110000000001111111111111111111111111111111111111111111111111110000000000000000000000000000000000000000000
111111111111111111111111111111111111111111111111111111111111111111111111111111111111111111111111111111111111111111111111111111111111111111111111111111
111111111111111111111111111111111111111111111111111111111111111111111111111111111111111111111111111111111111111111111111111111111111111111111111111111
