000000000000000000000000000000000000000000000000000000000000000000000000000000000000000000000000000000000000000000000000000000000000000000000000000000
000000000000000000000000000000000000000000000000000000000000000000000000000000000000000000000000000000000000000000000000000000000000000000000000000000
000000000000000000000000000000000000000000000000000000000000000000000000000000000000000000000000000000000000000000000000000000000000000000000000000000
000000000000000000000000000000000000000000000000000000000000000000000000000000000000000000000000000000000000000000000000000000000000000000000000000000
000000000000000000000000000000000000000000000000000000000000000000000000000000000000000000000000000000000000000000000000000000000000000000000000000000
000000000000000000000000000000000000000000000000000000000000000000000000000000000000000000000000000000000000000000000000000000000000000000000000000000
000000000000000000000000000000000000000000000000000000000000000000000000000000000000000000000000000000000000000000000000000000000000000000000000000000
000000000000000000000000000000000000000000000000000000000000000000000000000000000000000000000000000000000000000000000000000000000000000000000000000000
000000000000000000000000000000000000000000000000000000000000000000000000000000000000000000000000000000000000000000000000000000000000000000000000000000
000000000000000000000000000000000000000000000000000000000000000000000000000000000000000000000000000000000000000000000000000000000000000000000000000000
000000000000000000000000000000000000000000000000000000000000000000000000000000000000000000000000000000000000000000000000000000000000000000000000000000
000000000000000000000000000000000000000000000000000000000000000000000000000000000000000000000000000000000000000000000000000000000000000000000000000000
000000000000000000000000000000000000000000000000000000000000000000000000000000000000000000000000000000000000000000000000000000000000000000000000000000
000000000000000000000000000000000000000000000000000000000000000000000000000000000000000000000000000000000000000000000000000000000000000000000000000000
000000000000000000000000000000000000000000000000000000000000000000000000000000000000000000000000000000000000000000000000000000000000000000000000000000
000000000000000000000000000000000000000000000000000000000000000000000000000000000000000000000000000000000000000000000000000000000000000000000000000000
000000000000000000000000000000000000000000000000000000000000000000000000000000000000111111110000000000000000000000000000000000000000000000000000000000
000000000000000000000000000000000000000000000000000000000000000000000000000000000000111111110000000000000000000000000000000000000000000000000000000000
000000000000000000000000000000000000000000000000000000000000000000000000000000010111111111111110000000000000000000000000000000000000000000000000000000
000000000000000000000000000000000000000000000000000000000000000000000000000000010111111111111110000000000000000000000000000000000000000000000000000000
000000000000000000000000000000000000000000000000000000000000000000000000000000011111111111111111100000000000000000000000000000000000000000000000000000
000000000000000000000000000000000000000000000000000000000000000000000000000000011111111111111111100000000000000000000000000000000000000000000000000000
000000000000000000000000000000000000000000000000000000000000000000000000000000111111111111111111110000000000000000000000000000000000000000000000000000
000000000000000000000000000000000000000000000000000000000000000000000000000000111111111111111111110000000000000000000000000000000000000000000000000000
000000000000000000000000000000000000000000000000000000000000000000000000000001111111111111111111111000000000000000000000000000000000000000000000000000
000000000000000000000000000000000000000000000000000000000000000000000000000001111111111111111111111000000000000000000000000000000000000000000000000000
000000000000000000000000000000000000000000000000000000000000000000000000000001111111111111111111111000000000000000000000000000000000000000000000000000
000000000000000000000000000000000000000000000000000000000000000000000000000001111111111111111111111000000000000000000000000000000000000000000000000000
000000000000000000000000000000000000000000000000000000000000000000000000000001111111111111111111111000000000000000000000000000000000000000000000000000
000000000000000000000000000000000000000000000000000000000000000000000000000001111111111111111111111000000000000000000000000000000000000000000000000000
000000000000000000000000000000000000000000000000000000000000000000000000000000111111111111111111111100000000000000000000000000000000000000000000000000
000000000000000000000000000000000000000000000000000000000000000000000000000000111111111111111111111100000000000000000000000000000000000000000000000000
000000000000000000000000000000000000000000000000000000000000000000000000000000000111111111111111111110000000000000000000000000000000000000000000000000
000000000000000000000000000000000000000000000000000000000000000000000000000000000111111111111111111110000000000000000000000000000000000000000000000000
000000000000000000000000000000000000000000000000000000000000000000000000000000000111111111111111111110000000000000000000000000000000000000000000000000
000000000000000000000000000000000000000000000000000000000000000000000000000000000111111111111111111110000000000000000000000000000000000000000000000000
000000000000000000000000000000000000000000000000000000000000000000000000000000000011111111111111111110000000000000000000000000000000000000000000000000
000000000000000000000000000000000000000000000000000000000000000000000000000000000011111111111111111110000000000000000000000000000000000000000000000000
000000000000000000000000000000000000000000000000000000000000000000000000000000000000011111111111111100000000000000000000000000000000000000000000000000
000000000000000000000000000000000000000000000000000000000000000000000000000000000000011111111111111100000000000000000000000000000000000000000000000000
000000000000000000000000000000000000000000000000000000000000000000000000000000000000000111111111110000000000000000000000000000000000000000000000000000
000000000000000000000000000000000000000000000000000000000000000000000000000000000000000111111111110000000000000000000000000000000000000000000000000000
000000000000000000000000000000000000000000000000000000000000000000000000000000000000011111111111100000000000000000000000000000000000000000000000000000
000000000000000000000000000000000000000000000000000000000000000000000000000000000000011111111111100000000000000000000000000000000000000000000000000000
000000000000000000000000000000000000000000000000000000000000000000001110000000000001111111111111110000000000000000000000000000000000000000000000000000
000000000000000000000000000000000000000000000000000000000000000000001110000000000001111111111111110000000000000000000000000000000000000000000000000000
000000000000000000000000000000000000000000000000000000000000000001111111000000000011111111111111111000000000000000000000000000000000000000000000000000
000000000000000000000000000000000000000000000000000000000000000001111111000000000011111111111111111000000000000000000000000000000000000000000000000000
000000000000000000000000000000000000000000000000000000000000000001111111100000000011111111111111111000000000000000000000000000000000000000000000000000
000000000000000000000000000000000000000000000000000000000000000001111111100000000011111111111111111000000000000000000000000000000000000000000000000000
000000000000000000000000000000000000000000000000000000000000000001111111000000000111111111111111111000000000000000000000000000000000000000000000000000
000000000000000000000000000000000000000000000000000000000000000001111111000000000111111111111111111000000000000000000000000000000000000000000000000000
000000000000000000000000000000000000000000000000000000000000000001111111000000001111111111111111110000000000000000000000000000000000000000000000000000
000000000000000000000000000000000000000000000000000000000000000001111111000000001111111111111111110000000000000000000000000000000000000000000000000000
000000000000000000000000000000000000000000000000000000000000000001111111000000011111111111111111000000000000000000000000000000000000000000000000000000
000000000000000000000000000000000000000000000000000000000000000001111111000000011111111111111111000000000000000000000000000000000000000000000000000000
000000000000000000000000000000000000000000000000000000000000000011111111111000011111111111111111000000000000000000000000000000000000000000000000000000
000000000000000000000000000000000000000000000000000000000000000011111111111000011111111111111111000000000000000000000000000000000000000000000000000000
000000000000000000000000000000000000000000000000000000000000000011111111111111101111111111111110000000000000000000000000000000000000000000000000000000
000000000000000000000000000000000000000000000000000000000000000011111111111111101111111111111110000000000000000000000000000000000000000000000000000000
000000000000000000000000000000000000000000000000000000000000000011111111111111111111111111111110000000000000000000000000000000000000000000000000000000
000000000000000000000000000000000000000000000000000000000000000011111111111111111111111111111110000000000000000000000000000000000000000000000000000000
000000000000000000000000000000000000000000000000000000000000000011111111111111111111111111111110000000000000000000000000000000000000000000000000000000
000000000000000000000000000000000000000000000000000000000000000011111111111111111111111111111110000000000000000000000000000000000000000000000000000000
000000000000000000000000000000000000000000000000000000000000000011111111111000111111111111111110000000000000000000000000000000000000000000000000000000
000000000000000000000000000000000000000000000000000000000000000011111111111000111111111111111110000000000000000000000000000000000000000000000000000000
000000000000000000000000000000000000000000000000000000000000000000111111111100000111111111111110000000000000000000000000000000000000000000000000000000
000000000000000000000000000000000000000000000000000000000000000000111111111100000111111111111110000000000000000000000000000000000000000000000000000000
000000000000000000000000000000000000000000000000000000000000000001111111111100000111111111111111000000000000000000000000000000000000000000000000000000
000000000000000000000000000000000000000000000000000000000000000001111111111100000111111111111111000000000000000000000000000000000000000000000000000000
000000000000000000000000000000000000000000000000000000000000000001111111111100000111111111111111000000000000000000000000000000000000000000000000000000
000000000000000000000000000000000000000000000000000000000000000001111111111100000111111111111111000000000000000000000000000000000000000000000000000000
000000000000000000000000000000000000000000000000000000000000000011111111111110000111111111111111100000000000000000000000000000000000000000000000000000
000000000000000000000000000000000000000000000000000000000000000011111111111110000111111111111111100000000000000000000000000000000000000000000000000000
000000000000000000000000000000000000000000000000000000000000000111111111111110000111111111111111111000000000000000000000000000000000000000000000000000
000000000000000000000000000000000000000000000000000000000000000111111111111110000111111111111111111000000000000000000000000000000000000000000000000000
000000000000000000000000000000000000000000000000000000000000001111111111111110000111111111111111111100000000000000000000000000000000000000000000000000
000000000000000000000000000000000000000000000000000000000000001111111111111110000111111111111111111100000000000000000000000000000000000000000000000000
000000000000000000000000000000000000000000000000000000000000001111111111111110001111111111111111111110000000000000000000000000000000000000000000000000
000000000000000000000000000000000000000000000000000000000000001111111111111110001111111111111111111110000000000000000000000000000000000000000000000000
000000000000000000000000000000000000000000000000000000000000000000011111111110001111111111111111111111000000000000000000000000000000000000000000000000
000000000000000000000000000000000000000000000000000000000000000000011111111110001111111111111111111111000000000000000000000000000000000000000000000000
000000000000000000000000000000000000000000000000000000000000000000001110000000011111111111111111111111100000000000000000000000000000000000000000000000
000000000000000000000000000000000000000000000000000000000000000000001110000000011111111111111111111111100000000000000000000000000000000000000000000000
000000000000000000000000000000000000000000000000000000000000000000000111000000011111111111111111111111100000000000000000000000000000000000000000000000
000000000000000000000000000000000000000000000000000000000000000000000111000000011111111111111111111111100000000000000000000000000000000000000000000000
000000000000000000000000000000000000000000000000000000000000000000000000000000111111111111111111111111110000000000000000000000000000000000000000000000
000000000000000000000000000000000000000000000000000000000000000000000000000000111111111111111111111111110000000000000000000000000000000000000000000000
000000000000000000000000000000000000000000000000000000000000000000000000000000111111111111111111111111111000000000000000000000000000000000000000000000
000000000000000000000000000000000000000000000000000000000000000000000000000000111111111111111111111111111000000000000000000000000000000000000000000000
000000000000000000000000000000000000000000000000000000000000000000000000000001111111111111111111111111111100000000000000000000000000000000000000000000
000000000000000000000000000000000000000000000000000000000000000000000000000001111111111111111111111111111100000000000000000000000000000000000000000000
000000000000000000000000000000000000000000000000000000000000000000000000000001111111111111111111111111111110000000000000000000000000000000000000000000
000000000000000000000000000000000000000000000000000000000000000000000000000001111111111111111111111111111110000000000000000000000000000000000000000000
000000000000000000000000000000000000000000000000000000000000000000000000000011111111111111111111111111111110000000000000000000000000000000000000000000
000000000000000000000000000000000000000000000000000000000000000000000000000011111111111111111111111111111110000000000000000000000000000000000000000000
000000000000000000000000000000000000000000000000000000000000000000000000000111111111111111111111111111111111000000000000000000000000000000000000000000
000000000000000000000000000000000000000000000000000000000000000000000000000111111111111111111111111111111111000000000000000000000000000000000000000000
000000000000000000000000000000000000000000000000000000000000000000000000000111111111111111111111111111111111100000000000000000000000000000000000000000
000000000000000000000000000000000000000000000000000000000000000000000000000111111111111111111111111111111111100000000000000000000000000000000000000000
000000000000000000000000000000000000000000000000000000000000000000000000001111111111111111111111111111111111111000000000000000000000000000000000000000
000000000000000000000000000000000000000000000000000000000000000000000000001111111111111111111111111111111111111000000000000000000000000000000000000000
000000000000000000000000000000000000000000000000000000000000000000000000001111111111111111111111111111111111111100000000000000000000000000000000000000
000000000000000000000000000000000000000000000000000000000000000000000000001111111111111111111111111111111111111100000000000000000000000000000000000000
000000000000000000000000000000000000000000000000000000000000000000000000011111111111111111111111111111111111111110000000000000000000000000000000000000
000000000000000000000000000000000000000000000000000000000000000000000000011111111111111111111111111111111111111110000000000000000000000000000000000000
000000000000000000000000000000000000000000000000000000000000000000000000111111111111111111111111111111111111111110000000000000000000000000000000000000
000000000000000000000000000000000000000000000000000000000000000000000000111111111111111111111111111111111111111110000000000000000000000000000000000000
000000000000000000000000000000000000000000000000000000000000000000000000111111111111111111111111111111111111111111100000000000000000000000000000000000
000000000000000000000000000000000000000000000000000000000000000000000000111111111111111111111111111111111111111111100000000000000000000000000000000000
000000000000000000000000000000000000000000000000000000000000000000000001111111111111111111111111111111111111111111100000000000000000000000000000000000
000000000000000000000000000000000000000000000000000000000000000000000001111111111111111111111111111111111111111111100000000000000000000000000000000000
000000000000000000000000000000000000000000000000000000000000000000000011111111111111111111111111111111111111111111100000000000000000000000000000000000
000000000000000000000000000000000000000000000000000000000000000000000011111111111111111111111111111111111111111111100000000000000000000000000000000000
111111111111111111111111111111111111111111111111111111111111111111111111111111111111111111111111111111111111111111111111111111111111111111111111111111
111111111111111111111111111111111111111111111111111111111111111111111111111111111111111111111111111111111111111111111111111111111111111111111111111111
