000000000000000000000000000000000000000000000000000000000000000000000000000000000000000000000000000000000000000000000000000000000000000000000000000000
000000000000000000000000000000000000000000000000000000000000000000000000000000000000000000000000000000000000000000000000000000000000000000000000000000
000000000000000000000000000000000000000000000000000000000000000000000000000000000000000000000000000000000000000000000000000000000000000000000000000000
000000000000000000000000000000000000000000000000000000000000000000000000000000000000000000000000000000000000000000000000000000000000000000000000000000
000000000000000000000000000000000000000000000000000000000000000000000000000000000000000000000000000000000000000000000000000000000000000000000000000000
000000000000000000000000000000000000000000000000000000000000000000000000000000000000000000000000000000000000000000000000000000000000000000000000000000
000000000000000000000000000000000000000000000000000000000000000000000000000000000000000000000000000000000000000000000000000000000000000000000000000000
000000000000000000000000000000000000000000000000000000000000000000000000000000000000000000000000000000000000000000000000000000000000000000000000000000
000000000000000000000000000000000000000000000000000000000000000000000000000000000000000000000000000000000000000000000000000000000000000000000000000000
000000000000000000000000000000000000000000000000000000000000000000000000000000000000000000000000000000000000000000000000000000000000000000000000000000
000000000000000000000000000000000000000000000000000000000000000000000000000000000000001111110000000000000000000000000000000000000000000000000000000000
000000000000000000000000000000000000000000000000000000000000000000000000000000000000001111110000000000000000000000000000000000000000000000000000000000
000000000000000000000000000000000000000000000000000000000000000000000000000000000011111111111111000000000000000000000000000000000000000000000000000000
000000000000000000000000000000000000000000000000000000000000000000000000000000000011111111111111000000000000000000000000000000000000000000000000000000
000000000000000000000000000000000000000000000000000000000000000000000000000001111111111111111111110000000000000000000000000000000000000000000000000000
000000000000000000000000000000000000000000000000000000000000000000000000000001111111111111111111110000000000000000000000000000000000000000000000000000
000000000000000000000000000000000000000000000000000000000000000000000000000001111111111111111111111100000000000000000000000000000000000000000000000000
000000000000000000000000000000000000000000000000000000000000000000000000000001111111111111111111111100000000000000000000000000000000000000000000000000
000000000000000000000000000000000000000000000000000000000000000000000000000011111111111111111111111111000000000000000000000000000000000000000000000000
000000000000000000000000000000000000000000000000000000000000000000000000000011111111111111111111111111000000000000000000000000000000000000000000000000
000000000000000000000000000000000000000000000000000000000000000000000000000111111111111111111111111111100000000000000000000000000000000000000000000000
000000000000000000000000000000000000000000000000000000000000000000000000000111111111111111111111111111100000000000000000000000000000000000000000000000
000000000000000000000000000000000000000000000000000000000000000000000000001111111111111111111111111111100000000000000000000000000000000000000000000000
000000000000000000000000000000000000000000000000000000000000000000000000001111111111111111111111111111100000000000000000000000000000000000000000000000
000000000000000000000000000000000000000000000000000000000000000000000000001111111111111111111111111111100000000000000000000000000000000000000000000000
000000000000000000000000000000000000000000000000000000000000000000000000001111111111111111111111111111100000000000000000000000000000000000000000000000
000000000000000000000000000000000000000000000000000000000000000000000000001111111111111111111111111111110000000000000000000000000000000000000000000000
000000000000000000000000000000000000000000000000000000000000000000000000001111111111111111111111111111110000000000000000000000000000000000000000000000
000000000000000000000000000000000000000000000000000000000000000000000000001111111111111111111111111111110000000000000000000000000000000000000000000000
000000000000000000000000000000000000000000000000000000000000000000000000001111111111111111111111111111110000000000000000000000000000000000000000000000
000000000000000000000000000000000000000000000000000000000000000000000000000011111111111111111111111111111100000000000000000000000000000000000000000000
000000000000000000000000000000000000000000000000000000000000000000000000000011111111111111111111111111111100000000000000000000000000000000000000000000
000000000000000000000000000000000000000000000000000000000000000000000000000000000111111111111111111111111000000000000000000000000000000000000000000000
000000000000000000000000000000000000000000000000000000000000000000000000000000000111111111111111111111111000000000000000000000000000000000000000000000
000000000000000000000000000000000000000000000000000000000000000000000000000000011111111111111111111111111100000000000000000000000000000000000000000000
000000000000000000000000000000000000000000000000000000000000000000000000000000011111111111111111111111111100000000000000000000000000000000000000000000
000000000000000000000000000000000000000000000000000000000000000000000000000000000011111111111111111111111000000000000000000000000000000000000000000000
000000000000000000000000000000000000000000000000000000000000000000000000000000000011111111111111111111111000000000000000000000000000000000000000000000
000000000000000000000000000000000000000000000000000000000000000000000000000000000001111111111111111111111100000000000000000000000000000000000000000000
000000000000000000000000000000000000000000000000000000000000000000000000000000000001111111111111111111111100000000000000000000000000000000000000000000
000000000000000000000000000000000000000000000000000000000000000000000000000000000000000101111111111111111000000000000000000000000000000000000000000000
000000000000000000000000000000000000000000000000000000000000000000000000000000000000000101111111111111111000000000000000000000000000000000000000000000
000000000000000000000000000000000000000000000000000000000000000000000000000000000000000011111111111111000000000000000000000000000000000000000000000000
000000000000000000000000000000000000000000000000000000000000000000000000000000000000000011111111111111000000000000000000000000000000000000000000000000
000000000000000000000000000000000000000000000000000000000000000000000000000000000000001111111111111100000000000000000000000000000000000000000000000000
000000000000000000000000000000000000000000000000000000000000000000000000000000000000001111111111111100000000000000000000000000000000000000000000000000
000000000000000000000000000000000000000000000000000000000000000000000000000000000000111111111111111110000000000000000000000000000000000000000000000000
000000000000000000000000000000000000000000000000000000000000000000000000000000000000111111111111111110000000000000000000000000000000000000000000000000
000000000000000000000000000000000000000000000000000000000001111100000000000000000011111111111111111111000000000000000000000000000000000000000000000000
000000000000000000000000000000000000000000000000000000000001111100000000000000000011111111111111111111000000000000000000000000000000000000000000000000
000000000000000000000000000000000000000000000000000000000111111110000000000000001111111111111111111111000000000000000000000000000000000000000000000000
000000000000000000000000000000000000000000000000000000000111111110000000000000001111111111111111111111000000000000000000000000000000000000000000000000
000000000000000000000000000000000000000000000000000000001111111111000000000000000111111111111111111111100000000000000000000000000000000000000000000000
000000000000000000000000000000000000000000000000000000001111111111000000000000000111111111111111111111100000000000000000000000000000000000000000000000
000000000000000000000000000000000000000000000000000000001111111100000000000000001111111111111111111111100000000000000000000000000000000000000000000000
000000000000000000000000000000000000000000000000000000001111111100000000000000001111111111111111111111100000000000000000000000000000000000000000000000
000000000000000000000000000000000000000000000000000000001111111100000000000000011111111111111111111101100000000000000000000000000000000000000000000000
000000000000000000000000000000000000000000000000000000001111111100000000000000011111111111111111111101100000000000000000000000000000000000000000000000
000000000000000000000000000000000000000000000000000000001111111100000000000000111111111111111111111100000000000000000000000000000000000000000000000000
000000000000000000000000000000000000000000000000000000001111111100000000000000111111111111111111111100000000000000000000000000000000000000000000000000
000000000000000000000000000000000000000000000000000000011111111100000000000000111111111111111111111000000000000000000000000000000000000000000000000000
000000000000000000000000000000000000000000000000000000011111111100000000000000111111111111111111111000000000000000000000000000000000000000000000000000
000000000000000000000000000000000000000000000000000000011111111110000000000000011111111111111111110000000000000000000000000000000000000000000000000000
000000000000000000000000000000000000000000000000000000011111111110000000000000011111111111111111110000000000000000000000000000000000000000000000000000
000000000000000000000000000000000000000000000000000000011111111111111111000000011111111111111111110000000000000000000000000000000000000000000000000000
000000000000000000000000000000000000000000000000000000011111111111111111000000011111111111111111110000000000000000000000000000000000000000000000000000
000000000000000000000000000000000000000000000000000000111111111111111111111110011111111111111111110000000000000000000000000000000000000000000000000000
000000000000000000000000000000000000000000000000000000111111111111111111111110011111111111111111110000000000000000000000000000000000000000000000000000
000000000000000000000000000000000000000000000000000000111111111111111111111111111111111111111111100000000000000000000000000000000000000000000000000000
000000000000000000000000000000000000000000000000000000111111111111111111111111111111111111111111100000000000000000000000000000000000000000000000000000
000000000000000000000000000000000000000000000000000000111111111111111111111111111111111111111111100000000000000000000000000000000000000000000000000000
000000000000000000000000000000000000000000000000000000111111111111111111111111111111111111111111100000000000000000000000000000000000000000000000000000
000000000000000000000000000000000000000000000000000000111111111111111111111111111111111111111111110000000000000000000000000000000000000000000000000000
000000000000000000000000000000000000000000000000000000111111111111111111111111111111111111111111110000000000000000000000000000000000000000000000000000
000000000000000000000000000000000000000000000000000000011111111111111100001111111111111111111111110000000000000000000000000000000000000000000000000000
000000000000000000000000000000000000000000000000000000011111111111111100001111111111111111111111110000000000000000000000000000000000000000000000000000
000000000000000000000000000000000000000000000000000000001111111111111100000001111111111111111111110000000000000000000000000000000000000000000000000000
000000000000000000000000000000000000000000000000000000001111111111111100000001111111111111111111110000000000000000000000000000000000000000000000000000
000000000000000000000000000000000000000000000000000000000111111111111110000000001111111111111111111000000000000000000000000000000000000000000000000000
000000000000000000000000000000000000000000000000000000000111111111111110000000001111111111111111111000000000000000000000000000000000000000000000000000
000000000000000000000000000000000000000000000000000000000111111111111110000000001111111111111111111000000000000000000000000000000000000000000000000000
000000000000000000000000000000000000000000000000000000000111111111111110000000001111111111111111111000000000000000000000000000000000000000000000000000
000000000000000000000000000000000000000000000000000000001111111111111111000000000111111111111111111100000000000000000000000000000000000000000000000000
000000000000000000000000000000000000000000000000000000001111111111111111000000000111111111111111111100000000000000000000000000000000000000000000000000
000000000000000000000000000000000000000000000000000000001111111111111111000000001111111111111111111111000000000000000000000000000000000000000000000000
000000000000000000000000000000000000000000000000000000001111111111111111000000001111111111111111111111000000000000000000000000000000000000000000000000
000000000000000000000000000000000000000000000000000000011111111111111111000000001111111111111111111111100000000000000000000000000000000000000000000000
000000000000000000000000000000000000000000000000000000011111111111111111000000001111111111111111111111100000000000000000000000000000000000000000000000
000000000000000000000000000000000000000000000000000000011111111111111111100000011111111111111111111111110000000000000000000000000000000000000000000000
000000000000000000000000000000000000000000000000000000011111111111111111100000011111111111111111111111110000000000000000000000000000000000000000000000
000000000000000000000000000000000000000000000000000000111111111111111111100000011111111111111111111111111000000000000000000000000000000000000000000000
000000000000000000000000000000000000000000000000000000111111111111111111100000011111111111111111111111111000000000000000000000000000000000000000000000
000000000000000000000000000000000000000000000000000000111111111111111111100000111111111111111111111111111100000000000000000000000000000000000000000000
000000000000000000000000000000000000000000000000000000111111111111111111100000111111111111111111111111111100000000000000000000000000000000000000000000
000000000000000000000000000000000000000000000000000000011111111111111111100000111111111111111111111111111110000000000000000000000000000000000000000000
000000000000000000000000000000000000000000000000000000011111111111111111100000111111111111111111111111111110000000000000000000000000000000000000000000
000000000000000000000000000000000000000000000000000000000000111110000000000001111111111111111111111111111111000000000000000000000000000000000000000000
000000000000000000000000000000000000000000000000000000000000111110000000000001111111111111111111111111111111000000000000000000000000000000000000000000
000000000000000000000000000000000000000000000000000000000000011110000000000001111111111111111111111111111111100000000000000000000000000000000000000000
000000000000000000000000000000000000000000000000000000000000011110000000000001111111111111111111111111111111100000000000000000000000000000000000000000
000000000000000000000000000000000000000000000000000000000000000011000000000001111111111111111111111111111111100000000000000000000000000000000000000000
000000000000000000000000000000000000000000000000000000000000000011000000000001111111111111111111111111111111100000000000000000000000000000000000000000
000000000000000000000000000000000000000000000000000000000000000000000000000011111111111111111111111111111111110000000000000000000000000000000000000000
000000000000000000000000000000000000000000000000000000000000000000000000000011111111111111111111111111111111110000000000000000000000000000000000000000
000000000000000000000000000000000000000000000000000000000000000000000000000011111111111111111111111111111111111000000000000000000000000000000000000000
000000000000000000000000000000000000000000000000000000000000000000000000000011111111111111111111111111111111111000000000000000000000000000000000000000
000000000000000000000000000000000000000000000000000000000000000000000000000011111111111111111111111111111111111100000000000000000000000000000000000000
000000000000000000000000000000000000000000000000000000000000000000000000000011111111111111111111111111111111111100000000000000000000000000000000000000
000000000000000000000000000000000000000000000000000000000000000000000000000111111111111111111111111111111111111110000000000000000000000000000000000000
000000000000000000000000000000000000000000000000000000000000000000000000000111111111111111111111111111111111111110000000000000000000000000000000000000
000000000000000000000000000000000000000000000000000000000000000000000000000111111111111111111111111111111111111110000000000000000000000000000000000000
000000000000000000000000000000000000000000000000000000000000000000000000000111111111111111111111111111111111111110000000000000000000000000000000000000
000000000000000000000000000000000000000000000000000000000000000000000000001111111111111111111111111111111111111111100000000000000000000000000000000000
000000000000000000000000000000000000000000000000000000000000000000000000001111111111111111111111111111111111111111100000000000000000000000000000000000
111111111111111111111111111111111111111111111111111111111111111111111111111111111111111111111111111111111111111111111111111111111111111111111111111111
111111111111111111111111111111111111111111111111111111111111111111111111111111111111111111111111111111111111111111111111111111111111111111111111111111
