000000000000000000000000000000000000000000000000000000000000000000000000000000000000000000000000000111111111111111111111111111111111111111111000000000
000000000000000000000000000000000000000000000000000000000000000000000000000000000000000000000000000111111111111111111111111111111111111111111000000000
000000000000000000000000000000000000000000000000000000000000000000000000000000000000000000000000000011111111111111111111111111111111111111111000000000
000000000000000000000000000000000000000000000000000000000000000000000000000000000000000000000000000011111111111111111111111111111111111111111000000000
000000000000000000000000000000000000000000000000000000000000000000000000000000000000000000000000001111111111111111111111111111111111111111111000000000
000000000000000000000000000000000000000000000000000000000000000000000000000000000000000000000000001111111111111111111111111111111111111111111000000000
000000000000000000000000000000000000000000000000000000000000000000000000000000000000000000000000011111111111111111111111111111111111111111110000000000
000000000000000000000000000000000000000000000000000000000000000000000000000000000000000000000000011111111111111111111111111111111111111111110000000000
000000000000000000000000000000000000000000000000000000000000000000000000000000000000000000000000001111111111111111111111111111111111111111110000000000
000000000000000000000000000000000000000000000000000000000000000000000000000000000000000000000000001111111111111111111111111111111111111111110000000000
000000000000000000000000000000000000000000000000000000000000000000000000000000000000000000000000011111111111111111111111111111111111111111100000000000
000000000000000000000000000000000000000000000000000000000000000000000000000000000000000000000000011111111111111111111111111111111111111111100000000000
000000000000000000000000000000000000000000000000000000000000000000000000000000000000000000000000001111111111111111111111111111111111111111000000000000
000000000000000000000000000000000000000000000000000000000000000000000000000000000000000000000000001111111111111111111111111111111111111111000000000000
000000000000000000000000000000000000000000000000000000000000000000000000000000000000000000000000001111111111111111111111111111111111111110000000000000
000000000000000000000000000000000000000000000000000000000000000000000000000000000000000000000000001111111111111111111111111111111111111110000000000000
000000000000000000000000000000000000000000000000000000000000000000000000000000000000000000000000001111111111111111111111111111111111111110000000000000
000000000000000000000000000000000000000000000000000000000000000000000000000000000000000000000000001111111111111111111111111111111111111110000000000000
000000000000000000000000000000000000000000000000000000000000000000000000000000000000000000000000001111111111111111111111111111111111111000000000000000
000000000000000000000000000000000000000000000000000000000000000000000000000000000000000000000000001111111111111111111111111111111111111000000000000000
000000000000000000000000000000000000000000000000000000000000000000000000000000000000000000000000000000111111111111111111111111111111111000000000000000
000000000000000000000000000000000000000000000000000000000000000000000000000000000000000000000000000000111111111111111111111111111111111000000000000000
000000000000000000000000000000000000000000000000000000000000000000000000000000000000000000000000000010001111111111111111111111111111111100000000000000
000000000000000000000000000000000000000000000000000000000000000000000000000000000000000000000000000010001111111111111111111111111111111100000000000000
000000000000000000000000000000000000000000000000000000000000000000000000000000000000000000000000000000000111111111111111111111111111111110000000000000
000000000000000000000000000000000000000000000000000000000000000000000000000000000000000000000000000000000111111111111111111111111111111110000000000000
000000000000000000000000000000000000000000000000000000000000000000000000000000000000000000000000000000000111111111111111111111111111111111000000000000
000000000000000000000000000000000000000000000000000000000000000000000000000000000000000000000000000000000111111111111111111111111111111111000000000000
000000000000000000000000000000000000000000000000000000000000000000000000000000000000000000000000000000001111111111111111111111111111111011100000000000
000000000000000000000000000000000000000000000000000000000000000000000000000000000000000000000000000000001111111111111111111111111111111011100000000000
000000000000000000000000000000000000000000000000000000000000000000000000000000000000000000000000000000011111111111111111111111111111111111100000000000
000000000000000000000000000000000000000000000000000000000000000000000000000000000000000000000000000000011111111111111111111111111111111111100000000000
000000000000000000000000000000000000000000000000000000000000000000000000000000000000000000000000000011111111111111111111111111111111111101100000000000
000000000000000000000000000000000000000000000000000000000000000000000000000000000000000000000000000011111111111111111111111111111111111101100000000000
000000000000000000000000000000000000000000000000000000000000000000000000000000000000000000000000000111111111111111111111111111111111011111000000000000
000000000000000000000000000000000000000000000000000000000000000000000000000000000000000000000000000111111111111111111111111111111111011111000000000000
000000000000000000000000000000000000000000000000000000000000000000000000000000000000000000000000111111111111111111111111111111111111101001000000000000
000000000000000000000000000000000000000000000000000000000000000000000000000000000000000000000000111111111111111111111111111111111111101001000000000000
000000000000000000000000000000000000000000000000000000000000000000000000000000000000000000000011111111111111111111111111111111110001100100000000000000
000000000000000000000000000000000000000000000000000000000000000000000000000000000000000000000011111111111111111111111111111111110001100100000000000000
000000000000000000000000000000000000000000000000000000000000000000000000000000000000000000001111111111111111111111111111111111110000000000000000000000
000000000000000000000000000000000000000000000000000000000000000000000000000000000000000000001111111111111111111111111111111111110000000000000000000000
000000000000000000000000000000000000000000000000000000000000000000000000000000000000000000011111111111111111111111111111111111110000000000000000000000
000000000000000000000000000000000000000000000000000000000000000000000000000000000000000000011111111111111111111111111111111111110000000000000000000000
000000000000000000000000000000000000000000000000000000000000000000000000000000000000000000000111111111111111111111111111111111110000000000000000000000
000000000000000000000000000000000000000000000000000000000000000000000000000000000000000000000111111111111111111111111111111111110000000000000000000000
000000000000000000000000000000000000000000000000000000000000000000000000000000000000000000001111111111111111111111111111111111110000000000000000000000
000000000000000000000000000000000000000000000000000000000000000000000000000000000000000000001111111111111111111111111111111111110000000000000000000000
000000000000000000000000000000000000000000000000000000000000000000000000000000000000000000011111111111111111111111111111111111110000000000000000000000
000000000000000000000000000000000000000000000000000000000000000000000000000000000000000000011111111111111111111111111111111111110000000000000000000000
000000000000000000000000000000000000000000000000000000000000000000000000000000000000000000111111111111111111111111111111111111110000000000000000000000
000000000000000000000000000000000000000000000000000000000000000000000000000000000000000000111111111111111111111111111111111111110000000000000000000000
000000000000000000000000000000000000000000000000000000000000000000000000000000000000000000111111111111111111111111111111111100000000000000000000000000
000000000000000000000000000000000000000000000000000000000000000000000000000000000000000000111111111111111111111111111111111100000000000000000000000000
000000000000000000000000000000000000000000000000000000000000000000000000000000000000000001111111111111111111111111111111110000000000000000000000000000
000000000000000000000000000000000000000000000000000000000000000000000000000000000000000001111111111111111111111111111111110000000000000000000000000000
000000000000000000000000000000000000000000000000000000000000000000000000000000000000000001111111111111111111111111111111100000000000000000000000000000
000000000000000000000000000000000000000000000000000000000000000000000000000000000000000001111111111111111111111111111111100000000000000000000000000000
000000000000000000000000000000000000000000000000000000000000000000000000000000000000000001111111111111111111111111111111100000000000000000000000000000
000000000000000000000000000000000000000000000000000000000000000000000000000000000000000001111111111111111111111111111111100000000000000000000000000000
000000000000000000000000000000000000000000000000000000000000000000000000000000000000000001111111111111111111111111111111000000000000000000000000000000
000000000000000000000000000000000000000000000000000000000000000000000000000000000000000001111111111111111111111111111111000000000000000000000000000000
000000000000000000000000000000000000000000000000000000000000000000000000000000000000000001111111111111111111111111111111000000000000000000000000000000
000000000000000000000000000000000000000000000000000000000000000000000000000000000000000001111111111111111111111111111111000000000000000000000000000000
000000000000000000000000000000000000000000000000000000000000000000000000000000000000000000111111111111111111111111111111000000000000000000000000000000
000000000000000000000000000000000000000000000000000000000000000000000000000000000000000000111111111111111111111111111111000000000000000000000000000000
000000000000000000000000000000000000000000000000000000000000000000000000000000000000000000111111111111111111111111111110000000000000000000000000000000
000000000000000000000000000000000000000000000000000000000000000000000000000000000000000000111111111111111111111111111110000000000000000000000000000000
000000000000000000000000000000000000000000000000000000000000000000000000000000000000000000011111111111111111111111111110000000000000000000000000000000
000000000000000000000000000000000000000000000000000000000000000000000000000000000000000000011111111111111111111111111110000000000000000000000000000000
000000000000000000000000000000000000000000000000000000000111000000000000000000000000000000011111111111111111111111111110000000000000000000000000000000
000000000000000000000000000000000000000000000000000000000111000000000000000000000000000000011111111111111111111111111110000000000000000000000000000000
000000000000000000000000000000000000000000000000000111111111000000000000000000000000000000001111111111111111111111111110000000000000000000000000000000
000000000000000000000000000000000000000000000000000111111111000000000000000000000000000000001111111111111111111111111110000000000000000000000000000000
000000000000000000000000000000000000000000000000111111111111100000000000000000000000000000001111111111111111111111111110000000000000000000000000000000
000000000000000000000000000000000000000000000000111111111111100000000000000000000000000000001111111111111111111111111110000000000000000000000000000000
000000000000000000000000000000000000000000000000111111111111110000000000000000000000000000001111111111111111111111111110000000000000000000000000000000
000000000000000000000000000000000000000000000000111111111111110000000000000000000000000000001111111111111111111111111110000000000000000000000000000000
000000000000000000000000000000000000000000000001111111111111110000000000000000000000000000001111111111111111111111111110000000000000000000000000000000
000000000000000000000000000000000000000000000001111111111111110000000000000000000000000000001111111111111111111111111110000000000000000000000000000000
000000000000000000000000000000000000000000000001111111111111100000000000000000000000000001111111111111111111111111111111000000000000000000000000000000
000000000000000000000000000000000000000000000001111111111111100000000000000000000000000001111111111111111111111111111111000000000000000000000000000000
000000000000000000000000000000000000000000000011111111111111000000000000000000000000000111111111111111111111111111111111100000000000000000000000000000
000000000000000000000000000000000000000000000011111111111111000000000000000000000000000111111111111111111111111111111111100000000000000000000000000000
000000000000000000000000000000000000000000000011111111111110000000000000000000000000011111111111111111111111111111111111100000000000000000000000000000
000000000000000000000000000000000000000000000011111111111110000000000000000000000000011111111111111111111111111111111111100000000000000000000000000000
000000000000000000000000000000000000000000000011111111111110000000000000000000000011111111111111111111111111111111111111110000000000000000000000000000
000000000000000000000000000000000000000000000011111111111110000000000000000000000011111111111111111111111111111111111111110000000000000000000000000000
000000000000000000000000000000000000000000000011111111111111000000000000000000001111111111111111111111111111111111111111110000000000000000000000000000
000000000000000000000000000000000000000000000011111111111111000000000000000000001111111111111111111111111111111111111111110000000000000000000000000000
000000000000000000000000000000000000000000000111111111111111110000000000000001111111111111111111111111111111111111111111111000000000000000000000000000
000000000000000000000000000000000000000000000111111111111111110000000000000001111111111111111111111111111111111111111111111000000000000000000000000000
000000000000000000000000000000000000000000001111111111111111111100000000001111111111111111111111111111111111111111111111111110000000000000000000000000
000000000000000000000000000000000000000000001111111111111111111100000000001111111111111111111111111111111111111111111111111110000000000000000000000000
000000000000000000000000000000000000000000001111111101111111111111111111111111111111111111111111111111111111111111111111111111000000000000000000000000
000000000000000000000000000000000000000000001111111101111111111111111111111111111111111111111111111111111111111111111111111111000000000000000000000000
000000000000000000000000000000000000000000011111111101111111111111111111111111111111111111111111111111111111111111111111111111100000000000000000000000
000000000000000000000000000000000000000000011111111101111111111111111111111111111111111111111111111111111111111111111111111111100000000000000000000000
000000000000000000000000000000000000000000011111111101111111111111111111111111111111111111111111111111111111111111111111111111110000000000000000000000
000000000000000000000000000000000000000000011111111101111111111111111111111111111111111111111111111111111111111111111111111111110000000000000000000000
000000000000000000000000000000000000000000011111111001111111111111111111111111111111111111111111111111111111111111111111111111111100000000000000000000
000000000000000000000000000000000000000000011111111001111111111111111111111111111111111111111111111111111111111111111111111111111100000000000000000000
000000000000000000000000000000000000000000111111111001111111111111111111111111111111111100011111111111111111111111111111111111111110000000000000000000
000000000000000000000000000000000000000000111111111001111111111111111111111111111111111100011111111111111111111111111111111111111110000000000000000000
000000000000000000000000000000000000000000111111111001111111111111111111111111111110000000111111111111111111111111111111111111111111000000000000000000
000000000000000000000000000000000000000000111111111001111111111111111111111111111110000000111111111111111111111111111111111111111111000000000000000000
000000000000000000000000000000000000000000011111111001111111111111111111111111110000000000111111111111111111111111111111111111111111100000000000000000
000000000000000000000000000000000000000000011111111001111111111111111111111111110000000000111111111111111111111111111111111111111111100000000000000000
000000000000000000000000000000000000000000011111110001111111111111111111111100000000000000111111111111111111111111111111111111111111110000000000000000
000000000000000000000000000000000000000000011111110001111111111111111111111100000000000000111111111111111111111111111111111111111111110000000000000000
000000000000000000000000000000000000000000011111110000111111111111111111100000000000000001111111111111111111111111111111111111111111111000000000000000
000000000000000000000000000000000000000000011111110000111111111111111111100000000000000001111111111111111111111111111111111111111111111000000000000000
000000000000000000000000000000000000000000011111110000111111111111111111100000000000000001111111111111111111111111111111111111111111111100000000000000
000000000000000000000000000000000000000000011111110000111111111111111111100000000000000001111111111111111111111111111111111111111111111100000000000000
111111111111111111111111111111111111111111111111111111111111111111111111111111111111111111111111111111111111111111111111111111111111111111111111111111
111111111111111111111111111111111111111111111111111111111111111111111111111111111111111111111111111111111111111111111111111111111111111111111111111111
