000000000000000000000000000000000000000000000000000000000000000000000000000000000000000000000000000000111111111111111111111111111111111111111111100000
000000000000000000000000000000000000000000000000000000000000000000000000000000000000000000000000000000111111111111111111111111111111111111111111100000
000000000000000000000000000000000000000000000000000000000000000000000000000000000000000000000000000000111111111111111111111111111111111111111111100000
000000000000000000000000000000000000000000000000000000000000000000000000000000000000000000000000000000111111111111111111111111111111111111111111100000
000000000000000000000000000000000000000000000000000000000000000000000000000000000000000000000000000000111111111111111111111111111111111111111111000000
000000000000000000000000000000000000000000000000000000000000000000000000000000000000000000000000000000111111111111111111111111111111111111111111000000
000000000000000000000000000000000000000000000000000000000000000000000000000000000000000000000000000000111111111111111111111111111111111111111110000000
000000000000000000000000000000000000000000000000000000000000000000000000000000000000000000000000000000111111111111111111111111111111111111111110000000
000000000000000000000000000000000000000000000000000000000000000000000000000000000000000000000000000000111111111111111111111111111111111111111100000000
000000000000000000000000000000000000000000000000000000000000000000000000000000000000000000000000000000111111111111111111111111111111111111111100000000
000000000000000000000000000000000000000000000000000000000000000000000000000000000000000000000000000000111111111111111111111111111111111111111000000000
000000000000000000000000000000000000000000000000000000000000000000000000000000000000000000000000000000111111111111111111111111111111111111111000000000
000000000000000000000000000000000000000000000000000000000000000000000000000000000000000000000000000000011111111111111111111111111111111111110000000000
000000000000000000000000000000000000000000000000000000000000000000000000000000000000000000000000000000011111111111111111111111111111111111110000000000
000000000000000000000000000000000000000000000000000000000000000000000000000000000000000000000000000000000011111111111111111111111111111111110000000000
000000000000000000000000000000000000000000000000000000000000000000000000000000000000000000000000000000000011111111111111111111111111111111110000000000
000000000000000000000000000000000000000000000000000000000000000000000000000000000000000000000000000000001000111111111111111111111111111111111000000000
000000000000000000000000000000000000000000000000000000000000000000000000000000000000000000000000000000001000111111111111111111111111111111111000000000
000000000000000000000000000000000000000000000000000000000000000000000000000000000000000000000000000000000000011111111111111111111111111111111100000000
000000000000000000000000000000000000000000000000000000000000000000000000000000000000000000000000000000000000011111111111111111111111111111111100000000
000000000000000000000000000000000000000000000000000000000000000000000000000000000000000000000000000000000000011111111111111111111111111111111100000000
000000000000000000000000000000000000000000000000000000000000000000000000000000000000000000000000000000000000011111111111111111111111111111111100000000
000000000000000000000000000000000000000000000000000000000000000000000000000000000000000000000000000000000000111111111111111111111111111111100110000000
000000000000000000000000000000000000000000000000000000000000000000000000000000000000000000000000000000000000111111111111111111111111111111100110000000
000000000000000000000000000000000000000000000000000000000000000000000000000000000000000000000000000000000001111111111111111111111111111111111010000000
000000000000000000000000000000000000000000000000000000000000000000000000000000000000000000000000000000000001111111111111111111111111111111111010000000
000000000000000000000000000000000000000000000000000000000000000000000000000000000000000000000000000000000111111111111111111111111111111111111101000000
000000000000000000000000000000000000000000000000000000000000000000000000000000000000000000000000000000000111111111111111111111111111111111111101000000
000000000000000000000000000000000000000000000000000000000000000000000000000000000000000000000000000000011111111111111111111111111111111111111100000000
000000000000000000000000000000000000000000000000000000000000000000000000000000000000000000000000000000011111111111111111111111111111111111111100000000
000000000000000000000000000000000000000000000000000000000000000000000000000000000000000000000000000011111111111111111111111111111111111110100000000000
000000000000000000000000000000000000000000000000000000000000000000000000000000000000000000000000000011111111111111111111111111111111111110100000000000
000000000000000000000000000000000000000000000000000000000000000000000000000000000000000000000000001111111111111111111111111111111111110110010000000000
000000000000000000000000000000000000000000000000000000000000000000000000000000000000000000000000001111111111111111111111111111111111110110010000000000
000000000000000000000000000000000000000000000000000000000000000000000000000000000000000000000000011111111111111111111111111111111111100000000000000000
000000000000000000000000000000000000000000000000000000000000000000000000000000000000000000000000011111111111111111111111111111111111100000000000000000
000000000000000000000000000000000000000000000000000000000000000000000000000000000000000000000001111111111111111111111111111111111111110000000000000000
000000000000000000000000000000000000000000000000000000000000000000000000000000000000000000000001111111111111111111111111111111111111110000000000000000
000000000000000000000000000000000000000000000000000000000000000000000000000000000000000000000000011111111111111111111111111111111111100000000000000000
000000000000000000000000000000000000000000000000000000000000000000000000000000000000000000000000011111111111111111111111111111111111100000000000000000
000000000000000000000000000000000000000000000000000000000000000000000000000000000000000000000000111111111111111111111111111111111111100000000000000000
000000000000000000000000000000000000000000000000000000000000000000000000000000000000000000000000111111111111111111111111111111111111100000000000000000
000000000000000000000000000000000000000000000000000000000000000000000000000000000000000000000001111111111111111111111111111111111111100000000000000000
000000000000000000000000000000000000000000000000000000000000000000000000000000000000000000000001111111111111111111111111111111111111100000000000000000
000000000000000000000000000000000000000000000000000000000000000000000000000000000000000000000011111111111111111111111111111111111111100000000000000000
000000000000000000000000000000000000000000000000000000000000000000000000000000000000000000000011111111111111111111111111111111111111100000000000000000
000000000000000000000000000000000000000000000000000000000000000000000000000000000000000000000011111111111111111111111111111111110000000000000000000000
000000000000000000000000000000000000000000000000000000000000000000000000000000000000000000000011111111111111111111111111111111110000000000000000000000
000000000000000000000000000000000000000000000000000000000000000000000000000000000000000000000111111111111111111111111111111111000000000000000000000000
000000000000000000000000000000000000000000000000000000000000000000000000000000000000000000000111111111111111111111111111111111000000000000000000000000
000000000000000000000000000000000000000000000000000000000000000000000000000000000000000000000111111111111111111111111111111111000000000000000000000000
000000000000000000000000000000000000000000000000000000000000000000000000000000000000000000000111111111111111111111111111111111000000000000000000000000
000000000000000000000000000000000000000000000000000000000000000000000000000000000000000000000111111111111111111111111111111110000000000000000000000000
000000000000000000000000000000000000000000000000000000000000000000000000000000000000000000000111111111111111111111111111111110000000000000000000000000
000000000000000000000000000000000000000000000000000000000000000000000000000000000000000000000111111111111111111111111111111110000000000000000000000000
000000000000000000000000000000000000000000000000000000000000000000000000000000000000000000000111111111111111111111111111111110000000000000000000000000
000000000000000000000000000000000000000000000000000000000000000000000000000000000000000000000011111111111111111111111111111110000000000000000000000000
000000000000000000000000000000000000000000000000000000000000000000000000000000000000000000000011111111111111111111111111111110000000000000000000000000
000000000000000000000000000000000000000000000000000000000000000000000000000000000000000000000011111111111111111111111111111100000000000000000000000000
000000000000000000000000000000000000000000000000000000000000000000000000000000000000000000000011111111111111111111111111111100000000000000000000000000
000000000000000000000000000000000000000000000000000000000000000000000000000000000000000000000001111111111111111111111111111100000000000000000000000000
000000000000000000000000000000000000000000000000000000000000000000000000000000000000000000000001111111111111111111111111111100000000000000000000000000
000000000000000000000000000000000000000000000000000000000000000000000000000000000000000000000001111111111111111111111111111100000000000000000000000000
000000000000000000000000000000000000000000000000000000000000000000000000000000000000000000000001111111111111111111111111111100000000000000000000000000
000000000000000000000000000000000000000000000000000000000000110000000000000000000000000000000000111111111111111111111111111100000000000000000000000000
000000000000000000000000000000000000000000000000000000000000110000000000000000000000000000000000111111111111111111111111111100000000000000000000000000
000000000000000000000000000000000000000000000000000011111111111000000000000000000000000000000000111111111111111111111111111100000000000000000000000000
000000000000000000000000000000000000000000000000000011111111111000000000000000000000000000000000111111111111111111111111111100000000000000000000000000
000000000000000000000000000000000000000000000000000111111111111100000000000000000000000000000000111111111111111111111111111100000000000000000000000000
000000000000000000000000000000000000000000000000000111111111111100000000000000000000000000000000111111111111111111111111111100000000000000000000000000
000000000000000000000000000000000000000000000000001111111111111110000000000000000000000000000000111111111111111111111111111100000000000000000000000000
000000000000000000000000000000000000000000000000001111111111111110000000000000000000000000000000111111111111111111111111111100000000000000000000000000
000000000000000000000000000000000000000000000000011111111111111110000000000000000000000000000011111111111111111111111111111100000000000000000000000000
000000000000000000000000000000000000000000000000011111111111111110000000000000000000000000000011111111111111111111111111111100000000000000000000000000
000000000000000000000000000000000000000000000000011111111111110000000000000000000000000000001111111111111111111111111111111110000000000000000000000000
000000000000000000000000000000000000000000000000011111111111110000000000000000000000000000001111111111111111111111111111111110000000000000000000000000
000000000000000000000000000000000000000000000000011111111111111000000000000000000000000000111111111111111111111111111111111111000000000000000000000000
000000000000000000000000000000000000000000000000011111111111111000000000000000000000000000111111111111111111111111111111111111000000000000000000000000
000000000000000000000000000000000000000000000000011111111111100000000000000000000000000011111111111111111111111111111111111111000000000000000000000000
000000000000000000000000000000000000000000000000011111111111100000000000000000000000000011111111111111111111111111111111111111000000000000000000000000
000000000000000000000000000000000000000000000000011111111111110000000000000000000000001111111111111111111111111111111111111111100000000000000000000000
000000000000000000000000000000000000000000000000011111111111110000000000000000000000001111111111111111111111111111111111111111100000000000000000000000
000000000000000000000000000000000000000000000000111111111111111100000000000000000001111111111111111111111111111111111111111111100000000000000000000000
000000000000000000000000000000000000000000000000111111111111111100000000000000000001111111111111111111111111111111111111111111100000000000000000000000
000000000000000000000000000000000000000000000000111111111111111111000000000000000011111111111111111111111111111111111111111111110000000000000000000000
000000000000000000000000000000000000000000000000111111111111111111000000000000000011111111111111111111111111111111111111111111110000000000000000000000
000000000000000000000000000000000000000000000001111111111111111111100000000000011111111111111111111111111111111111111111111111111100000000000000000000
000000000000000000000000000000000000000000000001111111111111111111100000000000011111111111111111111111111111111111111111111111111100000000000000000000
000000000000000000000000000000000000000000000001111111111111111111110000000001111111111111111111111111111111111111111111111111111110000000000000000000
000000000000000000000000000000000000000000000001111111111111111111110000000001111111111111111111111111111111111111111111111111111110000000000000000000
000000000000000000000000000000000000000000000011111111100111111111111111111111111111111111111111111111111111111111111111111111111111000000000000000000
000000000000000000000000000000000000000000000011111111100111111111111111111111111111111111111111111111111111111111111111111111111111000000000000000000
000000000000000000000000000000000000000000000011111111100111111111111111111111111111111111111111111111111111111111111111111111111111110000000000000000
000000000000000000000000000000000000000000000011111111100111111111111111111111111111111111111111111111111111111111111111111111111111110000000000000000
000000000000000000000000000000000000000000000011111111000111111111111111111111111111111111111111111111111111111111111111111111111111111000000000000000
000000000000000000000000000000000000000000000011111111000111111111111111111111111111111111111111111111111111111111111111111111111111111000000000000000
000000000000000000000000000000000000000000000111111111001111111111111111111111111111111111100001111111111111111111111111111111111111111100000000000000
000000000000000000000000000000000000000000000111111111001111111111111111111111111111111111100001111111111111111111111111111111111111111100000000000000
000000000000000000000000000000000000000000000011111111001111111111111111111111111111111110000001111111111111111111111111111111111111111110000000000000
000000000000000000000000000000000000000000000011111111001111111111111111111111111111111110000001111111111111111111111111111111111111111110000000000000
000000000000000000000000000000000000000000000011111111001111111111111111111111111111100000000011111111111111111111111111111111111111111111000000000000
000000000000000000000000000000000000000000000011111111001111111111111111111111111111100000000011111111111111111111111111111111111111111111000000000000
000000000000000000000000000000000000000000000011111110001111111111111111111111111100000000000011111111111111111111111111111111111111111111100000000000
000000000000000000000000000000000000000000000011111110001111111111111111111111111100000000000011111111111111111111111111111111111111111111100000000000
000000000000000000000000000000000000000000000011111110001111111111111111111111100000000000000011111111111111111111111111111111111111111111110000000000
000000000000000000000000000000000000000000000011111110001111111111111111111111100000000000000011111111111111111111111111111111111111111111110000000000
000000000000000000000000000000000000000000000011111110000011111111111111111110000000000000000111111111111111111111111111111111111111111111111000000000
000000000000000000000000000000000000000000000011111110000011111111111111111110000000000000000111111111111111111111111111111111111111111111111000000000
000000000000000000000000000000000000000000000001111100000111111111111111111111000000000000001111111111111111111111111111111111111111111111111100000000
000000000000000000000000000000000000000000000001111100000111111111111111111111000000000000001111111111111111111111111111111111111111111111111100000000
000000000000000000000000000000000000000000000000111000000011111111111111111111100000000000001111111111111111111111111111111111111111111111111110000000
000000000000000000000000000000000000000000000000111000000011111111111111111111100000000000001111111111111111111111111111111111111111111111111110000000
000000000000000000000000000000000000000000000000000000000011111111111111111111100000000000001111111111111111111111111111111111111111111111111111000000
000000000000000000000000000000000000000000000000000000000011111111111111111111100000000000001111111111111111111111111111111111111111111111111111000000
111111111111111111111111111111111111111111111111111111111111111111111111111111111111111111111111111111111111111111111111111111111111111111111111111111
111111111111111111111111111111111111111111111111111111111111111111111111111111111111111111111111111111111111111111111111111111111111111111111111111111
