000000000000000000000000000000000000000000000000000000000000000000000000000000000000000000000000000000000001111111111111111111111111111111111111111000
000000000000000000000000000000000000000000000000000000000000000000000000000000000000000000000000000000000001111111111111111111111111111111111111111000
000000000000000000000000000000000000000000000000000000000000000000000000000000000000000000000000000000000001111111111111111111111111111111111111110000
000000000000000000000000000000000000000000000000000000000000000000000000000000000000000000000000000000000001111111111111111111111111111111111111110000
000000000000000000000000000000000000000000000000000000000000000000000000000000000000000000000000000000000000111111111111111111111111111111111111110000
000000000000000000000000000000000000000000000000000000000000000000000000000000000000000000000000000000000000111111111111111111111111111111111111110000
000000000000000000000000000000000000000000000000000000000000000000000000000000000000000000000000000000000000000111111111111111111111111111111111110000
000000000000000000000000000000000000000000000000000000000000000000000000000000000000000000000000000000000000000111111111111111111111111111111111110000
000000000000000000000000000000000000000000000000000000000000000000000000000000000000000000000000000000000000010011111111111111111111111111111111110000
000000000000000000000000000000000000000000000000000000000000000000000000000000000000000000000000000000000000010011111111111111111111111111111111110000
000000000000000000000000000000000000000000000000000000000000000000000000000000000000000000000000000000000000000000011111111111111111111111111111111000
000000000000000000000000000000000000000000000000000000000000000000000000000000000000000000000000000000000000000000011111111111111111111111111111111000
000000000000000000000000000000000000000000000000000000000000000000000000000000000000000000000000000000000000000000011111111111111111111111111111111100
000000000000000000000000000000000000000000000000000000000000000000000000000000000000000000000000000000000000000000011111111111111111111111111111111100
000000000000000000000000000000000000000000000000000000000000000000000000000000000000000000000000000000000000000001111111111111111111111111111111100110
000000000000000000000000000000000000000000000000000000000000000000000000000000000000000000000000000000000000000001111111111111111111111111111111100110
000000000000000000000000000000000000000000000000000000000000000000000000000000000000000000000000000000000000000011111111111111111111111111111111110010
000000000000000000000000000000000000000000000000000000000000000000000000000000000000000000000000000000000000000011111111111111111111111111111111110010
000000000000000000000000000000000000000000000000000000000000000000000000000000000000000000000000000000000000001111111111111111111111111111111111111101
000000000000000000000000000000000000000000000000000000000000000000000000000000000000000000000000000000000000001111111111111111111111111111111111111101
000000000000000000000000000000000000000000000000000000000000000000000000000000000000000000000000000000000000111111111111111111111111111111111111111010
000000000000000000000000000000000000000000000000000000000000000000000000000000000000000000000000000000000000111111111111111111111111111111111111111010
000000000000000000000000000000000000000000000000000000000000000000000000000000000000000000000000000000000011111111111111111111111111111111111111100100
000000000000000000000000000000000000000000000000000000000000000000000000000000000000000000000000000000000011111111111111111111111111111111111111100100
000000000000000000000000000000000000000000000000000000000000000000000000000000000000000000000000000000001111111111111111111111111111111111101110000000
000000000000000000000000000000000000000000000000000000000000000000000000000000000000000000000000000000001111111111111111111111111111111111101110000000
000000000000000000000000000000000000000000000000000000000000000000000000000000000000000000000000000000111111111111111111111111111111111111110000000000
000000000000000000000000000000000000000000000000000000000000000000000000000000000000000000000000000000111111111111111111111111111111111111110000000000
000000000000000000000000000000000000000000000000000000000000000000000000000000000000000000000000000001111111111111111111111111111111111111100000000000
000000000000000000000000000000000000000000000000000000000000000000000000000000000000000000000000000001111111111111111111111111111111111111100000000000
000000000000000000000000000000000000000000000000000000000000000000000000000000000000000000000000000101111111111111111111111111111111111111100000000000
000000000000000000000000000000000000000000000000000000000000000000000000000000000000000000000000000101111111111111111111111111111111111111100000000000
000000000000000000000000000000000000000000000000000000000000000000000000000000000000000000000000000011111111111111111111111111111111111111100000000000
000000000000000000000000000000000000000000000000000000000000000000000000000000000000000000000000000011111111111111111111111111111111111111100000000000
000000000000000000000000000000000000000000000000000000000000000000000000000000000000000000000000000111111111111111111111111111111111111111100000000000
000000000000000000000000000000000000000000000000000000000000000000000000000000000000000000000000000111111111111111111111111111111111111111100000000000
000000000000000000000000000000000000000000000000000000000000000000000000000000000000000000000000000111111111111111111111111111111111111000000000000000
000000000000000000000000000000000000000000000000000000000000000000000000000000000000000000000000000111111111111111111111111111111111111000000000000000
000000000000000000000000000000000000000000000000000000000000000000000000000000000000000000000000000111111111111111111111111111111111100000000000000000
000000000000000000000000000000000000000000000000000000000000000000000000000000000000000000000000000111111111111111111111111111111111100000000000000000
000000000000000000000000000000000000000000000000000000000000000000000000000000000000000000000000000111111111111111111111111111111111000000000000000000
000000000000000000000000000000000000000000000000000000000000000000000000000000000000000000000000000111111111111111111111111111111111000000000000000000
000000000000000000000000000000000000000000000000000000000000000000000000000000000000000000000000001111111111111111111111111111111111000000000000000000
000000000000000000000000000000000000000000000000000000000000000000000000000000000000000000000000001111111111111111111111111111111111000000000000000000
000000000000000000000000000000000000000000000000000000000000000000000000000000000000000000000000001111111111111111111111111111111110000000000000000000
000000000000000000000000000000000000000000000000000000000000000000000000000000000000000000000000001111111111111111111111111111111110000000000000000000
000000000000000000000000000000000000000000000000000000000000000000000000000000000000000000000000001111111111111111111111111111111110000000000000000000
000000000000000000000000000000000000000000000000000000000000000000000000000000000000000000000000001111111111111111111111111111111110000000000000000000
000000000000000000000000000000000000000000000000000000000000000000000000000000000000000000000000000111111111111111111111111111111100000000000000000000
000000000000000000000000000000000000000000000000000000000000000000000000000000000000000000000000000111111111111111111111111111111100000000000000000000
000000000000000000000000000000000000000000000000000000000000000000000000000000000000000000000000000111111111111111111111111111111100000000000000000000
000000000000000000000000000000000000000000000000000000000000000000000000000000000000000000000000000111111111111111111111111111111100000000000000000000
000000000000000000000000000000000000000000000000000000000000000000000000000000000000000000000000000011111111111111111111111111111100000000000000000000
000000000000000000000000000000000000000000000000000000000000000000000000000000000000000000000000000011111111111111111111111111111100000000000000000000
000000000000000000000000000000000000000000000000000000000000000000000000000000000000000000000000000011111111111111111111111111111000000000000000000000
000000000000000000000000000000000000000000000000000000000000000000000000000000000000000000000000000011111111111111111111111111111000000000000000000000
000000000000000000000000000000000000000000000000000000000011101000000000000000000000000000000000000001111111111111111111111111111000000000000000000000
000000000000000000000000000000000000000000000000000000000011101000000000000000000000000000000000000001111111111111111111111111111000000000000000000000
000000000000000000000000000000000000000000000000000000000111111100000000000000000000000000000000000001111111111111111111111111111100000000000000000000
000000000000000000000000000000000000000000000000000000000111111100000000000000000000000000000000000001111111111111111111111111111100000000000000000000
000000000000000000000000000000000000000000000000000001111111111110000000000000000000000000000000000011111111111111111111111111111100000000000000000000
000000000000000000000000000000000000000000000000000001111111111110000000000000000000000000000000000011111111111111111111111111111100000000000000000000
000000000000000000000000000000000000000000000000000011111111111111100000000000000000000000000000000011111111111111111111111111111100000000000000000000
000000000000000000000000000000000000000000000000000011111111111111100000000000000000000000000000000011111111111111111111111111111100000000000000000000
000000000000000000000000000000000000000000000000000011111111111111100000000000000000000000000000001111111111111111111111111111111100000000000000000000
000000000000000000000000000000000000000000000000000011111111111111100000000000000000000000000000001111111111111111111111111111111100000000000000000000
000000000000000000000000000000000000000000000000000111111111111101000000000000000000000000000001111111111111111111111111111111111111000000000000000000
000000000000000000000000000000000000000000000000000111111111111101000000000000000000000000000001111111111111111111111111111111111111000000000000000000
000000000000000000000000000000000000000000000000000111111111111110000000000000000000000000000011111111111111111111111111111111111111000000000000000000
000000000000000000000000000000000000000000000000000111111111111110000000000000000000000000000011111111111111111111111111111111111111000000000000000000
000000000000000000000000000000000000000000000000000111111111111100000000000000000000000000011111111111111111111111111111111111111111100000000000000000
000000000000000000000000000000000000000000000000000111111111111100000000000000000000000000011111111111111111111111111111111111111111100000000000000000
000000000000000000000000000000000000000000000000000111111111111100000000000000000000000000111111111111111111111111111111111111111111000000000000000000
000000000000000000000000000000000000000000000000000111111111111100000000000000000000000000111111111111111111111111111111111111111111000000000000000000
000000000000000000000000000000000000000000000000000111111111111111100000000000000000000111111111111111111111111111111111111111111111100000000000000000
000000000000000000000000000000000000000000000000000111111111111111100000000000000000000111111111111111111111111111111111111111111111100000000000000000
000000000000000000000000000000000000000000000000000111111111111111111000000000000000001111111111111111111111111111111111111111111111110000000000000000
000000000000000000000000000000000000000000000000000111111111111111111000000000000000001111111111111111111111111111111111111111111111110000000000000000
000000000000000000000000000000000000000000000000001111111111111111111110000000000001111111111111111111111111111111111111111111111111111100000000000000
000000000000000000000000000000000000000000000000001111111111111111111110000000000001111111111111111111111111111111111111111111111111111100000000000000
000000000000000000000000000000000000000000000000001111111111111111111111000000000111111111111111111111111111111111111111111111111111111110000000000000
000000000000000000000000000000000000000000000000001111111111111111111111000000000111111111111111111111111111111111111111111111111111111110000000000000
000000000000000000000000000000000000000000000000011111111110111111111111111111111111111111111111111111111111111111111111111111111111111111000000000000
000000000000000000000000000000000000000000000000011111111110111111111111111111111111111111111111111111111111111111111111111111111111111111000000000000
000000000000000000000000000000000000000000000000011111111100111111111111111111111111111111111111111111111111111111111111111111111111111111110000000000
000000000000000000000000000000000000000000000000011111111100111111111111111111111111111111111111111111111111111111111111111111111111111111110000000000
000000000000000000000000000000000000000000000000011111111100111111111111111111111111111111111111111001111111111111111111111111111111111111111000000000
000000000000000000000000000000000000000000000000011111111100111111111111111111111111111111111111111001111111111111111111111111111111111111111000000000
000000000000000000000000000000000000000000000000111111111100111111111111111111111111111111111111000011111111111111111111111111111111111111111100000000
000000000000000000000000000000000000000000000000111111111100111111111111111111111111111111111111000011111111111111111111111111111111111111111100000000
000000000000000000000000000000000000000000000000111111111001111111111111111111111111111111110000000011111111111111111111111111111111111111111111000000
000000000000000000000000000000000000000000000000111111111001111111111111111111111111111111110000000011111111111111111111111111111111111111111111000000
000000000000000000000000000000000000000000000000011111111001111111111111111111111111111110000000000011111111111111111111111111111111111111111111100000
000000000000000000000000000000000000000000000000011111111001111111111111111111111111111110000000000011111111111111111111111111111111111111111111100000
000000000000000000000000000000000000000000000000011111111000111111111111111111111111111000000000000111111111111111111111111111111111111111111111110000
000000000000000000000000000000000000000000000000011111111000111111111111111111111111111000000000000111111111111111111111111111111111111111111111110000
000000000000000000000000000000000000000000000000011111111001111111111111111111111111100000000000000111111111111111111111111111111111111111111111111000
000000000000000000000000000000000000000000000000011111111001111111111111111111111111100000000000000111111111111111111111111111111111111111111111111000
000000000000000000000000000000000000000000000000011111110001111111111111111111111110000000000000001111111111111111111111111111111111111111111111111100
000000000000000000000000000000000000000000000000011111110001111111111111111111111110000000000000001111111111111111111111111111111111111111111111111100
000000000000000000000000000000000000000000000000001111111000111111111111111111111111000000000000001111111111111111111111111111111111111111111111111110
000000000000000000000000000000000000000000000000001111111000111111111111111111111111000000000000001111111111111111111111111111111111111111111111111110
000000000000000000000000000000000000000000000000000111000000001111111111111111111111100000000000011111111111111111111111111111111111111111111111111111
000000000000000000000000000000000000000000000000000111000000001111111111111111111111100000000000011111111111111111111111111111111111111111111111111111
000000000000000000000000000000000000000000000000000011000000001111111111111111111111110000000000111111111111111111111111111111111111111111111111111111
000000000000000000000000000000000000000000000000000011000000001111111111111111111111110000000000111111111111111111111111111111111111111111111111111111
000000000000000000000000000000000000000000000000000000000000001111111111111111111111111000000000111111111111111111111111111111111111111111111111111111
000000000000000000000000000000000000000000000000000000000000001111111111111111111111111000000000111111111111111111111111111111111111111111111111111111
000000000000000000000000000000000000000000000000000000000000001111111111111111111111111100000001111111111111111111111111111111111111111111111111111111
000000000000000000000000000000000000000000000000000000000000001111111111111111111111111100000001111111111111111111111111111111111111111111111111111111
000000000000000000000000000000000000000000000000000000000000001111111111111111111111111110000001111111111111111111111111111111111111111111111111111111
000000000000000000000000000000000000000000000000000000000000001111111111111111111111111110000001111111111111111111111111111111111111111111111111111111
000000000000000000000000000000000000000000000000000000000000011111111111111111111111111111000011111111111111111111111111111111111111111111111111111111
000000000000000000000000000000000000000000000000000000000000011111111111111111111111111111000011111111111111111111111111111111111111111111111111111111
111111111111111111111111111111111111111111111111111111111111111111111111111111111111111111111111111111111111111111111111111111111111111111111111111111
111111111111111111111111111111111111111111111111111111111111111111111111111111111111111111111111111111111111111111111111111111111111111111111111111111
