000000000000000000000000000000000000000000000000000000000000000000000000000000000000000000000000000000000000000000000000000001111111111111111111111111
000000000000000000000000000000000000000000000000000000000000000000000000000000000000000000000000000000000000000000000000000001111111111111111111111111
000000000000000000000000000000000000000000000000000000000000000000000000000000000000000000000000000000000000000000000000000111111111111111111111111111
000000000000000000000000000000000000000000000000000000000000000000000000000000000000000000000000000000000000000000000000000111111111111111111111111111
000000000000000000000000000000000000000000000000000000000000000000000000000000000000000000000000000000000000000000000000001101111111111111111111111111
000000000000000000000000000000000000000000000000000000000000000000000000000000000000000000000000000000000000000000000000001101111111111111111111111111
000000000000000000000000000000000000000000000000000000000000000000000000000000000000000000000000000000000000000000000000000111111111111111111101111011
000000000000000000000000000000000000000000000000000000000000000000000000000000000000000000000000000000000000000000000000000111111111111111111101111011
000000000000000000000000000000000000000000000000000000000000000000000000000000000000000000000000000000000000000000000000011111111111111111110011110111
000000000000000000000000000000000000000000000000000000000000000000000000000000000000000000000000000000000000000000000000011111111111111111110011110111
000000000000000000000000000000000000000000000000000000000000000000000000000000000000000000000000000000000000000000000001111011111111111111101111011110
000000000000000000000000000000000000000000000000000000000000000000000000000000000000000000000000000000000000000000000001111011111111111111101111011110
000000000000000000000000000000000000000000000000000000000000000000000000000000000000000000000000000000000000000000000011101111011111111110011100111000
000000000000000000000000000000000000000000000000000000000000000000000000000000000000000000000000000000000000000000000011101111011111111110011100111000
000000000000000000000000000000000000000000000000000000000000000000000000000000000000000000000000000000000000000000000110111101111111111001111001100001
000000000000000000000000000000000000000000000000000000000000000000000000000000000000000000000000000000000000000000000110111101111111111001111001100001
000000000000000000000000000000000000000000000000000000000000000000000000000000000000000000000000000000000000000000000001110111001110110001100010000011
000000000000000000000000000000000000000000000000000000000000000000000000000000000000000000000000000000000000000000000001110111001110110001100010000011
000000000000000000000000000000000000000000000000000000000000000000000001110000000000000000000000000000000000000000000011001100011000000000000000000111
000000000000000000000000000000000000000000000000000000000000000000000001110000000000000000000000000000000000000000000011001100011000000000000000000111
000000000000000000000000000000000000000000000000000000000000000001100011111000000000000000000000000000000000000000000000000000000000000000000000000111
000000000000000000000000000000000000000000000000000000000000000001100011111000000000000000000000000000000000000000000000000000000000000000000000000111
000000000000000000000000000000000000000000000000000000000000000000111111111100000000000000000000000000000000000000000000000000000000000000000000001111
000000000000000000000000000000000000000000000000000000000000000000111111111100000000000000000000000000000000000000000000000000000000000000000000001111
000000000000000000000000000000000000000000000000000000000000000000111111111111000000000000000000000000000000000000000000000000000000000000000000001111
000000000000000000000000000000000000000000000000000000000000000000111111111111000000000000000000000000000000000000000000000000000000000000000000001111
000000000000000000000000000000000000000000000000000000000000000011111111111110000000000000000000000000000000000000000000000000000000000000000000011111
000000000000000000000000000000000000000000000000000000000000000011111111111110000000000000000000000000000000000000000000000000000000000000000000011111
000000000000000000000000000000000000000000000000000000000000000111111111111110000000000000000000000000000000000000000000000000000000000000000000111111
000000000000000000000000000000000000000000000000000000000000000111111111111110000000000000000000000000000000000000000000000000000000000000000000111111
000000000000000000000000000000000000000000000000000000000000001111111111111110000000000000000000000000000000000000000000000000000000000000000001111111
000000000000000000000000000000000000000000000000000000000000001111111111111110000000000000000000000000000000000000000000000000000000000000000001111111
000000000000000000000000000000000000000000000000000000000000001111111111111111110000000000000000000000000000000000000000000000000000000000000011111111
000000000000000000000000000000000000000000000000000000000000001111111111111111110000000000000000000000000000000000000000000000000000000000000011111111
000000000000000000000000000000000000000000000000000000000000001111111111111111111110000000000000000000000000000000000000000000000000000000000011111111
000000000000000000000000000000000000000000000000000000000000001111111111111111111110000000000000000000000000000000000000000000000000000000000011111111
000000000000000000000000000000000000000000000000000000000000000111111111111111111111111111111111000000000000000000000000000000000000000000000111111111
000000000000000000000000000000000000000000000000000000000000000111111111111111111111111111111111000000000000000000000000000000000000000000000111111111
000000000000000000000000000000000000000000000000000000000000000011111111111111111111011111111111000000000000000000000000000000000000000000001111111111
000000000000000000000000000000000000000000000000000000000000000011111111111111111111011111111111000000000000000000000000000000000000000000001111111111
000000000000000000000000000000000000000000000000000000000000000001111111111111111111111111111111111101000000000000000000000000000000000000011111111111
000000000000000000000000000000000000000000000000000000000000000001111111111111111111111111111111111101000000000000000000000000000000000000011111111111
000000000000000000000000000000000000000000000000000000000000000000011111111111111111111111111000000000000000000000000000000000000000000000111111111111
000000000000000000000000000000000000000000000000000000000000000000011111111111111111111111111000000000000000000000000000000000000000000000111111111111
000000000000000000000000000000000000000000000000000000000000000000000111111111111111111111111100001000000000000000000000000000000000000001111111111111
000000000000000000000000000000000000000000000000000000000000000000000111111111111111111111111100001000000000000000000000000000000000000001111111111111
000000000000000000000000000000000000000000000000000000000000000000000001111111111111111111111100000000000000000000000000000000000000000001111111111111
000000000000000000000000000000000000000000000000000000000000000000000001111111111111111111111100000000000000000000000000000000000000000001111111111111
000000000000000000000000000000000000000000000000000000000000000000000000001111111111111111111111111111111000011110000000000000000000000111111111111111
000000000000000000000000000000000000000000000000000000000000000000000000001111111111111111111111111111111000011110000000000000000000000111111111111111
000000000000000000000000000000000000000000000000000000000000000000000000000111111111111111111111111111111111111111111111111110000000001111111111111111
000000000000000000000000000000000000000000000000000000000000000000000000000111111111111111111111111111111111111111111111111110000000001111111111111111
000000000000000000000000000000000000000000000000000000000000000000000000000000111111111111111111111111111111111111111111111111110000011111111111111111
000000000000000000000000000000000000000000000000000000000000000000000000000000111111111111111111111111111111111111111111111111110000011111111111111111
000000000000000000000000000000000000000000000000000000000000000000000000000000000111111111111111111111111111111111111111111111111000011111111111111111
000000000000000000000000000000000000000000000000000000000000000000000000000000000111111111111111111111111111111111111111111111111000011111111111111111
000000000000000000000000000000000000000000000000000000000000000000000000000000000011111111111111111111111111111111111111111111111001111111111111111111
000000000000000000000000000000000000000000000000000000000000000000000000000000000011111111111111111111111111111111111111111111111001111111111111111111
000000000000000000000000000000000000000000000000000000000000000000000000000000000011111111111111111111111111111111111111111111111011111111111111111111
000000000000000000000000000000000000000000000000000000000000000000000000000000000011111111111111111111111111111111111111111111111011111111111111111111
000000000000000000000000000000000000000000000000000000000000000000000000000000000001111111111111111111111111111111111111111111111111111111111111111111
000000000000000000000000000000000000000000000000000000000000000000000000000000000001111111111111111111111111111111111111111111111111111111111111111111
000000000000000000000000000000000000000000000000000000000000000000000000000000000000111111111111111111111111111111111111111111101111111111111111111111
000000000000000000000000000000000000000000000000000000000000000000000000000000000000111111111111111111111111111111111111111111101111111111111111111111
000000000000000000000000000000000000000000000000000000000000000000000000000000000000001111111111111111111111111111111111111111111111111111111111111111
000000000000000000000000000000000000000000000000000000000000000000000000000000000000001111111111111111111111111111111111111111111111111111111111111111
000000000000000000000000000000000000000000000000000000000000000000000000000000000000000011111111111111111111111111111111111111111111111111111111111111
000000000000000000000000000000000000000000000000000000000000000000000000000000000000000011111111111111111111111111111111111111111111111111111111111111
000000000000000000000000000000000000000000000000000000000000000000000000000000000000000000111111111111111111111111111111111111111111111111111111111111
000000000000000000000000000000000000000000000000000000000000000000000000000000000000000000111111111111111111111111111111111111111111111111111111111111
000000000000000000000000000000000000000000000000000000000000000000000000000000000000000000001111111111111111111111111111110011111111111111111111111111
000000000000000000000000000000000000000000000000000000000000000000000000000000000000000000001111111111111111111111111111110011111111111111111111111111
000000000000000000000000000000000000000000000000000000000000000000000000000000000000000000000111111111111111111111111111101111111111111111111111111111
000000000000000000000000000000000000000000000000000000000000000000000000000000000000000000000111111111111111111111111111101111111111111111111111111111
000000000000000000000000000000000000000000000000000000000000000000000000000000000000000000000001111111111111111111111111111111111111111111111111111111
000000000000000000000000000000000000000000000000000000000000000000000000000000000000000000000001111111111111111111111111111111111111111111111111111111
000000000000000000000000000000000000000000000000000000000000000000000000000000000000000000000000011111111111111111111110011111111111111111111111111111
000000000000000000000000000000000000000000000000000000000000000000000000000000000000000000000000011111111111111111111110011111111111111111111111111111
000000000000000000000000000000000000000000000000000000000000000000000000000000000000000000000000001111111111111111111100010011111111111111111111111111
000000000000000000000000000000000000000000000000000000000000000000000000000000000000000000000000001111111111111111111100010011111111111111111111111111
000000000000000000000000000000000000000000000000000000000000000000000000000000000000000000000000000011111111111111110000000111111111111111111111111111
000000000000000000000000000000000000000000000000000000000000000000000000000000000000000000000000000011111111111111110000000111111111111111111111111111
000000000000000000000000000000000000000000000000000000000000000000000000000000000000000000000000000001111111111111111000001111111111111111111111111111
000000000000000000000000000000000000000000000000000000000000000000000000000000000000000000000000000001111111111111111000001111111111111111111111111111
000000000000000000000000000000000000000000000000000000000000000000000000000000000000000000000000000000011111111011100000011111111111111111111111111111
000000000000000000000000000000000000000000000000000000000000000000000000000000000000000000000000000000011111111011100000011111111111111111111111111111
000000000000000000000000000000000000000000000000000000000000000000000000000000000000000000000000000000000000000000000000011111111111111111111111111111
000000000000000000000000000000000000000000000000000000000000000000000000000000000000000000000000000000000000000000000000011111111111111111111111111111
000000000000000000000000000000000000000000000000000000000000000000000000000000000000000000000000000000000000000000000000111111111111111111111111111111
000000000000000000000000000000000000000000000000000000000000000000000000000000000000000000000000000000000000000000000000111111111111111111111111111111
000000000000000000000000000000000000000000000000000000000000000000000000000000000000000000000000000000000000000000000000111111111111111111111111111111
000000000000000000000000000000000000000000000000000000000000000000000000000000000000000000000000000000000000000000000000111111111111111111111111111111
000000000000000000000000000000000000000000000000000000000000000000000000000000000000000000000000000000000000000000000000111111111111111111111111111111
000000000000000000000000000000000000000000000000000000000000000000000000000000000000000000000000000000000000000000000000111111111111111111111111111111
000000000000000000000000000000000000000000000000000000000000000000000000000000000000000000000000000000000000000000000000000011111111111111111111111111
000000000000000000000000000000000000000000000000000000000000000000000000000000000000000000000000000000000000000000000000000011111111111111111111111111
000000000000000000000000000000000000000000000000000000000000000000000000000000000000000000000000000000000000000000000000000000000011111111110001111111
000000000000000000000000000000000000000000000000000000000000000000000000000000000000000000000000000000000000000000000000000000000011111111110001111111
000000000000000000000000000000000000000000000000000000000000000000000000000000000000000000000000000000000000000000000000000000000000000111000001111111
000000000000000000000000000000000000000000000000000000000000000000000000000000000000000000000000000000000000000000000000000000000000000111000001111111
000000000000000000000000000000000000000000000000000000000000000000000000000000000000000000000000000000000000000000000000000000000000000000000000000000
000000000000000000000000000000000000000000000000000000000000000000000000000000000000000000000000000000000000000000000000000000000000000000000000000000
000000000000000000000000000000000000000000000000000000000000000000000000000000000000000000000000000000000000000000000000000000000000000000000000000000
000000000000000000000000000000000000000000000000000000000000000000000000000000000000000000000000000000000000000000000000000000000000000000000000000000
000000000000000000000000000000000000000000000000000000000000000000000000000000000000000000000000000000000000000000000000000000000000000000000000000000
000000000000000000000000000000000000000000000000000000000000000000000000000000000000000000000000000000000000000000000000000000000000000000000000000000
000000000000000000000000000000000000000000000000000000000000000000000000000000000000000000000000000000000000000000000000000000000000000000000000000000
000000000000000000000000000000000000000000000000000000000000000000000000000000000000000000000000000000000000000000000000000000000000000000000000000000
000000000000000000000000000000000000000000000000000000000000000000000000000000000000000000000000000000000000000000000000000000000000000000000000000000
000000000000000000000000000000000000000000000000000000000000000000000000000000000000000000000000000000000000000000000000000000000000000000000000000000
000000000000000000000000000000000000000000000000000000000000000000000000000000000000000000000000000000000000000000000000000000000000000000000000000000
000000000000000000000000000000000000000000000000000000000000000000000000000000000000000000000000000000000000000000000000000000000000000000000000000000
000000000000000000000000000000000000000000000000000000000000000000000000000000000000000000000000000000000000000000000000000000000000000000000000000000
000000000000000000000000000000000000000000000000000000000000000000000000000000000000000000000000000000000000000000000000000000000000000000000000000000
111111111111111111111111111111111111111111111111111111111111111111111111111111111111111111111111111111111111111111111111111111111111111111111111111111
111111111111111111111111111111111111111111111111111111111111111111111111111111111111111111111111111111111111111111111111111111111111111111111111111111
