000000000000000000000000000000000000000000000000000000000000000000001111100000000000000000000000000000000000000000000000000000000000000000000000000000
000000000000000000000000000000000000000000000000000000000000000000001111100000000000000000000000000000000000000000000000000000000000000000000000000000
000000000000000000000000000000000000000000000000000000000000000000011111100000000000000000000000000000000000000000000000000000000000000000000000000000
000000000000000000000000000000000000000000000000000000000000000000011111100000000000000000000000000000000000000000000000000000000000000000000000000000
000000000000000000000000000000000000000000000000000000000000000000111111100000000000000000000000000000000000000000000000000000000000000000000000000000
000000000000000000000000000000000000000000000000000000000000000000111111100000000000000000000000000000000000000000000000000000000000000000000000000000
000000000000000000000000000000000000000000000000000000000000000000111111110000000000000000000000000000000000000000000000000000000000000000000000000000
000000000000000000000000000000000000000000000000000000000000000000111111110000000000000000000000000000000000000000000000000000000000000000000000000000
000000000000000000000000000000000000000000000000000000000000000000111111110000000000000000000000000000000000000000000000000000000000000000000000000000
000000000000000000000000000000000000000000000000000000000000000000111111110000000000000000000000000000000000000000000000000000000000000000000000000000
000000000000000000000000000000000000000000000000000000000000000001111111110000000000000000000000000000000000000000000000000000000000000000000000000000
000000000000000000000000000000000000000000000000000000000000000001111111110000000000000000000000000000000000000000000000000000000000000000000000000000
000000000000000000000000000000000000000000000000000000000000000001111111110000000000000000000000000000000000000000000000000000000000000000000000000000
000000000000000000000000000000000000000000000000000000000000000001111111110000000000000000000000000000000000000000000000000000000000000000000000000000
000000000000000000000000000000000000000000000000000000000000000001111111110000000000000000000000000000000000000000000000000000000000000000000000000000
000000000000000000000000000000000000000000000000000000000000000001111111110000000000000000000000000000000000000000000000000000000000000000000000000000
000000000000000000000000000000000000000000000000000000000000000011111111110000000000000000000000000000000000000000000000000000000000000000000000000000
000000000000000000000000000000000000000000000000000000000000000011111111110000000000000000000000000000000000000000000000000000000000000000000000000000
000000000000000000000000000000000000000000000000000000000000000011111111110000000000000000000000000000000000000000000000000000000000000000000000000000
000000000000000000000000000000000000000000000000000000000000000011111111110000000000000000000000000000000000000000000000000000000000000000000000000000
000000000000000000000000000000000000000000000000000000000000000011111111110000000000000000000000000000000000000000000000000000000000000000000000000000
000000000000000000000000000000000000000000000000000000000000000011111111110000000000000000000000000000000000000000000000000000000000000000000000000000
000000000000000000000000000000000000000000000000000000000000000011111111110000000000000000000000000000000000000000000000000000000000000000000000000000
000000000000000000000000000000000000000000000000000000000000000011111111110000000000000000000000000000000000000000000000000000000000000000000000000000
000000000000000000000000000000000000000000000000000000000000000011111111111000000000000000000000000000000000000000000000000000000000000000000000000000
000000000000000000000000000000000000000000000000000000000000000011111111111000000000000000000000000000000000000000000000000000000000000000000000000000
000000000000000000000000000000000000000000000000000000000000000111111111111000000000000000000000000000000000000000000000000000000000000000000000000000
000000000000000000000000000000000000000000000000000000000000000111111111111000000000000000000000000000000000000000000000000000000000000000000000000000
000000000000000000000000000000000000000000000000000000000000000111111111111000000000000000000000000000000000000000000000000000000000000000000000000000
000000000000000000000000000000000000000000000000000000000000000111111111111000000000000000000000000000000000000000000000000000000000000000000000000000
000000000000000000000000000000000000000000000000000000000000000111111111111000000000000000000000000000000000000000000000000000000000000000000000000000
000000000000000000000000000000000000000000000000000000000000000111111111111000000000000000000000000000000000000000000000000000000000000000000000000000
000000000000000000000000000000000000000000000000000000000000000111111111111000000000000000000000000000000000000000000000000000000000000000000000000000
000000000000000000000000000000000000000000000000000000000000000111111111111000000000000000000000000000000000000000000000000000000000000000000000000000
000000000000000000000000000000000000000000000000000000000000000111111111111000000000000000000000000000000000000000000000000000000000000000000000000000
000000000000000000000000000000000000000000000000000000000000000111111111111000000000000000000000000000000000000000000000000000000000000000000000000000
000000000000000000000000000000000000000000000000000000000000000111111111111100000000000000000000000000000000000000000000000000000000000000000000000000
000000000000000000000000000000000000000000000000000000000000000111111111111100000000000000000000000000000000000000000000000000000000000000000000000000
000000000000000000000000000000000000000000000000000000000000000111111111111100000000000000000000000000000000000000000000000000000000000000000000000000
000000000000000000000000000000000000000000000000000000000000000111111111111100000000000000000000000000000000000000000000000000000000000000000000000000
000000000000000000000000000000000000000000000000000000000000001111111111111110000000000000000000000000000000000000000000000000000000000000000000000000
000000000000000000000000000000000000000000000000000000000000001111111111111110000000000000000000000000000000000000000000000000000000000000000000000000
000000000000000000000000000000000000000000000000000000000000001111111111111110000000000000000000000000000000000000000000000000000000000000000000000000
000000000000000000000000000000000000000000000000000000000000001111111111111110000000000000000000000000000000000000000000000000000000000000000000000000
000000000000000000000000000000000000000000000000000000000000001111111111111111000000000000000000000000000000000000000000000000000000000000000000000000
000000000000000000000000000000000000000000000000000000000000001111111111111111000000000000000000000000000000000000000000000000000000000000000000000000
000000000000000000000000000000000000000000000100000000000000000111111111111111000010000000000000000000000000000000000000000000000000000000000000000000
000000000000000000000000000000000000000000000100000000000000000111111111111111000010000000000000000000000000000000000000000000000000000000000000000000
000000000000000000000000000000000000000000000110100001100000100111111111111111000011000000000010000000000000000000000000000000000000000000000000000000
000000000000000000000000000000000000000000000110100001100000100111111111111111000011000000000010000000000000000000000000000000000000000000000000000000
000000000000000000000000000000000000000000000111000001110111111111111111111110100111000000000010000000000000000000000000000000000000000000000000000000
000000000000000000000000000000000000000000000111000001110111111111111111111110100111000000000010000000000000000000000000000000000000000000000000000000
000000000000000000000000000000000000000000100011011111111111111111111111111111111111110110001100000000000000000000000000000000000000000000000000000000
000000000000000000000000000000000000000000100011011111111111111111111111111111111111110110001100000000000000000000000000000000000000000000000000000000
000000000000000000000000000000000000000000011111111111111111111111111111111111111111110110011110000000000000000000000000000000000000000000000000000000
000000000000000000000000000000000000000000011111111111111111111111111111111111111111110110011110000000000000000000000000000000000000000000000000000000
000000000000000000000000000000000000000000001111111111111111111111111111111111111111111111111110000000000000000000000000000000000000000000000000000000
000000000000000000000000000000000000000000001111111111111111111111111111111111111111111111111110000000000000000000000000000000000000000000000000000000
000000000000000000000000000000000000000000011111111111111111111111111111111111111111111111111111111100000000000000000000000000000000000000000000000000
000000000000000000000000000000000000000000011111111111111111111111111111111111111111111111111111111100000000000000000000000000000000000000000000000000
000000000000000000000000000000000000001111111111111111111111111111111111111111111111111111111111111111100000000000000000000000000000000000000000000000
000000000000000000000000000000000000001111111111111111111111111111111111111111111111111111111111111111100000000000000000000000000000000000000000000000
000000000000000000000000000000000111111111111111111111111111111111111111111111111111111111111111111111111100000000000000000000000000000000000000000000
000000000000000000000000000000000111111111111111111111111111111111111111111111111111111111111111111111111100000000000000000000000000000000000000000000
111111111111111111111111111111111111111111111111111111111111111111111111111111111111111111111111111111111111111111111111111111111111111111111111111111
111111111111111111111111111111111111111111111111111111111111111111111111111111111111111111111111111111111111111111111111111111111111111111111111111111
111111111111111111111111111111111111111111111111111111111111111111111111111111111111111111111111111111111111111111111111111111111111111111111111111111
111111111111111111111111111111111111111111111111111111111111111111111111111111111111111111111111111111111111111111111111111111111111111111111111111111
111111111111111111111111111111111111111111111111111111111111111111111111111101111111111111111111111111111111111111111111111111111111111111111111111111
111111111111111111111111111111111111111111111111111111111111111111111111111101111111111111111111111111111111111111111111111111111111111111111111111111
111111111111111111111111111111111111111111111111111111111111111111110010111111111111111111111111111111111111111111111111111111111111111111111111111111
111111111111111111111111111111111111111111111111111111111111111111110010111111111111111111111111111111111111111111111111111111111111111111111111111111
111111111111111111111111111111111111111111111111111111111111111111000000011111111111111111111111111111111111111111111111111111111111111111111111111111
111111111111111111111111111111111111111111111111111111111111111111000000011111111111111111111111111111111111111111111111111111111111111111111111111111
111111111111111111111111111111111111111111111111111111111111111110000000111111111111111111111111111111111111111111111111111111111111111111111111111111
111111111111111111111111111111111111111111111111111111111111111110000000111111111111111111111111111111111111111111111111111111111111111111111111111111
111111111111111111111111111111111111111111111111111111111111111100000000111111111111111111111111111111111111111111111111111111111111111111111111111111
111111111111111111111111111111111111111111111111111111111111111100000000111111111111111111111111111111111111111111111111111111111111111111111111111111
111111111111111111111111111111111111111111111111111111111111111100000011111111111111111111111111111111111111111111111111111111111111111111111111111111
111111111111111111111111111111111111111111111111111111111111111100000011111111111111111111111111111111111111111111111111111111111111111111111111111111
111111111111111111111111111111111111111111111111111111111111111000000001111111111111111111111111111111111111111111111111111111111111111111111111111111
111111111111111111111111111111111111111111111111111111111111111000000001111111111111111111111111111111111111111111111111111111111111111111111111111111
111111111111111111111111111111111111111111111111111111111111111110000001111111111111111111111111111111111111111111111111111111111111111111111111111111
111111111111111111111111111111111111111111111111111111111111111110000001111111111111111111111111111111111111111111111111111111111111111111111111111111
111111111111111111111111111111111111111111111111111111111111111111000000111111111111111111111111111111111111111111111111111111111111111111111111111111
111111111111111111111111111111111111111111111111111111111111111111000000111111111111111111111111111111111111111111111111111111111111111111111111111111
111111111111111111111111111111111111111111111111111111111111111111000000111111111111111111111111111111111111111111111111111111111111111111111111111111
111111111111111111111111111111111111111111111111111111111111111111000000111111111111111111111111111111111111111111111111111111111111111111111111111111
111111111111111111111111111111111111111111111111111111111111111111100000111111111111111111111111111111111111111111111111111111111111111111111111111111
111111111111111111111111111111111111111111111111111111111111111111100000111111111111111111111111111111111111111111111111111111111111111111111111111111
111111111111111111111111111111111111111111111111111111111111000000000000111111111111111111111111111111111111111111111111111111111111111111111111111111
111111111111111111111111111111111111111111111111111111111111000000000000111111111111111111111111111111111111111111111111111111111111111111111111111111
111111111111111111111111111111111111111111111111111111111111000000000000000010000011111111111111111111111111111111111111111111111111111111111111111111
111111111111111111111111111111111111111111111111111111111111000000000000000010000011111111111111111111111111111111111111111111111111111111111111111111
111111111111111111111111111111111111111111111111111111111110000000000000000000000000111111111111111111111111111111111111111111111111111111111111111111
111111111111111111111111111111111111111111111111111111111110000000000000000000000000111111111111111111111111111111111111111111111111111111111111111111
111111111111111111111111111111111111111111111111111111111110000000000000000000000000011111111111111111111111111111111111111111111111111111111111111111
111111111111111111111111111111111111111111111111111111111110000000000000000000000000011111111111111111111111111111111111111111111111111111111111111111
111111111111111111111111111111111111111111111111111111111110000000000000000000000000111111111111111111111111111111111111111111111111111111111111111111
111111111111111111111111111111111111111111111111111111111110000000000000000000000000111111111111111111111111111111111111111111111111111111111111111111
111111111111111111111111111111111111111111111111111111111110000000000000000000000000011111111111111111111111111111111111111111111111111111111111111111
111111111111111111111111111111111111111111111111111111111110000000000000000000000000011111111111111111111111111111111111111111111111111111111111111111
111111111111111111111111111111111111111111111111111111111111000000000000000000000001111111111111111111111111111111111111111111111111111111111111111111
111111111111111111111111111111111111111111111111111111111111000000000000000000000001111111111111111111111111111111111111111111111111111111111111111111
111111111111111111111111111111111111111111111111111111111111100000000000000000000111111111111111111111111111111111111111111111111111111111111111111111
111111111111111111111111111111111111111111111111111111111111100000000000000000000111111111111111111111111111111111111111111111111111111111111111111111
111111111111111111111111111111111111111111111111111111111111110000000000000000001111111111111111111111111111111111111111111111111111111111111111111111
111111111111111111111111111111111111111111111111111111111111110000000000000000001111111111111111111111111111111111111111111111111111111111111111111111
111111111111111111111111111111111111111111111111111111111111110000000000000000111111111111111111111111111111111111111111111111111111111111111111111111
111111111111111111111111111111111111111111111111111111111111110000000000000000111111111111111111111111111111111111111111111111111111111111111111111111
111111111111111111111111111111111111111111111111111111111111110000000000000000111111111111111111111111111111111111111111111111111111111111111111111111
111111111111111111111111111111111111111111111111111111111111110000000000000000111111111111111111111111111111111111111111111111111111111111111111111111
111111111111111111111111111111111111111111111111111111111111110000000000000001111111111111111111111111111111111111111111111111111111111111111111111111
111111111111111111111111111111111111111111111111111111111111110000000000000001111111111111111111111111111111111111111111111111111111111111111111111111
111111111111111111111111111111111111111111111111111111111111111111111111111111111111111111111111111111111111111111111111111111111111111111111111111111
111111111111111111111111111111111111111111111111111111111111111111111111111111111111111111111111111111111111111111111111111111111111111111111111111111
