111111111111111111110111111111111111111111111111111111111111111111111111111111111111111111111111111111111111111111111111111111111111111111111111111111
111111111111111111110111111111111111111111111111111111111111111111111111111111111111111111111111111111111111111111111111111111111111111111111111111111
111111111111111111111111111111111111111111111111111111111111111111111111111111111111111111111111111111111111111111111111111111111111111111111111111111
111111111111111111111111111111111111111111111111111111111111111111111111111111111111111111111111111111111111111111111111111111111111111111111111111111
111111111111111111111111111111111111111111111111111111111111111111111111111111111111110011111111111111111111111111111111111111111111111111111111111111
111111111111111111111111111111111111111111111111111111111111111111111111111111111111110011111111111111111111111111111111111111111111111111111111111111
111100011111111001111111111111111111110111111111111111111111111111111111111111110111110011111111111111111111111110011111111111111111111111111111111111
111100011111111001111111111111111111110111111111111111111111111111111111111111110111110011111111111111111111111110011111111111111111111111111111111111
111111111111100110111111111111111111111111111111111111111111111111111111000111111111111111111111111111111111111110111111111111111111111111111111111111
111111111111100110111111111111111111111111111111111111111111111111111111000111111111111111111111111111111111111110111111111111111111111111111111111111
111111111111111111111111111111111110001111111111111111111111111111111111100111111111111111111111111111111111111111111100111111111111111111111111111111
111111111111111111111111111111111110001111111111111111111111111111111111100111111111111111111111111111111111111111111100111111111111111111111111111111
111111111111111111111111111111111111111111111111111111111111111111111111111001111111111111111111111111111111111111110011111111111111111111111111111111
111111111111111111111111111111111111111111111111111111111111111111111111111001111111111111111111111111111111111111110011111111111111111111111111111111
111111111111111111111111111000111111111111111111111111111111111111111111111111111111111111111111111111111111111111111111111111111111111111111111111111
111111111111111111111111111000111111111111111111111111111111111111111111111111111111111111111111111111111111111111111111111111111111111111111111111111
111111111111111111111111111111111111111111111111111111111111111111111111111111111111111111111111111111111111111111111111111111111111111111111111111111
111111111111111111111111111111111111111111111111111111111111111111111111111111111111111111111111111111111111111111111111111111111111111111111111111111
111111111111111111111111111111111111111111111111111111111111111111111111111111111111111111111111111111111111101111111111111111111111111111111111111111
111111111111111111111111111111111111111111111111111111111111111111111111111111111111111111111111111111111111101111111111111111111111111111111111111111
111111111111111111111111111111111111111111111111111111111111111111111111111111111111111111111111111111001111101111111111111111111111111111111111111111
111111111111111111111111111111111111111111111111111111111111111111111111111111111111111111111111111111001111101111111111111111111111111111111111111111
111111111111111111111111111111111111111111111111111111111111111111111111111111111111111111111111111111111111111111111111111111111111111111111111111111
111111111111111111111111111111111111111111111111111111111111111111111111111111111111111111111111111111111111111111111111111111111111111111111111111111
111111111111111111111111111111111111111111111111111111111111111111111111111111111111111111111111110101111111111110011111111111111111111111111111111111
111111111111111111111111111111111111111111111111111111111111111111111111111111111111111111111111110101111111111110011111111111111111111111111111111111
111111111111111111111111111111001111111111111111111111111111111111111111111111111111111111111111110111111111111100111111111111111111111111111111111111
111111111111111111111111111111001111111111111111111111111111111111111111111111111111111111111111110111111111111100111111111111111111111111111111111111
111111111111111111111111111111111111111111111111111111111111111111111111101111111111111111111111111111111111111111111111111111111111111111111111111111
111111111111111111111111111111111111111111111111111111111111111111111111101111111111111111111111111111111111111111111111111111111111111111111111111111
111111111111111111111111111111111111111111111111111111111111100111111111111111111111111111111110111111111111111111111111111111111111111111111111111111
111111111111111111111111111111111111111111111111111111111111100111111111111111111111111111111110111111111111111111111111111111111111111111111111111111
111111111111111111111111111111111111111111111111111111111110111111111111111111111111111111111110111111111111111111111111111111111111111111111111111111
111111111111111111111111111111111111111111111111111111111110111111111111111111111111111111111110111111111111111111111111111111111111111111111111111111
111111111111111111111111111111111111111111111111111111111110011111001111111111111111111111111111111111111111111111111111111111111111111111111111111111
111111111111111111111111111111111111111111111111111111111110011111001111111111111111111111111111111111111111111111111111111111111111111111111111111111
111111111111111111111000111111111111111111111111111111111111111111000111111111111111111111111111111111100001111111111111001111111111111111111111111111
111111111111111111111000111111111111111111111111111111111111111111000111111111111111111111111111111111100001111111111111001111111111111111111111111111
111111111111111111111111111111111111111111111111111111111111111111111111111111111110011111111111111111111111111111111111111111111111111111111111111111
111111111111111111111111111111111111111111111111111111111111111111111111111111111110011111111111111111111111111111111111111111111111111111111111111111
111111111111111111111111111111111001111111111111111111111111110111111111111111111101111111111111111111111111111110111111111111111111111111111111111111
111111111111111111111111111111111001111111111111111111111111110111111111111111111101111111111111111111111111111110111111111111111111111111111111111111
111111111111111111111111111111111111111111111111111111111111111111111111111111111101111111111111111111111111111111111111111111111111111111111111111111
111111111111111111111111111111111111111111111111111111111111111111111111111111111101111111111111111111111111111111111111111111111111111111111111111111
111111111111111111111111111111111111111000111111111111111111111111111111111111111111111111111111111111111111111111111111111111111111111111111111111111
111111111111111111111111111111111111111000111111111111111111111111111111111111111111111111111111111111111111111111111111111111111111111111111111111111
111111111111111111111111111111111111111110011111111111111111111111111111111101111111111111111111111111111111111111111111111111111111111111111111111111
111111111111111111111111111111111111111110011111111111111111111111111111111101111111111111111111111111111111111111111111111111111111111111111111111111
111111111111111111111111111111111111111111111111111111111111111111111100111111111111111111111111111111111111111111111111111111111111111111111111111111
111111111111111111111111111111111111111111111111111111111111111111111100111111111111111111111111111111111111111111111111111111111111111111111111111111
111111111111111111111111111111111111111111111111111111111111111111111110111111111111111111001110111111111111111111111111111111111111111111111111111111
111111111111111111111111111111111111111111111111111111111111111111111110111111111111111111001110111111111111111111111111111111111111111111111111111111
111111111111111111111111111111111111111111111111111111111111111111111111111111111111111111110111111111111111111111111111111111111111111111111111111111
111111111111111111111111111111111111111111111111111111111111111111111111111111111111111111110111111111111111111111111111111111111111111111111111111111
111111111111111111111111111001111111111111111111111111111111111111111111001111111111111111111111111111111111111111111111111111111111111111111111111111
111111111111111111111111111001111111111111111111111111111111111111111111001111111111111111111111111111111111111111111111111111111111111111111111111111
111111111111111111111111111111111111111111111111111111111111111111111111111111111111111111111111111111111111111111111111111111111111111111111111111111
111111111111111111111111111111111111111111111111111111111111111111111111111111111111111111111111111111111111111111111111111111111111111111111111111111
111111111111111111111111111111111111111111111111111111111111111111111111111111111110011111111111111111111111111111111111111111111111111111111111111111
111111111111111111111111111111111111111111111111111111111111111111111111111111111110011111111111111111111111111111111111111111111111111111111111111111
111111111111111111111111111111111111111111111111111111111111111111111111111111111111001111111111111111111111100011111111111111111111111111111111111111
111111111111111111111111111111111111111111111111111111111111111111111111111111111111001111111111111111111111100011111111111111111111111111111111111111
111111111111111111111111111111111111111111111111111111111111111111111111111111111111110111111111111111111111110111111111111111111111111111111111111111
111111111111111111111111111111111111111111111111111111111111111111111111111111111111110111111111111111111111110111111111111111111111111111111111111111
111111111111111111111111111111111111111111111111110011111111111111111111111111111111111110111111111111110011111111111111111111111111111111111111111111
111111111111111111111111111111111111111111111111110011111111111111111111111111111111111110111111111111110011111111111111111111111111111111111111111111
111111111111111111111111111111111111111111111111111111111111111111111111001111111111111111111111111111001111111111111110111111111111111111111111111111
111111111111111111111111111111111111111111111111111111111111111111111111001111111111111111111111111111001111111111111110111111111111111111111111111111
111111111111111111111111111111111111111111111111111111111111111111111111111111111111111111111111111111111111111111111111111111111111111111111111111111
111111111111111111111111111111111111111111111111111111111111111111111111111111111111111111111111111111111111111111111111111111111111111111111111111111
111111111111111111111111111111111111111111111111111111111111111111111111111111111111111111111111111111111111111111111111111111111111111111111111111111
111111111111111111111111111111111111111111111111111111111111111111111111111111111111111111111111111111111111111111111111111111111111111111111111111111
111111111111111111111111111111111111111111111111111111111111111111111111001110011111111111111111111111111111111111111111111111111111111111111111111111
111111111111111111111111111111111111111111111111111111111111111111111111001110011111111111111111111111111111111111111111111111111111111111111111111111
111111111111111111111111111111111111111111111111111111111111111111111111100111111010011111111111110011111111111111111111111111111111111111111111111111
111111111111111111111111111111111111111111111111111111111111111111111111100111111010011111111111110011111111111111111111111111111111111111111111111111
111111111111111111111111111111111111111111111111111111111111001111111111111111111111111111111111110111111111111111111111111111111111111111111111111111
111111111111111111111111111111111111111111111111111111111111001111111111111111111111111111111111110111111111111111111111111111111111111111111111111111
111111111111111111111111111111111111111111111111111111111111111111111111111111111111111111111111111111111111111111111111111111111111111111111111111111
111111111111111111111111111111111111111111111111111111111111111111111111111111111111111111111111111111111111111111111111111111111111111111111111111111
111111111111111111111111111111111111111111111111111111111111111111111100111111111111111111111111111111111111111111111111111111111111111111111111111111
111111111111111111111111111111111111111111111111111111111111111111111100111111111111111111111111111111111111111111111111111111111111111111111111111111
111111111111111111111111111111111111111111111111111111111111111111111111111111111111111111111111111111111111111111111111111111111111111111111111111111
111111111111111111111111111111111111111111111111111111111111111111111111111111111111111111111111111111111111111111111111111111111111111111111111111111
111111111111111111111111111111111111111111111111111111111111111111111111111111111111111111100111111111111111100111111111111111111111111111111111111111
111111111111111111111111111111111111111111111111111111111111111111111111111111111111111111100111111111111111100111111111111111111111111111111111111111
111111111111111111111111111111111111111111111111111111111111111111111111111111111100111111111101111111111111011111100111111111111111111111111111111111
111111111111111111111111111111111111111111111111111111111111111111111111111111111100111111111101111111111111011111100111111111111111111111111111111111
111111111111111111111111111111111111111111111111111111111111111111111111111111111111111111111111111111111111111111111111111011111111111111111111111111
111111111111111111111111111111111111111111111111111111111111111111111111111111111111111111111111111111111111111111111111111011111111111111111111111111
111111111111111111111111111111111111111111111111111111111111111111111111111111111111111111111111111111110011001111111111111111111111111111111111111111
111111111111111111111111111111111111111111111111111111111111111111111111111111111111111111111111111111110011001111111111111111111111111111111111111111
111111111111111111111111111111111111111111111111111111111111111111111111110001111111111111111000111111111110111111111111111111111111111111111111111111
111111111111111111111111111111111111111111111111111111111111111111111111110001111111111111111000111111111110111111111111111111111111111111111111111111
111111111111111111111111111111111111111111111111111111111111111111111111111011111111111111111111111111111111111111111111111111111111111111111111111111
111111111111111111111111111111111111111111111111111111111111111111111111111011111111111111111111111111111111111111111111111111111111111111111111111111
111111111111111111111111111111111111111111111111111111111111111111111111111111111111111111111111111111111111111111111111111111111111111111111111111111
111111111111111111111111111111111111111111111111111111111111111111111111111111111111111111111111111111111111111111111111111111111111111111111111111111
111111111111111111111111111111111111111111111111111111111111111111111111111111111111111111111110111111111111100111111111111111111111111111111111111111
111111111111111111111111111111111111111111111111111111111111111111111111111111111111111111111110111111111111100111111111111111111111111111111111111111
111111111111111111111111111111111111111111111111111111111111111111111111111111111111111111111111111111111111111111111111111111111111111111111111111111
111111111111111111111111111111111111111111111111111111111111111111111111111111111111111111111111111111111111111111111111111111111111111111111111111111
111111111111111111111111111111111111111111111111111111111111111111111111111111111111111001111111111111111111111111111111111111111011111111111111111111
111111111111111111111111111111111111111111111111111111111111111111111111111111111111111001111111111111111111111111111111111111111011111111111111111111
111111111111111111111111111111111111111111111111111111111111111111111111111111111111111111111111111111111111111111111111111111111111111111111111111111
111111111111111111111111111111111111111111111111111111111111111111111111111111111111111111111111111111111111111111111111111111111111111111111111111111
111111111111111111111111111111111111111111111111111111111111111111111111111111111111111111111111111111111111111111111111111101111111111111111111111111
111111111111111111111111111111111111111111111111111111111111111111111111111111111111111111111111111111111111111111111111111101111111111111111111111111
111111111111111111111111111111111111111111111111111111111111111111111111001111111111111111111111111111111111111111111111111111111111111111111111111111
111111111111111111111111111111111111111111111111111111111111111111111111001111111111111111111111111111111111111111111111111111111111111111111111111111
111111111111111111111111111111111111111111111111111111111111111111111111111111111111111111111111111111111111111111111111111111111111111111111111111111
111111111111111111111111111111111111111111111111111111111111111111111111111111111111111111111111111111111111111111111111111111111111111111111111111111
111111111111111111111111111111111111111111111111111111111111111111111111111111111111111111111111111111111111111111111100111111111111111111111111111111
111111111111111111111111111111111111111111111111111111111111111111111111111111111111111111111111111111111111111111111100111111111111111111111111111111
111111111111111111111111111111111111111111111111111111111111111111111111111111111111111111111111111111111111111111111111111111111111111111111111111111
111111111111111111111111111111111111111111111111111111111111111111111111111111111111111111111111111111111111111111111111111111111111111111111111111111
