111111111111111111111001111111111111111111111111111111111111111111111111110001111111111111111111111111111111111111111111111111111111111111111111111111
111111111111111111111001111111111111111111111111111111111111111111111111110001111111111111111111111111111111111111111111111111111111111111111111111111
111111111111111111111111111111111111111111111111111111111111111111111111111111111111111111111111111111111111111111111111111111111111111111111111111111
111111111111111111111111111111111111111111111111111111111111111111111111111111111111111111111111111111111111111111111111111111111111111111111111111111
111111111111111111111111111111111111111111111111111111111111111111111111111111111111111111111111111111111111111111111111111111111111111111111111111111
111111111111111111111111111111111111111111111111111111111111111111111111111111111111111111111111111111111111111111111111111111111111111111111111111111
111111111111111111111111111111111111111111111111111111111111111111111111111111111111111111111111111111111111111111111111111111111111111111111111111111
111111111111111111111111111111111111111111111111111111111111111111111111111111111111111111111111111111111111111111111111111111111111111111111111111111
111111111111111111111111111111111111111110011111111111111111111111111111111111111110111111111111111111111111111111111111111111111111111111111111111111
111111111111111111111111111111111111111110011111111111111111111111111111111111111110111111111111111111111111111111111111111111111111111111111111111111
111111111111111111111111111111111111111111111111111011111111111111111111111111111111111111111111111111111111111111111111111111111111111111111111111111
111111111111111111111111111111111111111111111111111011111111111111111111111111111111111111111111111111111111111111111111111111111111111111111111111111
111111111111111111111111111111111111111111111111110111111111111111111111111111111111111111111111111111111111111111111111111111111111111111111111111111
111111111111111111111111111111111111111111111111110111111111111111111111111111111111111111111111111111111111111111111111111111111111111111111111111111
111111111111111111111111111111111111111111111111111111111111111111111111111111111111111111111111111111111111111111111111111111111111111111111111111111
111111111111111111111111111111111111111111111111111111111111111111111111111111111111111111111111111111111111111111111111111111111111111111111111111111
111111111111111111111111111111111111111111111111111111111111111111111111111111111111111111111111111111111101111111111111111111111111111111111111111111
111111111111111111111111111111111111111111111111111111111111111111111111111111111111111111111111111111111101111111111111111111111111111111111111111111
111111111111111111111111111111111111111111111111111111111111111111111111111111111111111111111111111111111111111111111111111111111111111111111111111111
111111111111111111111111111111111111111111111111111111111111111111111111111111111111111111111111111111111111111111111111111111111111111111111111111111
111111111111111111111111111000011111111111111111111111111111111111111111110000111111111111111111111111111111111111111111111111111111111111111111111111
111111111111111111111111111000011111111111111111111111111111111111111111110000111111111111111111111111111111111111111111111111111111111111111111111111
111111111111111111111111111111111111111111111111111111111111111111111111111111111111111111111111111100111111111111111111111111111111111111111111111111
111111111111111111111111111111111111111111111111111111111111111111111111111111111111111111111111111100111111111111111111111111111111111111111111111111
111111111111111111111111111111111111111111111111111111111111111111111111111111111111111111111111111111111111111111111111111111111111111111111111111111
111111111111111111111111111111111111111111111111111111111111111111111111111111111111111111111111111111111111111111111111111111111111111111111111111111
111111111111111111111111111111111111111111111111111111111111111111111111111111111111111111111111111111111111111111111111111111111111111111111111111111
111111111111111111111111111111111111111111111111111111111111111111111111111111111111111111111111111111111111111111111111111111111111111111111111111111
111111111111111111111111111111111111111111111111111111111111111111111111111111111111111111111111111111111111111111111111111111111111111111111111111111
111111111111111111111111111111111111111111111111111111111111111111111111111111111111111111111111111111111111111111111111111111111111111111111111111111
111111111111111111111111111011111111111111111111111111111111111111111111111111111111111111111111111111111111111111111111111111111111111111111111111111
111111111111111111111111111011111111111111111111111111111111111111111111111111111111111111111111111111111111111111111111111111111111111111111111111111
101111111111111111111111111011111111111111111111111111111111110000000011111111111111111111111111111111111111111111111111111111111111111111111111111111
101111111111111111111111111011111111111111111111111111111111110000000011111111111111111111111111111111111111111111111111111111111111111111111111111111
111011111111111111111111111111111111111111111111111111111111000000000111111111111111111111111111111111111111111111111111111111111111111111111111111111
111011111111111111111111111111111111111111111111111111111111000000000111111111111111111111111111111111111111111111111111111111111111111111111111111111
111111111111111111111111111111111111110111111111111111111111000000011111111111111111111111111111111111111111111111111111111111111111111111111111111111
111111111111111111111111111111111111110111111111111111111111000000011111111111111111111111111111111111111111111111111111111111111111111111111111111111
111111111111111111111111111111111111111111111111111111111111111111111111111111111110011111111111111111111111111111111111110111111111111111111111111111
111111111111111111111111111111111111111111111111111111111111111111111111111111111110011111111111111111111111111111111111110111111111111111111111111111
111111111111111111111111111111111111111111111111111111111111111111111111111111111110011111111111111111111111111111111111111111111111111111111111111111
111111111111111111111111111111111111111111111111111111111111111111111111111111111110011111111111111111111111111111111111111111111111111111111111111111
111111111111111111111111111111111111111111111111111111111111111111111111111110011111111111111111111111111111111111111111111111111111111111111111111111
111111111111111111111111111111111111111111111111111111111111111111111111111110011111111111111111111111111111111111111111111111111111111111111111111111
111111111111111111111111111111111111111111111111111111111111111110001111111001111111111111111111111111111111111111111111111111111111111111111111111111
111111111111111111111111111111111111111111111111111111111111111110001111111001111111111111111111111111111111111111111111111111111111111111111111111111
111111111111111111111111111111111111111111111111111111111111111110011111111111111111111001111111111111111111111111111111111111111111111111111111111110
111111111111111111111111111111111111111111111111111111111111111110011111111111111111111001111111111111111111111111111111111111111111111111111111111110
111111111111111111111111111111111111111111111111111111111111111111111111111111111111111011111111100001111111111111111111111111111111111111001111111111
111111111111111111111111111111111111111111111111111111111111111111111111111111111111111011111111100001111111111111111111111111111111111111001111111111
111111111111111111111111111111111111111111111111111111111111111111111111111111111111111111111111110000011111111111111111111111111111111110111111111111
111111111111111111111111111111111111111111111111111111111111111111111111111111111111111111111111110000011111111111111111111111111111111110111111111111
111111111111111111111111111111111111111111111111111111111111111111111111111111111111111111111111111000111111111111111111111111111111111111111111111111
111111111111111111111111111111111111111111111111111111111111111111111111111111111111111111111111111000111111111111111111111111111111111111111111111111
111111111111111111111111111111111111111111111111111111111111111111111111111111111111111111111111111111111111111111111111111111111111111111111111111111
111111111111111111111111111111111111111111111111111111111111111111111111111111111111111111111111111111111111111111111111111111111111111111111111111111
111111111111111111111111111111111111111111111111111111111111111111111111111111111111111111111111111011111111111111111111111111111111111111111111111111
111111111111111111111111111111111111111111111111111111111111111111111111111111111111111111111111111011111111111111111111111111111111111111111111111111
111111111111111111111111111111111111111111011111111111111111111111111111111111111111111111111111111111111111111111111111111111111111111111111111111111
111111111111111111111111111111111111111111011111111111111111111111111111111111111111111111111111111111111111111111111111111111111111111111111111111111
011111111111111111111111111111111111111101111111111111111111111111111111111111111111111111111111111111111111111111111111111111011111111111111111111111
011111111111111111111111111111111111111101111111111111111111111111111111111111111111111111111111111111111111111111111111111111011111111111111111111111
011111111111111111111111111111111111111111111111111100001111111111111111111111111111111111101111111111111111111111100000111110011111111111111111111111
011111111111111111111111111111111111111111111111111100001111111111111111111111111111111111101111111111111111111111100000111110011111111111111111111111
111111111111111111111111111111111111111111111111111111111111111111111111111111111111111111111111111111111111111111111111111110011111111111111111111111
111111111111111111111111111111111111111111111111111111111111111111111111111111111111111111111111111111111111111111111111111110011111111111111111111111
110011111111111111111111111111111111111111110000111111111111111111111111111111111111111111111111111111111111111111111111111110111111111111111111111111
110011111111111111111111111111111111111111110000111111111111111111111111111111111111111111111111111111111111111111111111111110111111111111111111111111
111111111111111111111111111111111111111111000000111111111111111111111111110111111111111111111111111111111111111111111110001111111111111111111001111100
111111111111111111111111111111111111111111000000111111111111111111111111110111111111111111111111111111111111111111111110001111111111111111111001111100
111111111111111111111111111111111111111111111111111111111111111111111111111111111111111111111111111111111111111111111111111111111111111111111001111000
111111111111111111111111111111111111111111111111111111111111111111111111111111111111111111111111111111111111111111111111111111111111111111111001111000
111111111111111111111111111111111111111111111111111001111111111111111111111111111111111111111111111111111111111111111111111111111111111111111111111111
111111111111111111111111111111111111111111111111111001111111111111111111111111111111111111111111111111111111111111111111111111111111111111111111111111
111111111111111111111111111100011111111111111111100000110011111111001111111111111111111111111111111111111111100011111111111100111111111111111111111111
111111111111111111111111111100011111111111111111100000110011111111001111111111111111111111111111111111111111100011111111111100111111111111111111111111
111111111111111111111111111111111111111111111111110001110011111111111111111111111111111111111111111111111111111111111111111100011111111111111111111111
111111111111111111111111111111111111111111111111110001110011111111111111111111111111111111111111111111111111111111111111111100011111111111111111111111
111111111111111111111111111111111111111111111111111101111111111111111111111111111111111111111111111111111111111111111111111111111111111111111111111111
111111111111111111111111111111111111111111111111111101111111111111111111111111111111111111111111111111111111111111111111111111111111111111111111111111
111111111111111111111111111111111111111111111111111111111111111111111111111111111111111111111111111111111111111111111111111111111111111111111111111111
111111111111111111111111111111111111111111111111111111111111111111111111111111111111111111111111111111111111111111111111111111111111111111111111111111
111111111111111111111111111111111111111111111111111111111111111111111111111111111111111111111100111111111111111111111111111111111111111111111111111111
111111111111111111111111111111111111111111111111111111111111111111111111111111111111111111111100111111111111111111111111111111111111111111111111111111
111000001111111111111111111111111111111111111111111111111111111111111111111111111111111111111000111111111111111111111111111111111111111111111111111111
111000001111111111111111111111111111111111111111111111111111111111111111111111111111111111111000111111111111111111111111111111111111111111111111111111
111111111111111111111111111111111111111111111111111111111111111111111111111111111111111111111111111111111111111111111111111111111111111111111111111111
111111111111111111111111111111111111111111111111111111111111111111111111111111111111111111111111111111111111111111111111111111111111111111111111111111
111111111111111111111111111111111111111111111111111111111110111111111111111111111111111111100111001111111111111100111111111111111111111111111111111111
111111111111111111111111111111111111111111111111111111111110111111111111111111111111111111100111001111111111111100111111111111111111111111111111111111
111111111111111111111111111111111111111111111111111111111111011111111111111111111111111111101111001111111111111111111111111111111111111111111111111111
111111111111111111111111111111111111111111111111111111111111011111111111111111111111111111101111001111111111111111111111111111111111111111111111111111
111111111111111111111111111111111111111111111111111111111111111111111111111111111111111111111111111111111111111111111111111111111111111111111111111111
111111111111111111111111111111111111111111111111111111111111111111111111111111111111111111111111111111111111111111111111111111111111111111111111111111
111111111111111111111011111111111111111111111111111111111111111111111111111111111111111111111111111111111111111111111111111111111111111111111111100111
111111111111111111111011111111111111111111111111111111111111111111111111111111111111111111111111111111111111111111111111111111111111111111111111100111
111111111111111111111101111111111111111111111111111111111111111111111111111111111111110111111111111111111111111111111111111111111111111111111111110011
111111111111111111111101111111111111111111111111111111111111111111111111111111111111110111111111111111111111111111111111111111111111111111111111110011
111111111111111111111111111111111111111111111111111111111111111111111111111111111111111111111111111111111111111111111111111111111111111111111111111101
111111111111111111111111111111111111111111111111111111111111111111111111111111111111111111111111111111111111111111111111111111111111111111111111111101
111111111111111111111111111111111111111111111111111111111111111111111111111111111111111111111111111111111111111111111111111111111111111111111111111111
111111111111111111111111111111111111111111111111111111111111111111111111111111111111111111111111111111111111111111111111111111111111111111111111111111
111111111111111111111111111111111111111111111111111111111111111111111111111111111111111111100011111111111111111111111111111111111111111111111111111111
111111111111111111111111111111111111111111111111111111111111111111111111111111111111111111100011111111111111111111111111111111111111111111111111111111
111111111111000011111111111111111111111111111111111111111111111111111111111111111111111111111111111111111111111111111111111111111111111111111111111111
111111111111000011111111111111111111111111111111111111111111111111111111111111111111111111111111111111111111111111111111111111111111111111111111111111
111111111111111111111111111111111111111111111111111111111111111111111111111111111111111111111111111111111111111111111111111111111111111111111111111111
111111111111111111111111111111111111111111111111111111111111111111111111111111111111111111111111111111111111111111111111111111111111111111111111111111
111111111111111111111111111111111111111111111111111111111111111111111111111111111111111011111111111111111111111111111111111111111111111111111111111111
111111111111111111111111111111111111111111111111111111111111111111111111111111111111111011111111111111111111111111111111111111111111111111111111111111
111111111111111111111111111111111111111111111111111111111111111111111111111111111111111001111111111111111111111111111111111111111111111111111111111111
111111111111111111111111111111111111111111111111111111111111111111111111111111111111111001111111111111111111111111111111111111111111111111111111111111
111111111111111111111111111111111111111111111111111111111111111111111111111111111111111111111111111111111111111111111111111111111111111111111111111111
111111111111111111111111111111111111111111111111111111111111111111111111111111111111111111111111111111111111111111111111111111111111111111111111111111
111111111111111111111111111111111111111111111111111111111111111111111111111111111111111111111111111111111111111111111111111111111111111111111111111111
111111111111111111111111111111111111111111111111111111111111111111111111111111111111111111111111111111111111111111111111111111111111111111111111111111
