111111111111111111111111111111111111111111111111111111111111111111111111111111111111111111111111111111111111111111111111111111111111111111111111111111
111111111111111111111111111111111111111111111111111111111111111111111111111111111111111111111111111111111111111111111111111111111111111111111111111111
111111111111111111111111111111111111111111111111111111111111111111111111111001111111111111111111111111111111111111111111111111111111111111111111111111
111111111111111111111111111111111111111111111111111111111111111111111111111001111111111111111111111111111111111111111111111111111111111111111111111111
111111111111111111111111111111111111111111111111111111111111111111111111111000111111111111111111111111111111111111111111111111111111111111111111111111
111111111111111111111111111111111111111111111111111111111111111111111111111000111111111111111111111111111111111111111111111111111111111111111111111111
111111111111111111111111111111111111111111111111111111111111111111111111111111111111111111111111111111111111111111111111111111111111111111111111111111
111111111111111111111111111111111111111111111111111111111111111111111111111111111111111111111111111111111111111111111111111111111111111111111111111111
111111111111111111111111111111111111111111111111111111111111111111111111111111111111111111111111011111111111111111111111111111111111111001111111111111
111111111111111111111111111111111111111111111111111111111111111111111111111111111111111111111111011111111111111111111111111111111111111001111111111111
111111111111111111111111111111111111111111110000000000000000000011111111111111111111111111111011111111111111111111111111111111111111111111111111111111
111111111111111111111111111111111111111111110000000000000000000011111111111111111111111111111011111111111111111111111111111111111111111111111111111111
111111111111111111111111111111111111111000000000000000000000000000000111111111111111111111101111111111111111111111111111111111111111111111111111111111
111111111111111111111111111111111111111000000000000000000000000000000111111111111111111111101111111111111111111111111111111111111111111111111111111111
111111111111111111111111111111111110000000000000000000000000000000000000011111111111111111111111111111111111111111111111111111111111111111111111111111
111111111111111111111111111111111110000000000000000000000000000000000000011111111111111111111111111111111111111111111111111111111111111111111111111111
111111111111111111111111111111110000000000000000000000000000000000000000000111111111110111111111111111111111111111111111111111111111111111111111111111
111111111111111111111111111111110000000000000000000000000000000000000000000111111111110111111111111111111111111111111111111111111111111111111111111111
111111111111111111111111111111000000000000000000000000000000000000000000000000111111111111111111111111111111111111111111111111111111111111111111111111
111111111111111111111111111111000000000000000000000000000000000000000000000000111111111111111111111111111111111111111111111111111111111111111111111111
111111111111111111111111111100000000000000000000000000000000000000000000000000011111111111111111111111111111111111111111111111111111111111111111111111
111111111111111111111111111100000000000000000000000000000000000000000000000000011111111111111111111111111111111111111111111111111111111111111111111111
111111111111111111111111110000000000000000000000000000000000000000000000000000000111111111111111111111111111111111111111111111111111111111111111111111
111111111111111111111111110000000000000000000000000000000000000000000000000000000111111111111111111111111111111111111111111111111111111111111111111111
111111111111111111111111100000000000000000000000000000000000000000000000000000000111111111111111111111111111111111111111111111111111111111111111111111
111111111111111111111111100000000000000000000000000000000000000000000000000000000111111111111111111111111111111111111111111111111111111111111111111111
111111111111111111111110000000000000000000000000000000000000000000000000000000000011111111111111111111111111111111111111111111111111111111111111111111
111111111111111111111110000000000000000000000000000000000000000000000000000000000011111111111111111111111111111111111111111111111111111111111111111111
111111111111111111111100000000000000000000000000000000000000000000000000000000000011111111111111111111111111111111111111111111111111111111111111111111
111111111111111111111100000000000000000000000000000000000000000000000000000000000011111111111111111111111111111111111111111111111111111111111111111111
111111111111111111111000000000000000000000000000000000000000000000000000000000000111111111111111111111111111111111111111111111111111111111111111111111
111111111111111111111000000000000000000000000000000000000000000000000000000000000111111111111111111111111111111111111111111111111111111111111111111111
111111111111111111110000000000000000000000000000000000000000000000000000000000000111111111111111111111111111111111111111111111111111111111111111111111
111111111111111111110000000000000000000000000000000000000000000000000000000000000111111111111111111111111111111111111111111111111111111111111111111111
111111111111111111100000000000000000000000000000000000000000000000000000000000000111111111111111111111111111111111111111111111111111111111111111111111
111111111111111111100000000000000000000000000000000000000000000000000000000000000111111111111111111111111111111111111111111111111111111111111111111111
111111111111111111100000000000000000000000000000000000000000000000000000000000001111111111111111111111111111111111111111111111111111111111111111111111
111111111111111111100000000000000000000000000000000000000000000000000000000000001111111111111111111111111111111111111111111111111111111111111111111111
111111111111111111100000000000000000000000000000000000000000000000000000000000111111111111111111111111111111111111111111111111111111111111111111111111
111111111111111111100000000000000000000000000000000000000000000000000000000000111111111111111111111111111111111111111111111111111111111111111111111111
111111111111111111000000000000000000000000000000000000000000000000000000000001111111111111111111111111111111111111111111111111111111111111111111111111
111111111111111111000000000000000000000000000000000000000000000000000000000001111111111111111111111111111111111111111111111111111111111111111111111111
111111111111111111000000000000000000000000000000000000000000000000000000000011111111111111111111111111111111111111111111111111111111111111111111111111
111111111111111111000000000000000000000000000000000000000000000000000000000011111111111111111111111111111111111111111111111111111111111111111111111111
111111111111111111000000000000000000000000000000000000000000000000000000001111111111111111111111111111111111111111111111111111111111111111111111111111
111111111111111111000000000000000000000000000000000000000000000000000000001111111111111111111111111111111111111111111111111111111111111111111111111111
111111111111111111100000000000000000000000000000000000000000000000000000001111111111111111111111111111111111111111111111111111111111111111111111111111
111111111111111111100000000000000000000000000000000000000000000000000000001111111111111111111111111111111111111111111111111111111111111111111111111111
111111111111111111100000000000000000000000000000000000000000000000011111111111111111111111111111111111111111111111111111111111111111111111111111111111
111111111111111111100000000000000000000000000000000000000000000000011111111111111111111111111111111111111111111111111111111111111111111111111111111111
111111111111111111110000000000000000000000000000000000000000000000111111111111111111111111111111111111111111111111111111111111111111111111111111111111
111111111111111111110000000000000000000000000000000000000000000000111111111111111111111111111111111111111111111111111111111111111111111111111111111111
111111111111111111111100000000000000000000000000000000000000000011111111111111111111111111111111111111111111111111111111111111111111111111111111111111
111111111111111111111100000000000000000000000000000000000000000011111111111111111111111111111111111111111111111111111111111111111111111111111111111111
111111111111111111111110000000000000000000000000000000000000011111111111111111111111111111111111111111111111111111111111111111111111111111111111111111
111111111111111111111110000000000000000000000000000000000000011111111111111111111111111111111111111111111111111111111111111111111111111111111111111111
111111111111111111111111110110000000000000000000000000001000011111111111111111111111111111111111111111111111111111111111111111111111111111111111111111
111111111111111111111111110110000000000000000000000000001000011111111111111111111111111111111111111111111111111111111111111111111111111111111111111111
111111111111111111111111111111110000000000000000000000000100001111111111111111111111111111111111111111111111111111111111111111111111111111111111111111
111111111111111111111111111111110000000000000000000000000100001111111111111111111111111111111111111111111111111111111111111111111111111111111111111111
111111111111111111111111111111111110000000000000000000000000000111111111111111111111111111111111111111111111111111111111111111111111111111111111111111
111111111111111111111111111111111110000000000000000000000000000111111111111111111111111111111111111111111111111111111111111111111111111111111111111111
111111111111111111111111111111111110000000000000000010000000000111111111111111111111111111111111111111111111111111111111111111111111111111111111111111
111111111111111111111111111111111110000000000000000010000000000111111111111111111111111111111111111111111111111111111111111111111111111111111111111111
111111111111111111111111111111111110000000000000000010000000011111111111111111111111111111111111111111111111111111111111111111111111111111111111111111
111111111111111111111111111111111110000000000000000010000000011111111111111111111111111111111111111111111111111111111111111111111111111111111111111111
111111111111111111111111111111111110000000000000000011100111111111111111111111111111111111111111111111111111111111111111111111111111111111000111111111
111111111111111111111111111111111110000000000000000011100111111111111111111111111111111111111111111111111111111111111111111111111111111111000111111111
111111111111111111111111111111111110000000000000000011111111111111111111111111111111111111111111111111111111111111111111111111111111111111111111111111
111111111111111111111111111111111110000000000000000011111111111111111111111111111111111111111111111111111111111111111111111111111111111111111111111111
111111111111111111111111111111111110000000000000000001111111111111111111111111111111111111111111111111111111111111111111111111111111111111111111111111
111111111111111111111111111111111110000000000000000001111111111111111111111111111111111111111111111111111111111111111111111111111111111111111111111111
111110000111111111111111111111111110000000000000000001111111111111111111111111111111111111111111111111111111111111111111111111111111111111111111111111
111110000111111111111111111111111110000000000000000001111111111111111111111111111111111111111111111111111111111111111111111111111111111111111111111111
111111111111111111111111111111111110000000000000000000011111111111111111111111111111111111111111111111111111111111111111111111111111111111111111111111
111111111111111111111111111111111110000000000000000000011111111111111111111111111111111111111111111111111111111111111111111111111111111111111111111111
111111111111111111111111111111111100000000000000000000011111111111111111111111111111111111111110111111111111111111111111111111111111111111111111111111
111111111111111111111111111111111100000000000000000000011111111111111111111111111111111111111110111111111111111111111111111111111111111111111111111111
111111111111111111111111111111110000000000000000000000011111111111111111111111111111111111111111111111111111111111111111111111111111111111111111111111
111111111111111111111111111111110000000000000000000000011111111111111111111111111111111111111111111111111111111111111111111111111111111111111111111111
111111111111111111111111111111100000000000000000000000011111111111111111111111111111111111111111111111111111111111111111111111111111111111111111111111
111111111111111111111111111111100000000000000000000000011111111111111111111111111111111111111111111111111111111111111111111111111111111111111111111111
111111111111111111111111111110000000000000000000000000011111111111111111111111111111111111111111111111111111111111111111111111111111111111111111111111
111111111111111111111111111110000000000000000000000000011111111111111111111111111111111111111111111111111111111111111111111111111111111111111111111111
111111111111111111111111111000000000000000000000000000011111111111111111111111111111111111111111111111111111111111111111111111111111111111111111111111
111111111111111111111111111000000000000000000000000000011111111111111111111111111111111111111111111111111111111111111111111111111111111111111111111111
111111111111111111111111100000000000000000000000000000001111111111111111111111111111111111111111111111111111111111111011111111111111111111111111111111
111111111111111111111111100000000000000000000000000000001111111111111111111111111111111111111111111111111111111111111011111111111111111111111111111111
111111111111111111111110000000000000000000000000000000001111111111111111111111111111111111111111111111111111111111111110111111111111111111111111111111
111111111111111111111110000000000000000000000000000000001111111111111111111111111111111111111111111111111111111111111110111111111111111111111111111111
111111111111111111110000000000000000000000000000000000001111111111111111111111111111111111111111111100111111111111111111111111111111111111111111111111
111111111111111111110000000000000000000000000000000000001111111111111111111111111111111111111111111100111111111111111111111111111111111111111111111111
111111111111111110000000000000000000000000000000000000001111111111111111111111111111111111111111111111111111111111111111111111111111111111111111111111
111111111111111110000000000000000000000000000000000000001111111111111111111111111111111111111111111111111111111111111111111111111111111111111111111111
111111111111111000000000000000000000000000000000000000001111111111111111111111111111111111111111111111111111111111111111111111111111111111111111111111
111111111111111000000000000000000000000000000000000000001111111111111111111111111111111111111111111111111111111111111111111111111111111111111111111111
111111111111100000000000000000000000000000000000000000001111111111111111111111111111111111111111111111111111111111111111111111111111111111111111111111
111111111111100000000000000000000000000000000000000000001111111111111111111111111111111111111111111111111111111111111111111111111111111111111111111111
111111111110000000000000000000000000000000000000000000001111111111111111111111111111111111111111111111111111111111111111111111111111111111111111111111
111111111110000000000000000000000000000000000000000000001111111111111111111111111111111111111111111111111111111111111111111111111111111111111111111111
111111111100000000000000000000000000000000000000000000001111111111111111111111111111111111111111111111111111111111111111111111111111111111111111111111
111111111100000000000000000000000000000000000000000000001111111111111111111111111111111111111111111111111111111111111111111111111111111111111111111111
111111111100000000000000000000000000000000000000000000001111111111111111111111111111111111111111111111111111111111111111111111111111111111111111111111
111111111100000000000000000000000000000000000000000000001111111111111111111111111111111111111111111111111111111111111111111111111111111111111111111111
111111111000000000000000000000000000000000000000000000001111111111111111111111111111111111111111000111111111111111111111111111111111111111111111111111
111111111000000000000000000000000000000000000000000000001111111111111111111111111111111111111111000111111111111111111111111111111111111111111111111111
111111111100000000000000000000000000000000000000000000001111111111111111111111111111111111111111111111111111111111111111001111111111111111111111111111
111111111100000000000000000000000000000000000000000000001111111111111111111111111111111111111111111111111111111111111111001111111111111111111111111111
111111111100000000000000000000000000000000000000000000001111111111111111111111111111111111111111111111111111111111111111110111111111111111111111111111
111111111100000000000000000000000000000000000000000000001111111111111111111111111111111111111111111111111111111111111111110111111111111111111111111111
111111111111000000000000000000000000000000000000000000001111111111111111111111111111111111111111111111111111111111111111111111111111111111111111111111
111111111111000000000000000000000000000000000000000000001111111111111111111111111111111111111111111111111111111111111111111111111111111111111111111111
111111111111100000000000000000000000000000000000000000001111111111111111111111111111111111111111111111111111111111111111111111111111111111111111111111
111111111111100000000000000000000000000000000000000000001111111111111111111111111111111111111111111111111111111111111111111111111111111111111111111111
111111111111111111111111111111111111111111111111111111111111111111111111111111111111111111111111111111111111111111111111111111111111111111111111111111
111111111111111111111111111111111111111111111111111111111111111111111111111111111111111111111111111111111111111111111111111111111111111111111111111111
