111111111111111111111111111111111111111111111111111111111111111111111111111111111111111111111111111111111111111111111111111111111111111111111111111111
111111111111111111111111111111111111111111111111111111111111111111111111111111111111111111111111111111111111111111111111111111111111111111111111111111
111111111111111111111111111111111111111111111111111111111111111111111111111111111111111111111111111111111111111111111111111111111111111111111111111111
111111111111111111111111111111111111111111111111111111111111111111111111111111111111111111111111111111111111111111111111111111111111111111111111111111
111111111111111111111111111111111111111111111111111111111111111111111111111111111111111111111111111111111111111111111111111111111111111111111111111111
111111111111111111111111111111111111111111111111111111111111111111111111111111111111111111111111111111111111111111111111111111111111111111111111111111
111111111111111111111111111111111111111111111111111111110000001111111111111111111101111111111111111111111111111111111111111111111111111111111111111111
111111111111111111111111111111111111111111111111111111110000001111111111111111111101111111111111111111111111111111111111111111111111111111111111111111
111111111111111111111111111111111111111111011110000000000000000000000011111111111100111111111111111111111111111111111111111111111111111111111111111111
111111111111111111111111111111111111111111011110000000000000000000000011111111111100111111111111111111111111111111111111111111111111111111111111111111
111111111111111111111111111111111111111111000000000000000000000000000000000111111111111111111111111111111111111111111111111111111111111111111111100001
111111111111111111111111111111111111111111000000000000000000000000000000000111111111111111111111111111111111111111111111111111111111111111111111100001
111111111111111111111111111111111111111000000000000000000000000000000000000000011111111111111111111111111111111111111111111111111111111111111111111111
111111111111111111111111111111111111111000000000000000000000000000000000000000011111111111111111111111111111111111111111111111111111111111111111111111
111111111111111111111111111111111110000000000000000000000000000000000000000000000011111111111111111111101111111111111111111111111111111111111111111111
111111111111111111111111111111111110000000000000000000000000000000000000000000000011111111111111111111101111111111111111111111111111111111111111111111
111111111111111111111111111111111000000000000000000000000000000000000000000000000001111111111100111111111011111111111111111111111111111111111111111111
111111111111111111111111111111111000000000000000000000000000000000000000000000000001111111111100111111111011111111111111111111111111111111111111111111
111111111111111111111111111111100000000000000000000000000000000000000000000000000000011111111011111111111111111111111111111111111111111111111111111111
111111111111111111111111111111100000000000000000000000000000000000000000000000000000011111111011111111111111111111111111111111111111111111111111111111
111111111111111111111111111110000000000000000000000000000000000000000000000000000000001111111011111111111111111111111111111111111111111111111111111111
111111111111111111111111111110000000000000000000000000000000000000000000000000000000001111111011111111111111111111111111111111111111111111111111111111
111111111111111111111111111000000000000000000000000000000000000000000000000000000000001111111111111111111111111111111111111111111111111111111111111111
111111111111111111111111111000000000000000000000000000000000000000000000000000000000001111111111111111111111111111111111111111111111111111111111111111
111111111111111111111111110000000000000000000000000000000000000000000000000000000000001111111111111111111111111111111111111111111111111110011111111111
111111111111111111111111110000000000000000000000000000000000000000000000000000000000001111111111111111111111111111111111111111111111111110011111111111
111111111111111111111111100000000000000000000000000000000000000000000000000000000000000111111111111111111111111111111111111111111111111111111111111111
111111111111111111111111100000000000000000000000000000000000000000000000000000000000000111111111111111111111111111111111111111111111111111111111111111
111111111111111111111111000000000000000000000000000000000000000000000000000000000000001111111111111111111111111111111111111111111111111111111111111111
111111111111111111111111000000000000000000000000000000000000000000000000000000000000001111111111111111111111111111111111111111111111111111111111111111
111111111111111111111110000000000000000000000000000000000000000000000000000000000000011111111111111111111111111111111111111111111111111111111111111111
111111111111111111111110000000000000000000000000000000000000000000000000000000000000011111111111111111111111111111111111111111111111111111111111111111
111111111111111111111100000000000000000000000000000000000000000000000000000000000000111111111111111111111111111111111111111111111111111111111111111111
111111111111111111111100000000000000000000000000000000000000000000000000000000000000111111111111111111111111111111111111111111111111111111111111111111
111111111111111111111100000000000000000000000000000000000000000000000000000000000001111111111111111111111111111111111111111111111111111111111111111111
111111111111111111111100000000000000000000000000000000000000000000000000000000000001111111111111111111111111111111111111111111111111111111111111111111
111111111111111111111100000000000000000000000000000000000000000000000000000000000011111111111111111111111111111111111111111111111111111111111111111111
111111111111111111111100000000000000000000000000000000000000000000000000000000000011111111111111111111111111111111111111111111111111111111111111111111
111111111111111111111000000000000000000000000000000000000000000000000000000000000111111111111111111111111111111111111111111111111111111111111111111111
111111111111111111111000000000000000000000000000000000000000000000000000000000000111111111111111111111111111111111111111111111111111111111111111111111
111111111111111111111000000000000000000000000000000000000000000000000000000001111111111111111111111111111111111111111111111111111111111111111111111111
111111111111111111111000000000000000000000000000000000000000000000000000000001111111111111111111111111111111111111111111111111111111111111111111111111
111111111111111111111000000000000000000000000000000000000000000000000000000011111111111111111111111111111111111111111111111111111111111111111111111111
111111111111111111111000000000000000000000000000000000000000000000000000000011111111111111111111111111111111111111111111111111111111111111111111111111
111111111111111111111000000000000000000000000000000000000000000000000000001111111111111111111111111111111111111111111111111111111111111111111111111111
111111111111111111111000000000000000000000000000000000000000000000000000001111111111111111111111111111111111111111111111111111111111111111111111111111
111111111111111111111000000000000000000000000000000000000000000000000000011111111111111111111111111111111111111111111111111111111111111111111111111111
111111111111111111111000000000000000000000000000000000000000000000000000011111111111111111111111111111111111111111111111111111111111111111111111111111
111111111111111111111110000000000000000000000000000000000000000001111111111111111111111111111111111111111111111111111111111111111111111111111111111111
111111111111111111111110000000000000000000000000000000000000000001111111111111111111111111111111111111111111111111111111111111111111111111111111111111
111111111111111111111111000000000000000000000000000000000000000011111111111111111100000111111111111111111111111111111111111111111111111111111111111111
111111111111111111111111000000000000000000000000000000000000000011111111111111111100000111111111111111111111111111111111111111111111111111111111111111
111111111111111111111111110000000000000000000000000000000000010011111111111111111111111111111111111111111111111111111111111111111111111111111111111111
111111111111111111111111110000000000000000000000000000000000010011111111111111111111111111111111111111111111111111111111111111111111111111111111111111
111111111111111111111111111110000000000000000000000000000011100000111111111111111111111111111111111111111111111111111111111111111111111111111111111111
111111111111111111111111111110000000000000000000000000000011100000111111111111111111111111111111111111111111111111111111111111111111111111111111111111
111111111111111111111111111111111001100000000000000000000001110000011111111111111111111111111111111111111111111111111111111111111111111111111111111111
111111111111111111111111111111111001100000000000000000000001110000011111111111111111111111111111111111111111111111111111111111111111111111111111111111
111111111111111111111111111111111111100000000000000000000001111000001111111111111111111111111111111111111111111111111111111111111111111111111111111111
111111111111111111111111111111111111100000000000000000000001111000001111111111111111111111111111111111111111111111111111111111111111111111111111111111
111111111111111111111111111111111111100000000000000000000000000000011111111011111111111111111111111111111111111111111111111111111111111111111111111111
111111111111111111111111111111111111100000000000000000000000000000011111111011111111111111111111111111111111111111111111111111111111111111111111111111
111111111111111111111111111111111110000000000000000000100000000000111111111111111111111111111111111111111111111111111111111111111111111111111111111111
111111111111111111111111111111111110000000000000000000100000000000111111111111111111111111111111111111111111111111111111111111111111111111111111111111
111111111111111111111111111111111111000000000000000000100000000001111111111111111111111111111111111111111111111111111111111100001111111111111111111111
111111111111111111111111111111111111000000000000000000100000000001111111111111111111111111111111111111111111111111111111111100001111111111111111111111
111111111111111111111111111111111111000000000000000000111000111111111111111111111111111111111111111111111111111111111111111111111111111111111111111111
111111111111111111111111111111111111000000000000000000111000111111111111111111111111111111111111111111111111111111111111111111111111111111111111111111
111111111111111111111111111111111111100000000000000000011111111111111111111111111111111111111111111111111111111111111111111111111111111111111111111000
111111111111111111111111111111111111100000000000000000011111111111111111111111111111111111111111111111111111111111111111111111111111111111111111111000
111111111111111111111111111111111111100000000000000000011111111111111111111111111111111111111111111111111111111111111111111111110111111111111111111111
111111111111111111111111111111111111100000000000000000011111111111111111111111111111111111111111111111111111111111111111111111110111111111111111111111
111111111111111111111111111111111111110000000000000000001111111111111111111111111111111111111111111111111111111111111111111111111111111111111111111111
111111111111111111111111111111111111110000000000000000001111111111111111111111111111111111111111111111111111111111111111111111111111111111111111111111
111111111111111111111111111111111111100000000000000000001111111111111111111111111111111111111111111111111111111111111111111111111111111111111111111111
111111111111111111111111111111111111100000000000000000001111111111111111111111111111111111111111111111111111111111111111111111111111111111111111111111
111111111111111111111111111111111110000000000000000000000111111111111111111111111111111111111111111111111111111111111111111111111111111111111111111111
111111111111111111111111111111111110000000000000000000000111111111111111111111111111111111111111111111111111111111111111111111111111111111111111111111
111111111111111111111111111111111100000000000000000000000111111111111111111111111111111111111111111111111111111111111111111111111111111111111111111111
111111111111111111111111111111111100000000000000000000000111111111111111111111111111111111111111111111111111111111111111111111111111111111111111111111
111111111111111111111111111111110000000000000000000000000111111111111111111111111111111111111111111111111111111111111111111111111111111111111111111111
111111111111111111111111111111110000000000000000000000000111111111111111111111111111111111111111111111111111111111111111111111111111111111111111111111
111111111111111111111111111111000000000000000000000000000111111111111111111111111111111111111111111111111111111111111111111111111111111111111111111111
111111111111111111111111111111000000000000000000000000000111111111111111111111111111111111111111111111111111111111111111111111111111111111111111111111
111111111111111111111111111110000000000000000000000000000111111111111111111111111111111111111111111111111111111111111111111111111111111111111111111111
111111111111111111111111111110000000000000000000000000000111111111111111111111111111111111111111111111111111111111111111111111111111111111111111111111
111111111111111111111111110000000000000000000000000000000111111111111111111111111111111111111111111111111111111111111111111111111111111111111111111111
111111111111111111111111110000000000000000000000000000000111111111111111111111111111111111111111111111111111111111111111111111111111111111111111111111
111111111111111111111111000000000000000000000000000000000111111111111111111111111111111111111111111111111111111111111111111111111111111111111111111111
111111111111111111111111000000000000000000000000000000000111111111111111111111111111111111111111111111111111111111111111111111111111111111111111111111
111111111111111111111000000000000000000000000000000000000111111111111111111111111111111111111111111111111111111111111111111111111111111111111111111111
111111111111111111111000000000000000000000000000000000000111111111111111111111111111111111111111111111111111111111111111111111111111111111111111111111
111111111111111110000000000000000000000000000000000000000111111111111111111111111111111111111111111111111111111111111111111111111111111111111111111111
111111111111111110000000000000000000000000000000000000000111111111111111111111111111111111111111111111111111111111111111111111111111111111111111111111
111111111111111000000000000000000000000000000000000000000111111111111111111111111111111111111111111111111111111111111111111101111111111111111111111111
111111111111111000000000000000000000000000000000000000000111111111111111111111111111111111111111111111111111111111111111111101111111111111111111111111
111111111111000000000000000000000000000000000000000000000111111111111111111111111111111111111111111111111111111111111111111111111111111111111111111111
111111111111000000000000000000000000000000000000000000000111111111111111111111111111111111111111111111111111111111111111111111111111111111111111111111
111111111100000000000000000000000000000000000000000000000111111111111111111111111111111111111111111111111111111111111111111111111111111111111111111111
111111111100000000000000000000000000000000000000000000000111111111111111111111111111111111111111111111111111111111111111111111111111111111111111111111
111111111000000000000000000000000000000000000000000000000111111111111111111111111111111111111111111111111111111111111111111111111111111111111111111111
111111111000000000000000000000000000000000000000000000000111111111111111111111111111111111111111111111111111111111111111111111111111111111111111111111
111111111000000000000000000000000000000000000000000000000111111111111111111111111111111111111111111110011111111111111111111111111111111111111111111111
111111111000000000000000000000000000000000000000000000000111111111111111111111111111111111111111111110011111111111111111111111111111111111111111111111
111111111000000000000000000000000000000000000000000000000111111111111111111111111111111111111111111111111111111111111111111111111111111111111111111111
111111111000000000000000000000000000000000000000000000000111111111111111111111111111111111111111111111111111111111111111111111111111111111111111111111
111111110000000000000000000000000000000000000000000000000111111111111111111111111111111111111111111111111111111111111111111111111111111111111111111111
111111110000000000000000000000000000000000000000000000000111111111111111111111111111111111111111111111111111111111111111111111111111111111111111111111
111111111000000000000000000000000000000000000000000000000111111111111111111111111111111111111111111111111111111111111111111111111111111111111111111111
111111111000000000000000000000000000000000000000000000000111111111111111111111111111111111111111111111111111111111111111111111111111111111111111111111
111111111000000000000000000000000000000000000000000000000111111111111111111111111111111111111111111111101111111111111111111111111111111110000111111111
111111111000000000000000000000000000000000000000000000000111111111111111111111111111111111111111111111101111111111111111111111111111111110000111111111
111111111100000000000000000000000000000000000000000000000111111111111111111111111111111111111111111111111111111111111111111111111111111111111111111111
111111111100000000000000000000000000000000000000000000000111111111111111111111111111111111111111111111111111111111111111111111111111111111111111111111
111111111111111111111111111111111111111111111111111111111111111111111111111111111111111111111111111111111111111111111111111111111111111111111111111111
111111111111111111111111111111111111111111111111111111111111111111111111111111111111111111111111111111111111111111111111111111111111111111111111111111
