111111111111111111111111111111111100111111111111111111111111111111111111111111111111111111111111111111111111111111111111111111111111111111111111111111
111111111111111111111111111111111100111111111111111111111111111111111111111111111111111111111111111111111111111111111111111111111111111111111111111111
111111111111111111111111111111111111111111111111111111111111111111111111111111111111111111111110111111111111111111111111111111111111111111111111111111
111111111111111111111111111111111111111111111111111111111111111111111111111111111111111111111110111111111111111111111111111111111111111111111111111111
111111111111111111111111111111111111111111111111111111111111111111011111111111111111111111111110001111111111111111111111111111111111111111111111111111
111111111111111111111111111111111111111111111111111111111111111111011111111111111111111111111110001111111111111111111111111111111111111111111111111111
111111111111111111111111111111111111111111111111111111111111111111111111111111111111111111111111111111111111111111111111111111111111111111111111111111
111111111111111111111111111111111111111111111111111111111111111111111111111111111111111111111111111111111111111111111111111111111111111111111111111111
111111111111111111111111111111111111111111111111111111111111111111111111111111100000000000000000011111111111111111111111111111111111111111111111111111
111111111111111111111111111111111111111111111111111111111111111111111111111111100000000000000000011111111111111111111111111111111111111111111111111111
111111111111111111111111111111111111111111111111111111111111111111111111000000000000000000000000000000001111111111111111111111111111111111111111111111
111111111111111111111111111111111111111111111111111111111111111111111111000000000000000000000000000000001111111111111111111111111111111111111111111111
111111111111111111111111111111111111111111111111111111111111111111110000000000000000000000000000000000000000111111111111111111111111111111111111111111
111111111111111111111111111111111111111111111111111111111111111111110000000000000000000000000000000000000000111111111111111111111111111111111111111111
111111111111111111111111111111111111111111111111111111111111111110000000000000000000000000000000000000000000000110111111111111111111111111111111111111
111111111111111111111111111111111111111111111111111111111111111110000000000000000000000000000000000000000000000110111111111111111111111111111111111111
111111111111111111111111111111111111111111111111111111111111110000000000000000000000000000000000000000000000000000111111111111111111111111111111111111
111111111111111111111111111111111111111111111111111111111111110000000000000000000000000000000000000000000000000000111111111111111111111111111111111111
111111111111111111111111111111111111111111111111111111111111000000000000000000000000000000000000000000000000000000001111111111111111111111111111111111
111111111111111111111111111111111111111111111111111111111111000000000000000000000000000000000000000000000000000000001111111111111111111111111111111111
111111111111111111111111111111111111111111111111111111111110000000000000000000000000000000000000000000000000000000000011111111111111111111111111111111
111111111111111111111111111111111111111111111111111111111110000000000000000000000000000000000000000000000000000000000011111111111111111111111111111111
111111111111111111111111111111111110111111111111111111111110000000000000000000000000000000000000000000000000000000000000111111111111111111111111111111
111111111111111111111111111111111110111111111111111111111110000000000000000000000000000000000000000000000000000000000000111111111111111111111111111111
111111111111111111111111111111111111111111111111111111111100000000000000000000000000000000000000000000000000000000000000011111111111111111111111111111
111111111111111111111111111111111111111111111111111111111100000000000000000000000000000000000000000000000000000000000000011111111111111111111111111111
110111111111111111111111111111111111111111111110111111111110000000000000000000000000000000000000000000000000000000000000000111111111111111111111111111
110111111111111111111111111111111111111111111110111111111110000000000000000000000000000000000000000000000000000000000000000111111111111111111111111111
111111111111111111111111111111111111111111111111111111111110000000000000000000000000000000000000000000000000000000000000000011111111111111111111111111
111111111111111111111111111111111111111111111111111111111110000000000000000000000000000000000000000000000000000000000000000011111111111111111111111111
111111111111111111111111111111111111111111111111111111111110000000000000000000000000000000000000000000000000000000000000000001111111111111111111111111
111111111111111111111111111111111111111111111111111111111110000000000000000000000000000000000000000000000000000000000000000001111111111111111111111111
111111111111111111111111111111111111111111111111111111111100000000000000000000000000000000000000000000000000000000000000000000111111111111111111111111
111111111111111111111111111111111111111111111111111111111100000000000000000000000000000000000000000000000000000000000000000000111111111111111111111111
111111111111111111111111111111111111111111111111111111111000000000000000000000000000000000000000000000000000000000000000000000111111111111111111111111
111111111111111111111111111111111111111111111111111111111000000000000000000000000000000000000000000000000000000000000000000000111111111111111111111111
111111111111111111111111111111111111111111111111111111110000000000000000000000000000000000000000000000000000000000000000000001111111111111111111111111
111111111111111111111111111111111111111111111111111111110000000000000000000000000000000000000000000000000000000000000000000001111111111111111111111111
111111111111111111111111111111111111111111111111111111100000000000000000000000000000000000000000000000000000000000000000000011111111111111111111111111
111111111111111111111111111111111111111111111111111111100000000000000000000000000000000000000000000000000000000000000000000011111111111111111111111111
111111111111111111111111111111111111111111111111111111100000000000000000111111111100000000000000000000000000000000000000000111111111111111111111111111
111111111111111111111111111111111111111111111111111111100000000000000000111111111100000000000000000000000000000000000000000111111111111111111111111111
111111111111111111111111111111111111111111111111111111110000000000001111111111111111000000000000000000000000000000000011111111111111111111111111111111
111111111111111111111111111111111111111111111111111111110000000000001111111111111111000000000000000000000000000000000011111111111111111111111111111111
111101111111111111111111111111111111111111111111111111111111000000000000111111111100000000011111111111110000111111111111111111111111111111111111111111
111101111111111111111111111111111111111111111111111111111111000000000000111111111100000000011111111111110000111111111111111111111111111111111111111111
111111111111111111111111111111111111111111111111111111111110000000000000001111111000000000111111111111111111111111111111111111111111111111111111111111
111111111111111111111111111111111111111111111111111111111110000000000000001111111000000000111111111111111111111111111111111111111111111111111111111111
111111111111111111111111111111111111111111111111111111111110000000000000000011111000000011111111111111111111111111111111111111111111111111111111111111
111111111111111111111111111111111111111111111111111111111110000000000000000011111000000011111111111111111111111111111111111111111111111111111111111111
111111111111111111111111111111111111111111111111111111111110000000000000000000110000000011111111111111111111111111111111111111111111111111111111111111
111111111111111111111111111111111111111111111111111111111110000000000000000000110000000011111111111111111111111111111111111111111111111111111111111111
111111111111111111111111111111111111111111111111111111111111000000000000000000000000000111111111111111111111111111111111111111111111111111111111111111
111111111111111111111111111111111111111111111111111111111111000000000000000000000000000111111111111111111111111111111111111111111111111111111111111111
111111111111111111111111111111111111111111111111111111111111100000000000000000000000000111111111111111111111111111111111111111111111111111111111111111
111111111111111111111111111111111111111111111111111111111111100000000000000000000000000111111111111111111111111111111111111111111111111111111111111111
111111111111111111111111111111111111111111111111111111111111110000000000000000000000100111111111111111111111111111111111111111111111111111111111111111
111111111111111111111111111111111111111111111111111111111111110000000000000000000000100111111111111111111111111111111111111111111111111111111111111111
111111111111111111111111111111111111111111111111111111111111110000000000000000111111101111111111111111111111111111111111111111111111111111111111111111
111111111111111111111111111111111111111111111111111111111111110000000000000000111111101111111111111111111111111111111111111111111111111111111111111111
111111111111111111111111111111111111111111111111111111111111110000000000000000111111001111111111111111111111111111111111111111111111111111111111111111
111111111111111111111111111111111111111111111111111111111111110000000000000000111111001111111111111111111111111111111111111111111111111111111111111111
111111111111111111111111111111111111111111111111111111111111110000000000000001111110011111111111111111111111111111111111111111111111111111111111111111
111111111111111111111111111111111111111111111111111111111111110000000000000001111110011111111111111111111111111111111111111111111111111111111111111111
111111111111111111111111111111111111111111111111111111111111111000000000000000000000011111111111111111111111111111111111111111111111111111111111111111
111111111111111111111111111111111111111111111111111111111111111000000000000000000000011111111111111111111111111111111111111111111111111111111111111111
111111111111111111111111111111111111111111111111111111111111111000000000000000000000011111111111111111111111111111111111111111111111111111111111111111
111111111111111111111111111111111111111111111111111111111111111000000000000000000000011111111111111111111111111111111111111111111111111111111111111111
111111111111111111111111111111111111110111111111111111111111111100000000000000000000011111111111111111111111101111111111111111111111111111111110011111
111111111111111111111111111111111111110111111111111111111111111100000000000000000000011111111111111111111111101111111111111111111111111111111110011111
111111111111111111111111111111111111111111111111111111111111111110000000000000111000011111011111111111111111111111111111111111111111111111111110011111
111111111111111111111111111111111111111111111111111111111111111110000000000000111000011111011111111111111111111111111111111111111111111111111110011111
111111111111111111111111111111111111111111111111111111111111111100000000000000111100111110011111111111111111111111111111111111111111111111111111111111
111111111111111111111111111111111111111111111111111111111111111100000000000000111100111110011111111111111111111111111111111111111111111111111111111111
111111111111111111111111111111111111111111111111111111111111110000000000000000011100011100011111111111111111111111111111111111111111111111111111111111
111111111111111111111111111111111111111111111111111111111111110000000000000000011100011100011111111111111111111111111111111111111111111111111111111111
111111111111111111111111111111111111111111111111111111111111000000000000000000011111000001111111111111111111111111111111111111111111111111111111111111
111111111111111111111111111111111111111111111111111111111111000000000000000000011111000001111111111111111111111111111111111111111111111111111111111111
111111111111111111111111111111111111111111111111111111111100000000000000000000011111111111111111111111111111111111111111111111111111111111111111111111
111111111111111111111111111111111111111111111111111111111100000000000000000000011111111111111111111111111111111111111111111111111111111111111111111111
111111111111111111111111111111111111111111111111111111111000000000000000000000011111111111111111111111111111111111111111111111111111111111111111111111
111111111111111111111111111111111111111111111111111111111000000000000000000000011111111111111111111111111111111111111111111111111111111111111111111111
111111111111111111111111111111111111111111111111111111100000000000000000000000011111111111111111111111111111111111111111111111111111111111111111111111
111111111111111111111111111111111111111111111111111111100000000000000000000000011111111111111111111111111111111111111111111111111111111111111111111111
011001111111111111111111111111111111111111111111111100000000000000000000000000001111111111111111111111111111111111111111111111111111111111111111111111
011001111111111111111111111111111111111111111111111100000000000000000000000000001111111111111111111111111111111111111111111111111111111111111111111111
111111111111111111111111111111111111111111111111100000000000000000000000000000001111111111111111111111111111111111111111111111111111111111111111111111
111111111111111111111111111111111111111111111111100000000000000000000000000000001111111111111111111111111111111111111111111111111111111111111111111111
111111111111111111111111111111111111111111110000000000000000000000000000000000000111111111111111111111111111111111111111111111111111111111111111111111
111111111111111111111111111111111111111111110000000000000000000000000000000000000111111111111111111111111111111111111111111111111111111111111111111111
111111111111111111111111111111111111111000000000000000000000000000000000000000000111111111111111111111111111111111111111111111111111111111111111111111
111111111111111111111111111111111111111000000000000000000000000000000000000000000111111111111111111111111111111111111111111111111111111111111111111111
111111111111111111111111111111110000000000000000000000000000000000000000000000000111111111111111111111111111111111111111111111111111111111111111111111
111111111111111111111111111111110000000000000000000000000000000000000000000000000111111111111111111111111111111111111111111111111111111111111111111111
111111111111111111111111111111000000000000000000000000000000000000000000000000000011111111111111111111111111111111111111111111111111111111111111111111
111111111111111111111111111111000000000000000000000000000000000000000000000000000011111111111111111111111111111111111111111111111111111111111111111111
111111111111111111111111111111100000000000000000000000000000000000000000000000000011111111111111111111111111111111111111111111111111111111111111111111
111111111111111111111111111111100000000000000000000000000000000000000000000000000011111111111111111111111111111111111111111111111111111111111111111111
111111111111111111111111111000000000000000000000000000000000000000000000000000000011111111111111111111111111111111111111111111111111111111111111111111
111111111111111111111111111000000000000000000000000000000000000000000000000000000011111111111111111111111111111111111111111111111111111111111111111111
111111111111111111111111111100000000000000000000000000000000000000000000000000000001111111111111111111111111111111111111111111111111111111111111111111
111111111111111111111111111100000000000000000000000000000000000000000000000000000001111111111111111111111111111111111111111111111111111111111111111111
111111111111111111111111111110000000000000000000000000000000000000000000000000000001111111111111111111111111111111111111111111111111111111111111111111
111111111111111111111111111110000000000000000000000000000000000000000000000000000001111111111111111111111111111111111111111111111111111111111111111111
111111111111111111111111111111111000000000000000000000000000000000000000000000000000111111111111111111111111111111111111111111111111111111111111111111
111111111111111111111111111111111000000000000000000000000000000000000000000000000000111111111111111111111111111111111111111111111111111111111111111111
111111111111111111111111111111111110000000000000000000000000000000000000000000000000011111111111111111111111111111111111111111111111111111111111111111
111111111111111111111111111111111110000000000000000000000000000000000000000000000000011111111111111111111111111111111111111111111111111111111111111111
111111111111111111111111111111111111000000000000000000000000000000000000000000000000011111111111111111111111111111111111111111111111111111111111111111
111111111111111111111111111111111111000000000000000000000000000000000000000000000000011111111111111111111111111111111111111111111111111111111111111111
111111110111111111111111111111111111111100000000000000000000000000000000000000000000001111111111111111111111111111111111111111111111111111111111111111
111111110111111111111111111111111111111100000000000000000000000000000000000000000000001111111111111111111111111111111111111111111111111111111111111111
111111111111111111111111111111111111111111111000000000000000000000000000000000000000001111111111111111111111111111111111111111111111111111111111111111
111111111111111111111111111111111111111111111000000000000000000000000000000000000000001111111111111111111111111111111111111111111111111111111111111111
111111111111111111111111111111111111111111111111111111111111111111111111111111111111111111111111111111111111111111111111111111111111111111111111111111
111111111111111111111111111111111111111111111111111111111111111111111111111111111111111111111111111111111111111111111111111111111111111111111111111111
