111111011111111111111111111111111111111111111111111111111111111111111111111111111111111111111111111111111111111111111111111111111111111111111111111111
111111011111111111111111111111111111111111111111111111111111111111111111111111111111111111111111111111111111111111111111111111111111111111111111111111
111111111111111111111111111111111111111111111111111111111111111111111111111111111111111111111111111111111111111111111111111111111111111111111111111111
111111111111111111111111111111111111111111111111111111111111111111111111111111111111111111111111111111111111111111111111111111111111111111111111111111
111111111111111111111111111111111111111111111111111111111111111111111111111111111111111111111111111111111111111111111111111111111111111111111111111111
111111111111111111111111111111111111111111111111111111111111111111111111111111111111111111111111111111111111111111111111111111111111111111111111111111
111111111111111111111111111111111111111111111111111111111111111111111111111111111111111111111111111111111111111111111111111111111111111101111111111111
111111111111111111111111111111111111111111111111111111111111111111111111111111111111111111111111111111111111111111111111111111111111111101111111111111
111111111111111111111111111111111111111111111111111111111111111111111111111111111111111111111111111111111111111111111111111111111111111111111111111111
111111111111111111111111111111111111111111111111111111111111111111111111111111111111111111111111111111111111111111111111111111111111111111111111111111
111111111111111111111111111111111111111111111111111111111111111111111111111111111111111111111111111111111111111111111111111111111111111111111111111111
111111111111111111111111111111111111111111111111111111111111111111111111111111111111111111111111111111111111111111111111111111111111111111111111111111
111111111111111111111111111111111111111111111111100111111111111111111111111111111111111111111111111111111111111111111111111111111111111111111111111110
111111111111111111111111111111111111111111111111100111111111111111111111111111111111111111111111111111111111111111111111111111111111111111111111111110
111111111111111111111111111111111111111111111111110111111111111111111111111111111111111111111111111111111111111111111111111111111111111111111111111111
111111111111111111111111111111111111111111111111110111111111111111111111111111111111111111111111111111111111111111111111111111111111111111111111111111
111111111111111111111111111111111111111111111111111111111111111111111111111111111111111111111111111111111111111111111111111111111111111111111111111111
111111111111111111111111111111111111111111111111111111111111111111111111111111111111111111111111111111111111111111111111111111111111111111111111111111
111111111111111111111111111111111111111111111111111111111111111111111111111111111111111111111111111111111111111111111111111111111111111111111111111111
111111111111111111111111111111111111111111111111111111111111111111111111111111111111111111111111111111111111111111111111111111111111111111111111111111
111111111111111111111111111111111111111111111111111111111111111111111111111111111111111111111111111111111111111111111111111111111111111111111111111111
111111111111111111111111111111111111111111111111111111111111111111111111111111111111111111111111111111111111111111111111111111111111111111111111111111
111111111111111111111111111111111111111111111111111111111111111111111111111111111111111111111111111111111111111111111111111111111111111111111111111111
111111111111111111111111111111111111111111111111111111111111111111111111111111111111111111111111111111111111111111111111111111111111111111111111111111
111111111111111111111111111111111111111111111111111111111111111111111111111111111111111111111111111111111111111111111111111111111111111111111111111111
111111111111111111111111111111111111111111111111111111111111111111111111111111111111111111111111111111111111111111111111111111111111111111111111111111
111111111111111111111111111111111111111111111111111111111111111111111111111111111100000000111111111111111111111111111111111111111111111111111111111111
111111111111111111111111111111111111111111111111111111111111111111111111111111111100000000111111111111111111111111111111111111111111111111111111111111
111111111111111111111111111111111111111111111111111111111111111111111111111111100000000000001111111111111111111111111111111111111111111111111111111111
111111111111111111111111111111111111111111111111111111111111111111111111111111100000000000001111111111111111111111111111111111111111111111111111111111
111111111111111111111111111111111111111111111111111111111111111111111111111110000000000000000011111111111111111111111111111111111111111111111111111111
111111111111111111111111111111111111111111111111111111111111111111111111111110000000000000000011111111111111111111111111111111111111111111111111111111
111111111111111111111111111111111111111111111111111111111111111111111111110000000000000000000001111111111111111111111111111111111111111111111111111111
111111111111111111111111111111111111111111111111111111111111111111111111110000000000000000000001111111111111111111111111111111111111111111111111111111
111111111111111111111111111111111111111111111111111111111111111111111111100000000000000000000001111111111111111111111111111111111111111111111111111111
111111111111111111111111111111111111111111111111111111111111111111111111100000000000000000000001111111111111111111111111111111111111111111111111111111
111111111111111111111111111111111111111111111111111111111111111111111110000000000000000000000001111111111111111111111111111111111111111111111111111111
111111111111111111111111111111111111111111111111111111111111111111111110000000000000000000000001111111111111111111111111111111111111111111111111111111
111111111111111111111111111111111111111111111111111111111111111111111100000000000000000000000011111111111111111111111111111111111111111111111111111111
111111111111111111111111111111111111111111111111111111111111111111111100000000000000000000000011111111111111111111111111111111111111111111111111111111
111111111111111111111111111111111111111111111111111111111111111111111111000000000000000001111111111111111111111111111111111111111111111111111111111111
111111111111111111111111111111111111111111111111111111111111111111111111000000000000000001111111111111111111111111111111111111111111111111111111111111
111111111111111111111111001111111111111111111111111111111111111111110111000100000000000111111111111111111111111111111111111111111111111111111111111111
111111111111111111111111001111111111111111111111111111111111111111110111000100000000000111111111111111111111111111111111111111111111111111111111111111
111111111111111111111111111111111111111111111111111111111111111111111111111000000000000000000000111111111111111110011111111111111111111111111111111111
111111111111111111111111111111111111111111111111111111111111111111111111111000000000000000000000111111111111111110011111111111111111111111111111111111
111111111111111111111111111111111111111001111111111111111111111111111111111000000000000000000000000011111111111111110111111111111111111111111111111111
111111111111111111111111111111111111111001111111111111111111111111111111111000000000000000000000000011111111111111110111111111111111111111111111111111
111111111111111111111111111111111111111111111111111111111111111111111111111000000000000000000000000000011111111111111111111111111111111111111111111111
111111111111111111111111111111111111111111111111111111111111111111111111111000000000000000000000000000011111111111111111111111111111111111111111111111
111111111111111111111111111111111111111111111110011111111111111111111111111000000000000000111111100000000011111111111111111111111111111111111111111111
111111111111111111111111111111111111111111111110011111111111111111111111111000000000000000111111100000000011111111111111111111111111111111111111111111
111111111111111111111111111111111111111111111111111111111111111111111111111100000000000000011111111100000001000011111111111111111111111111111111111111
111111111111111111111111111111111111111111111111111111111111111111111111111100000000000000011111111100000001000011111111111111111111111111111111111111
111111111111111111111111111111111111111111111111111111111111111111111111111100000000000000001111111111100000011100111111111111111111111111111111111111
111111111111111111111111111111111111111111111111111111111111111111111111111100000000000000001111111111100000011100111111111111111111111111111111111111
111111111111111111111111111111111111111111111111111111111111111111111111111100000000000000001111111111110000001111001111111111111111111111111111111111
111111111111111111111111111111111111111111111111111111111111111111111111111100000000000000001111111111110000001111001111111111111111111111111111111111
111111111111111111111111111111111111111111111111111111111111111111111111111100000000000000011111111111100000001110001111111111111111111111111111111111
111111111111111111111111111111111111111111111111111111111111111111111111111100000000000000011111111111100000001110001111111111111111111111111111111111
111111111111111111111111111111111111111111111111111111111111111111111111111000000000000000111111111111110000000111111111111111111111111111111111111111
111111111111111111111111111111111111111111111111111111111111111111111111111000000000000000111111111111110000000111111111111111111111111111111111111111
111111111111111111111111111111111111111111111111111111111111111111111111100000000000000001111111111111110000111111111111111111111111111111111111111111
111111111111111111111111111111111111111111111111111111111111111111111111100000000000000001111111111111110000111111111111111111111111111111111111111111
111111111111111111111011111111111111111111111111111111111111111111111111100000000000000001111111111111110000111111111111111111111111111111111111111111
111111111111111111111011111111111111111111111111111111111111111111111111100000000000000001111111111111110000111111111111111111111111111111111111111111
111111111111111111111001111111111111111111111111111111111111111111111111111110000000000001111111111111100000111111111111111111111111111111111111111111
111111111111111111111001111111111111111111111111111111111111111111111111111110000000000001111111111111100000111111111111111111111111111111111111111111
111111111111111111111111111111111111111111111111111111111111111111111111111110000000000000111111111111000000111111111111111111111111111111111111111111
111111111111111111111111111111111111111111111111111111111111111111111111111110000000000000111111111111000000111111111111111111111111111111111111111111
111111111111111111111111111111111111111111111111111111111111111111111111111100000000000000011111111111000001111111111111111111111111111111111111111111
111111111111111111111111111111111111111111111111111111111111111111111111111100000000000000011111111111000001111111111111111111111111111111111111111111
111111111111111111111111111111111111111111111111111111111111111111111111111000000000000000000111111111000001111111111111111111111111111111111111111111
111111111111111111111111111111111111111111111111111111111111111111111111111000000000000000000111111111000001111111111111111111111111111111111111111111
111111111111111111111111111111111111111111111111111111111111111111111111100000000000000000000001111111000011111111111111111111111111111111111111111111
111111111111111111111111111111111111111111111111111111111111111111111111100000000000000000000001111111000011111111111111111111111111111111111111111111
111111111111111111111111111111111111111111111111111111111111111111111111000000000000000000000001111111000111111111111111111111111111111111111111111111
111111111111111111111111111111111111111111111111111111111111111111111111000000000000000000000001111111000111111111111111111111111111111111111111111111
111111111111111111111111111111111111111111111111111111111111111111111100000000000000000000011010111111001111111111111111111111111111111111111111111111
111111111111111111111111111111111111111111111111111111111111111111111100000000000000000000011010111111001111111111111111111111111111111111111111111111
111111111111111111111111111111111111111111111111111111111111111111110000000000000000000000010101111111011111111111111111111111111111111111111111111111
111111111111111111111111111111111111111111111111111111111111111111110000000000000000000000010101111111011111111111111111111111111111111111111111111111
111111111111111111111111111111111111111111111111111111111111111111000000000000000000000000001111111111111111111111111111111111111111111111111111111111
111111111111111111111111111111111111111111111111111111111111111111000000000000000000000000001111111111111111111111111111111111111111111111111111111111
111111111111111111111111111111111111111111111111111111111111111100000000000000000000000000011111111111111111111111111111111111111111111111111111111111
111111111111111111111111111111111111111111111111111111111111111100000000000000000000000000011111111111111111111111111111111111111111111111111111111111
111111111111111111111111111111111111111111111111111111111111100000000000000000000000000000001111111111111111111111111111111111111111111111111111111111
111111111111111111111111111111111111111111111111111111111111100000000000000000000000000000001111111111111111111111111111111111111111111111111111111111
111111111111111111111111111111111111111111111111111111111110000000000000000000000000000000001111111111111111111111111111111111111111111111111111111111
111111111111111111111111111111111111111111111111111111111110000000000000000000000000000000001111111111111111111111111111111111111111111111111111111111
111111111111111111111111111111111111111111111111111111100000000000000000000000000000000000001111111111111111111111111111111111111111111111111111111111
111111111111111111111111111111111111111111111111111111100000000000000000000000000000000000001111111111111111111111111111111111111111111111111111111111
111111111111111111111111111111111111111111111111111100000000000000000000000000000000000000001111111111111111111111111111111111111111111111111111111111
111111111111111111111111111111111111111111111111111100000000000000000000000000000000000000001111111111111111111111111111111111111111111111111111111111
111111111111111111111111111111111111111111111111100000000000000000000000000000000000000000001111111111111111111111111111111111111111111111111111111111
111111111111111111111111111111111111111111111111100000000000000000000000000000000000000000001111111111111111111111111111111111111111111111111111111111
111111111111111111111111111111111111111111111100000000000000000000000000000000000000000000000111111111111111111111111111001111111111111111111111111111
111111111111111111111111111111111111111111111100000000000000000000000000000000000000000000000111111111111111111111111111001111111111111111111111111111
111111111111111111111111111111111111111111111000000000000000000000000000000000000000000000000111111111111111111111111111101111111111111111111111111111
111111111111111111111111111111111111111111111000000000000000000000000000000000000000000000000111111111111111111111111111101111111111111111111111111111
111111111111111111111111111111111111111111110000000000000000000000000000000000000000000000000111111111111111111111111111111111111111111111111111111111
111111111111111111111111111111111111111111110000000000000000000000000000000000000000000000000111111111111111111111111111111111111111111111111111111111
111111111111111111111111111111111111111111100000000000000000000000000000000000000000000000000111111111111111111111111111111111111111111111111111111111
111111111111111111111111111111111111111111100000000000000000000000000000000000000000000000000111111111111111111111111111111111111111111111111111111111
111111111111111111111111111111111111111111111100000000000000000000000000000000000000000000000011111111111111111111111111111111111111111111111111111111
111111111111111111111111111111111111111111111100000000000000000000000000000000000000000000000011111111111111111111111111111111111111111111111111111111
111111111111111111111111111111111111111111111110000000000000000000000000000000000000000000000011111111111111111111111111111111111111111111111111111111
111111111111111111111111111111111111111111111110000000000000000000000000000000000000000000000011111111111111111111111111111111111111111111111111111111
111111111111111111111111111111111111111111111110000000000000000000000000000000000000000000000011111111111111111111111111111111111111111111111111111111
111111111111111111111111111111111111111111111110000000000000000000000000000000000000000000000011111111111111111111111111111111111111111111111111111111
111111111111111111111111111111111111111111111111000000000000000000000000000000000000000000000011111111111111111111111111111111111111111111111111111111
111111111111111111111111111111111111111111111111000000000000000000000000000000000000000000000011111111111111111111111111111111111111111111111111111111
111111111111111111111111111111111111111111111111111110000000000000000000000000000000000000000011111111111111111111111111111111111111111111111111111111
111111111111111111111111111111111111111111111111111110000000000000000000000000000000000000000011111111111111111111111111111111111111111111111111111111
111111111111111111111111111111111111111111111111111111111111111111111111111111111111111111111111111111111111111111111111111111111111111111111111111111
111111111111111111111111111111111111111111111111111111111111111111111111111111111111111111111111111111111111111111111111111111111111111111111111111111
