111111111111111111111111111111111111111111111111111111111111111111111111111111111111111111111111111111111111111111111111111111111111111111111111111111
111111111111111111111111111111111111111111111111111111111111111111111111111111111111111111111111111111111111111111111111111111111111111111111111111111
111111111111111111111111111111111111111111111111111111111111111111111111111111111111111111111111111111111111111111111111111111111111111111111111111111
111111111111111111111111111111111111111111111111111111111111111111111111111111111111111111111111111111111111111111111111111111111111111111111111111111
111111111111111111111111111111111111111111111111111111111111111111111111111111111111111111111111111111111111111111111111111111111111111111111111111111
111111111111111111111111111111111111111111111111111111111111111111111111111111111111111111111111111111111111111111111111111111111111111111111111111111
111111111111111111111111111111111111111111111111111111111111111111111111111111111111111111111111111111111111111111111111111111111111111001111111111111
111111111111111111111111111111111111111111111111111111111111111111111111111111111111111111111111111111111111111111111111111111111111111001111111111111
111111111111111111111111111111111111111111111111111111111111111111111111111111111111111111111111111111111111111111111111111111111111110111111111011111
111111111111111111111111111111111111111111111111111111111111111111111111111111111111111111111111111111111111111111111111111111111111110111111111011111
111111111111111111111111111111111111111111111111111111111111111111111111111111111111111111111111111111111111111111111111111111111111111111111111111111
111111111111111111111111111111111111111111111111111111111111111111111111111111111111111111111111111111111111111111111111111111111111111111111111111111
111111111111111111111111111111111111111111111111111111111111111111111111111111111111111111111111111111111111111111111111111111111111111111111111111111
111111111111111111111111111111111111111111111111111111111111111111111111111111111111111111111111111111111111111111111111111111111111111111111111111111
111111111111111111111111111111111111111111111111111111111111111111111111111111111111111111111111111111111111111111111111111111111111111111111111111111
111111111111111111111111111111111111111111111111111111111111111111111111111111111111111111111111111111111111111111111111111111111111111111111111111111
111111111111111111111111111111111111111111111111111111111111111111111111111111111111111001111111111111111111111111111111111111111111111111111111111111
111111111111111111111111111111111111111111111111111111111111111111111111111111111111111001111111111111111111111111111111111111111111111111111111111111
111111111111111111111111111111111111111111111111111111111111111111111111111111111111111111111100000000000000111111111111111111111111111111111111111111
111111111111111111111111111111111111111111111111111111111111111111111111111111111111111111111100000000000000111111111111111111111111111111111111111111
111111111111111111111111111111111111111111111111111111111111111111111111111111111111111111100000000000000000000111111111111111111111111111111111111111
111111111111111111111111111111111111111111111111111111111111111111111111111111111111111111100000000000000000000111111111111111111111111111111111111111
111111111111111111111111111111111111111111111111111111111111111111111111111111111111110110000000000000000000000001111111111111111111111111111111111111
111111111111111111111111111111111111111111111111111111111111111111111111111111111111110110000000000000000000000001111111111111111111111111111111111111
111111111111111111111111111111111111111111111111111111111111111111111111111111111111111000000000000000000000000000111111111111111111111111111111111111
111111111111111111111111111111111111111111111111111111111111111111111111111111111111111000000000000000000000000000111111111111111111111111111111111111
111111111111111111111111111111111111111111111111111111111111111111111111111111111111110000000000000000000000000000011111111111111111111111111111111111
111111111111111111111111111111111111111111111111111111111111111111111111111111111111110000000000000000000000000000011111111111111111111111111111111111
111111111111111111111111111111111111111111111111111111111111111111111111111111111111110000000000000000000000000000011111111111111111111111111111111111
111111111111111111111111111111111111111111111111111111111111111111111111111111111111110000000000000000000000000000011111111111111111111111111111111111
111111111111111111111111111111111111111111111111111111111111111111111111111111111111100000000000000000000000000000001111111111111111111111111111111111
111111111111111111111111111111111111111111111111111111111111111111111111111111111111100000000000000000000000000000001111111111111111111111111111111111
111111111111111111111111111111111111111111111111111111111111111111111111111111111111100000000000000000000000000000001111111111111111111111111111111111
111111111111111111111111111111111111111111111111111111111111111111111111111111111111100000000000000000000000000000001111111111111111111111111111111111
111111111111111111111111111111111111111111111111111111111111111111111111111111111111100000000000000000000000000000000111111111111111111111111111111111
111111111111111111111111111111111111111111111111111111111111111111111111111111111111100000000000000000000000000000000111111111111111111111111111111111
111111111111111111111111111111111111111111111111111111111111111111111111111111111111110000000000000000000000000000000111111111111111111111111111111111
111111111111111111111111111111111111111111111111111111111111111111111111111111111111110000000000000000000000000000000111111111111111111111111111111111
111111111111111111111111111111111111111111111111111111111111111111111111111111111111111100100000000000000000000000000111111111111111111111111111111111
111111111111111111111111111111111111111111111111111111111111111111111111111111111111111100100000000000000000000000000111111111111111111111111111111111
111111111111111111111111111111111111111111111111111111111111111111111111111111111111111111000000000000000000000000000011111111111111111111111111111111
111111111111111111111111111111111111111111111111111111111111111111111111111111111111111111000000000000000000000000000011111111111111111111111111111111
111111111111111111111111111111111111111111111111111111111111111111111111111111111111111111110000000000000000000000000011111111111111111111111111111111
111111111111111111111111111111111111111111111111111111111111111111111111111111111111111111110000000000000000000000000011111111111111111111111111111111
111111111111111111111111111111111111111111111111111111111111111111111111111111111111111111111000000000000000000000011101111111111111111111111111111111
111111111111111111111111111111111111111111111111111111111111111111111111111111111111111111111000000000000000000000011101111111111111111111111111111111
111111111111111111111111111111111111111111111111111111111111111111111111111111111111111111111100000000000000000000011111111111111111111111111111111111
111111111111111111111111111111111111111111111111111111111111111111111111111111111111111111111100000000000000000000011111111111111111111111111111111111
111111111111111111111111111111111111111111111111111111111111111111111111111111111111111111111111110000000000000000011111111111111111111111111111111111
111111111111111111111111111111111111111111111111111111111111111111111111111111111111111111111111110000000000000000011111111111111111111111111111111111
111111111111111111111111111111111111110000000000000000000001111111111111111111111011111111111111110000000000000001111111100111111111111111111111111111
111111111111111111111111111111111111110000000000000000000001111111111111111111111011111111111111110000000000000001111111100111111111111111111111111111
111111111111111111111111111111111100000000000000000000000000000000000000000000000000000000000000000000000000000000001111111111111111111111111111111111
111111111111111111111111111111111100000000000000000000000000000000000000000000000000000000000000000000000000000000001111111111111111111111111111111111
111111111111111111111111111100000000000000000000000000000000000000000000000000000000000000000000000000000000000000001111111111111111111111111111111111
111111111111111111111111111100000000000000000000000000000000000000000000000000000000000000000000000000000000000000001111111111111111111111111111111111
111111111111111111000001100000000000000000000000000000000000000000000000000000000000000000000000000000000000000000000011111111111111111111111111111111
111111111111111111000001100000000000000000000000000000000000000000000000000000000000000000000000000000000000000000000011111111111111111111111111111111
011111111111000000000000000000000000000000000000000000000000000000000000000000000000000000000000000000000000000000000000111111111111111111111111111111
011111111111000000000000000000000000000000000000000000000000000000000000000000000000000000000000000000000000000000000000111111111111111111111111111111
000000000000000000000000000000000000000000000001111111111111111111111111100000000000000000000000000000000000000000000000000111111111111111111111111111
000000000000000000000000000000000000000000000001111111111111111111111111100000000000000000000000000000000000000000000000000111111111111111111111111111
000000000000000000000000000000000000000000111111111111110111111111111111111111111111111111110000000000000000000000000000000001111111111111111111111111
000000000000000000000000000000000000000000111111111111110111111111111111111111111111111111110000000000000000000000000000000001111111111111111111111111
000000000000000000000011110000000000000000001111111111111111111111111111111111111111111111111100000000000000000000000000000000111111111111111111111111
000000000000000000000011110000000000000000001111111111111111111111111111111111111111111111111100000000000000000000000000000000111111111111111111111111
011111111100000000000111111111110111111111000111111111111111111111111111111110111111111111111110000000000000000000000000000000011111111111111111111000
011111111100000000000111111111110111111111000111111111111111111111111111111110111111111111111110000000000000000000000000000000011111111111111111111000
111111111111111110000001111111111111111111100011111111111111111111111111111110111111111111111110000000000000000000000000000000001111111111111111111111
111111111111111110000001111111111111111111100011111111111111111111111111111110111111111111111110000000000000000000000000000000001111111111111111111111
111111111111111111111111111111111111111111100011111111111111111111111111111111111111111111111111000000000000000000000000000000011111111111111111111111
111111111111111111111111111111111111111111100011111111111111111111111111111111111111111111111111000000000000000000000000000000011111111111111111111111
111111111111111111111111111111111111111111000111111111111111111111111111111111111111111111111111110000000000000000000000000000011111111111111111111111
111111111111111111111111111111111111111111000111111111111111111111111111111111111111111111111111110000000000000000000000000000011111111111111111111111
111111111111111111111111111111111111111100001111111111111111111111111111111111111111111111111111111000000000000000000000000000011111111111111111111111
111111111111111111111111111111111111111100001111111111111111111111111111111111111111111111111111111000000000000000000000000000011111111111111111111111
111111111111111111111111111111110000000000011111111111111111111111111111111111111111111111111111111000000000000000000000000000001111111111111111111111
111111111111111111111111111111110000000000011111111111111111111111111111111111111111111111111111111000000000000000000000000000001111111111111111111111
111111111111111111111111111111111110000011111111111111111111111111111111111111111111111111111111111100000000000000000000000000000111111111111111111111
111111111111111111111111111111111110000011111111111111111111111111111111111111111111111111111111111100000000000000000000000000000111111111111111111111
111111111111111111111111111111111111111111111111111111111111111111111111111111111111111111111111111100000000000000000000000000000011111111111111111111
111111111111111111111111111111111111111111111111111111111111111111111111111111111111111111111111111100000000000000000000000000000011111111111111111111
111111111111111111111111111111111111111111111111111111111111111111111111111111111111111111111111111100000000000000000000000000000000011111111111111111
111111111111111111111111111111111111111111111111111111111111111111111111111111111111111111111111111100000000000000000000000000000000011111111111111111
111111111111111111111111111111111111111111111111111111111111111111111111111111111111111111111111111100000000000000000000000000000000000011111111111111
111111111111111111111111111111111111111111111111111111111111111111111111111111111111111111111111111100000000000000000000000000000000000011111111111111
111111111111111111111111111111111111111111111111111111111111111111111111111111111111111111111111110000000000000000000000000000000000000000011111111111
111111111111111111111111111111111111111111111111111111111111111111111111111111111111111111111111110000000000000000000000000000000000000000011111111111
111111111111111111111111111111111111111111111111111111111111111111111111111111111111111111111111110000000000000000000000000001110000000000000011111111
111111111111111111111111111111111111111111111111111111111111111111111111111111111111111111111111110000000000000000000000000001110000000000000011111111
111111111111111111111111111111111111111111111111111111111111111111111111111111111111111111111111111111110000000000000000000001111100000000000000111111
111111111111111111111111111111111111111111111111111111111111111111111111111111111111111111111111111111110000000000000000000001111100000000000000111111
111111111111111111111111111111111111111111111111111111111111111111111111111111111111111111111111111111100000000000000000000000011111100000000000011111
111111111111111111111111111111111111111111111111111111111111111111111111111111111111111111111111111111100000000000000000000000011111100000000000011111
111111111111111111100011111111111111111111111111111111111111111111111111111111111111111111111111111111000000000000000000000000011111111000000000000111
111111111111111111100011111111111111111111111111111111111111111111111111111111111111111111111111111111000000000000000000000000011111111000000000000111
111111111111111111111111111111111111111111111111111111111111111111111111111111111111111111111111111111100000000000000000000000001111111110000000000001
111111111111111111111111111111111111111111111111111111111111111111111111111111111111111111111111111111100000000000000000000000001111111110000000000001
111111111111111111111111111111111111111111111111111111111111111111111111111111111111111111111111111111000000000000000000000000000111111111111100000001
111111111111111111111111111111111111111111111111111111111111111111111111111111111111111111111111111111000000000000000000000000000111111111111100000001
111111111111111111111111111111100011111111111111111111111111111111111111111111111111111111111111111100000000000000000000000000000011111111111110000000
111111111111111111111111111111100011111111111111111111111111111111111111111111111111111111111111111100000000000000000000000000000011111111111110000000
111111111111111111111111111111110001111111111111111111111111111111111111111111111111111111111111111000000000000000000000000000000000111111111110000000
111111111111111111111111111111110001111111111111111111111111111111111111111111111111111111111111111000000000000000000000000000000000111111111110000000
111111111111111111111111111111111111111111111111111111111111111111111111111111111111111111111111110000000000000000000000000000000000111111111110000000
111111111111111111111111111111111111111111111111111111111111111111111111111111111111111111111111110000000000000000000000000000000000111111111110000000
111111111111111111111111111111111111111111111111111111111111111111111111111111111111111111111111000000000000000000000000000000000000011111111110011000
111111111111111111111111111111111111111111111111111111111111111111111111111111111111111111111111000000000000000000000000000000000000011111111110011000
111111111111111111111111111111111111111111111111111111111111111111111111111111111111111111111110000000000000000000000000000000000000001111111110111110
111111111111111111111111111111111111111111111111111111111111111111111111111111111111111111111110000000000000000000000000000000000000001111111110111110
111111111111111111111111111111111111111111111111111111111111111111111111111111111111111111111110000000000000000000000000000000000000000111111111111110
111111111111111111111111111111111111111111111111111111111111111111111111111111111111111111111110000000000000000000000000000000000000000111111111111110
111111111111111111111111111111111111111111111111111111111111111111111111111111111111111111111100000000000000000000000000000000000000000111111111111111
111111111111111111111111111111111111111111111111111111111111111111111111111111111111111111111100000000000000000000000000000000000000000111111111111111
111111111111111111111111111111111111111111111111111111111111111111111111111111111111111111111111111111111111111111111111111111111111111111111111111111
111111111111111111111111111111111111111111111111111111111111111111111111111111111111111111111111111111111111111111111111111111111111111111111111111111
