111111111111111111111111111111111111111111111111111111111111111111111111111110000000000000000000000000000000011111111111111111111111100000000000000000
111111111111111111111111111111111111111111111111111111111111111111111111111110000000000000000000000000000000011111111111111111111111100000000000000000
111111111111111111111111111111111111111111111111111111111111111111111111111000000000000000000000000000000001111111111111111111111111000000000000000000
111111111111111111111111111111111111111111111111111111111111111111111111111000000000000000000000000000000001111111111111111111111111000000000000000000
111111111111111111111111111111111111111111111111111111111111111111111111100000000000000000000000000000000011111111111111111111111110000000000000000000
111111111111111111111111111111111111111111111111111111111111111111111111100000000000000000000000000000000011111111111111111111111110000000000000000000
111111111111111111111111111111111111111111111111111111111111111111111100000000000000000000000000000000001111111111111111111111111111110000000000000000
111111111111111111111111111111111111111111111111111111111111111111111100000000000000000000000000000000001111111111111111111111111111110000000000000000
111111111111111111111111111111111111111111111111111111111111111111110000000000000000000000000000000000011111111111111111111111111111100000000000000000
111111111111111111111111111111111111111111111111111111111111111111110000000000000000000000000000000000011111111111111111111111111111100000000000000000
111111111111111111111111111111111111111111111111111111111111111111000000000000000000000000000000000000111111111111111111111111111110000000000000000000
111111111111111111111111111111111111111111111111111111111111111111000000000000000000000000000000000000111111111111111111111111111110000000000000000000
111111111111111111111111111111111111111111111111111111111111111110000000000000000000000000000000000011111111111111111111111111111000000000000000000000
111111111111111111111111111111111111111111111111111111111111111110000000000000000000000000000000000011111111111111111111111111111000000000000000000000
111111111111111111111111111111111111111111111111111111111111111000000000000000000000000000000000000111111111111111111111111111100000000000000000000000
111111111111111111111111111111111111111111111111111111111111111000000000000000000000000000000000000111111111111111111111111111100000000000000000000000
111111111111111111111111111111111111111111111111111111111111110000000000000000000000000000000000001111111111111111111111111110000000000000000000000000
111111111111111111111111111111111111111111111111111111111111110000000000000000000000000000000000001111111111111111111111111110000000000000000000000000
111111111111111111111111111111111111111111111111111111111111111000000000000000000000000000000000011111111111111111111111111100000000000000000000000000
111111111111111111111111111111111111111111111111111111111111111000000000000000000000000000000000011111111111111111111111111100000000000000000000000000
111111111111111111111111111111111111111111111111111111111111111110000000000000000000000000000000111111111111111111111111110000000001100000000000000000
111111111111111111111111111111111111111111111111111111111111111110000000000000000000000000000000111111111111111111111111110000000001100000000000000000
111111111111111111111111111111111111111111111111111111111111111111000000000000000000000000000001111111111111111111111111100000001111111000000000000000
111111111111111111111111111111111111111111111111111111111111111111000000000000000000000000000001111111111111111111111111100000001111111000000000000000
111111111111111111111111111111111111111111111111111111111111111111110000000000000000000000000001111111111111111111111111100000111111111110000000000000
111111111111111111111111111111111111111111111111111111111111111111110000000000000000000000000001111111111111111111111111100000111111111110000000000000
111111111111111111111111111111111111111111111111111111111111111111000000000000000000000000000011111111111111111111111111111111111111111111000000000000
111111111111111111111111111111111111111111111111111111111111111111000000000000000000000000000011111111111111111111111111111111111111111111000000000000
111111111111111111111111111111111111111111111111111111111111111110000000000000000000000000000111111111111111111111111111111111111111111111000000000000
111111111111111111111111111111111111111111111111111111111111111110000000000000000000000000000111111111111111111111111111111111111111111111000000000000
111111111111111111111111111111111111111111111111111111111111111000000000000000000000000000001111111111111111111111111111111111111111111110000000000000
111111111111111111111111111111111111111111111111111111111111111000000000000000000000000000001111111111111111111111111111111111111111111110000000000000
111111111111111111111111111111111111111111111111111111111111100000000000000000000000000000111111111111111111111111111111111111111111111110000000000000
111111111111111111111111111111111111111111111111111111111111100000000000000000000000000000111111111111111111111111111111111111111111111110000000000000
111111111111111111111111111111111111111111111111111111111111000000000000000000110000000001111111111111111111111111111111111111111111111110000000000000
111111111111111111111111111111111111111111111111111111111111000000000000000000110000000001111111111111111111111111111111111111111111111110000000000000
111111111111111111111111111111111111111111111111111111111110000000000000000001111111100111111111111111111111111111111111111111111111111100000000000001
111111111111111111111111111111111111111111111111111111111110000000000000000001111111100111111111111111111111111111111111111111111111111100000000000001
111111111111111111111111111111111111111111111111111111111100000000000000000011111111111111111111111111111111111111111111111111111111111000000000000011
111111111111111111111111111111111111111111111111111111111100000000000000000011111111111111111111111111111111111111111111111111111111111000000000000011
111111111111111111111111111111111111111111111111111111110000000000000000000111111111111111111111111111111111111111111111111111111111111000000000000111
111111111111111111111111111111111111111111111111111111110000000000000000000111111111111111111111111111111111111111111111111111111111111000000000000111
111111111111111111111111111111111111111111111111111111110000000000000000001111111111111111111111111111111111111111111111111111111111110000000000011111
111111111111111111111111111111111111111111111111111111110000000000000000001111111111111111111111111111111111111111111111111111111111110000000000011111
111111111111111111111111111111111111111111111111111111100000000000000000001111111111111111111111111111111111111111111111111111111111100000000001111111
111111111111111111111111111111111111111111111111111111100000000000000000001111111111111111111111111111111111111111111111111111111111100000000001111111
111111111111111111111111111111111111111111111111111111000000000000000000011111111111111111111111111111111111111111111111111111111100000000000111111111
111111111111111111111111111111111111111111111111111111000000000000000000011111111111111111111111111111111111111111111111111111111100000000000111111111
111111111111111111111111111111111111111111111111111110000000000000000000111111111111111111111111111111111111111111111111111111100000000000011111111111
111111111111111111111111111111111111111111111111111110000000000000000000111111111111111111111111111111111111111111111111111111100000000000011111111111
111111111111111111111111111111111111111111111111111110000000000000000011111111111111111111111111111111111111111111111111111111000000000001111111111111
111111111111111111111111111111111111111111111111111110000000000000000011111111111111111111111111111111111111111111111111111111000000000001111111111111
111111111111111111111111111111111111111111111111111100000000000000000111111111111111111111111111111111111111111111111111111100000000000111111111111111
111111111111111111111111111111111111111111111111111100000000000000000111111111111111111111111111111111111111111111111111111100000000000111111111111111
111111111111111111111111111111111111111111111111111100000000000000001111111111111111111111111111111111111111111111111111111000000000001111111111111111
111111111111111111111111111111111111111111111111111100000000000000001111111111111111111111111111111111111111111111111111111000000000001111111111111111
111111111111111111111111111111111111111111111111111000000000000000000000111111111111111111111111111111111111111111111111110000000000111111111111111111
111111111111111111111111111111111111111111111111111000000000000000000000111111111111111111111111111111111111111111111111110000000000111111111111111111
111111111111111111111111111111111111111111111111111000000000000001100000111111111111111111111111111111111111111111111111110011111111111111111111111111
111111111111111111111111111111111111111111111111111000000000000001100000111111111111111111111111111111111111111111111111110011111111111111111111111111
111111111111111111111111111111111111111111111111111000000000000001111111111111111111111111111111111111111111111111111111111111111111111111111111111111
111111111111111111111111111111111111111111111111111000000000000001111111111111111111111111111111111111111111111111111111111111111111111111111111111111
111111111111111111111111111111111111111111111111111000000000000000011111111111111111111111111111111111111111111111111111111111111111111111111111111111
111111111111111111111111111111111111111111111111111000000000000000011111111111111111111111111111111111111111111111111111111111111111111111111111111111
111111111111111111111111111111111111111111111111111000000000000000111111111111111111111111111111111111111111111111111111111111111111111111111111111111
111111111111111111111111111111111111111111111111111000000000000000111111111111111111111111111111111111111111111111111111111111111111111111111111111111
111111111111111111111111111111111111111111111111111100000000000000011111111111111111111111111111111111111111111111111111111111111111111111111111111111
111111111111111111111111111111111111111111111111111100000000000000011111111111111111111111111111111111111111111111111111111111111111111111111111111111
111111111111111111111111111111111111111111111111111100001100001111111111111111111111111111111111111111111111111111111111111111111111111111111111111111
111111111111111111111111111111111111111111111111111100001100001111111111111111111111111111111111111111111111111111111111111111111111111111111111111111
111111111111111111111111111111111111111111111111111110011111000011111110000000000000000000000000000000000000000000000001111111111111111111111111111111
111111111111111111111111111111111111111111111111111110011111000011111110000000000000000000000000000000000000000000000001111111111111111111111111111111
111111111111111111111111111111111111111111111111111110000000000000000000000000000000000000000000000000000000000000000000000000000011111111111111111111
111111111111111111111111111111111111111111111111111110000000000000000000000000000000000000000000000000000000000000000000000000000011111111111111111111
111111111111111111111111111111111110000000000000000000000000000000000000000000000000000000000000000000000000000000000000000000000000000000000111111111
111111111111111111111111111111111110000000000000000000000000000000000000000000000000000000000000000000000000000000000000000000000000000000000111111111
111111111111111111111000000000000000000000000000000000000000000000000000000000000000000000000000000000000000000000000000000000000000000000000000000000
111111111111111111111000000000000000000000000000000000000000000000000000000000000000000000000000000000000000000000000000000000000000000000000000000000
100000000000000000000000000000000000000000000000000000000000000000000000000000000000000000000000000000000000000000000000000000000000000000000000000000
100000000000000000000000000000000000000000000000000000000000000000000000000000000000000000000000000000000000000000000000000000000000000000000000000000
000000000000000000000000000000000000000000000000000000000000000000000000000000000000000000000000000000000000000000000000000000000000000000000000000000
000000000000000000000000000000000000000000000000000000000000000000000000000000000000000000000000000000000000000000000000000000000000000000000000000000
000000000000000000000000000000000000000000000000000000000000000000000000000000000000000000000000000000000000000000000000000000000000000000000000000000
000000000000000000000000000000000000000000000000000000000000000000000000000000000000000000000000000000000000000000000000000000000000000000000000000000
000000000000000000000000000000000000000000000000000000000000000000000000000000000000000000000000000000000000000000000000000000000000000000000000000000
000000000000000000000000000000000000000000000000000000000000000000000000000000000000000000000000000000000000000000000000000000000000000000000000000000
111111111111111111110000000000000000000000000000000000000000000000000000000000000000000000000000000000000000000000000000000000000000000000000000000000
111111111111111111110000000000000000000000000000000000000000000000000000000000000000000000000000000000000000000000000000000000000000000000000000000000
111111111111111111111111111111111111110000000000000000000000000000000000000000000000000000000000000000000000000000000000000000000000000000000000000000
111111111111111111111111111111111111110000000000000000000000000000000000000000000000000000000000000000000000000000000000000000000000000000000000000000
111111111111111111111111111111111111111111111111111111111000000000000000000000000000000000000000000000000000000000000000000000000000000000000111110000
111111111111111111111111111111111111111111111111111111111000000000000000000000000000000000000000000000000000000000000000000000000000000000000111110000
111111111111111111111111111111111111111111111111111111111111111111111111111111111100000000000000000000000000000000000000000000011111111111111111111111
111111111111111111111111111111111111111111111111111111111111111111111111111111111100000000000000000000000000000000000000000000011111111111111111111111
111111111111111111111111111111111111111111111111111111111111111111111111111111111111111111111111111111111111111111111111111111111111111111111111111111
111111111111111111111111111111111111111111111111111111111111111111111111111111111111111111111111111111111111111111111111111111111111111111111111111111
111111111111111111111111111111111111111111111111111111111111111111111111111111111111111111111111111111111111111111111111111111111111111111111111111111
111111111111111111111111111111111111111111111111111111111111111111111111111111111111111111111111111111111111111111111111111111111111111111111111111111
111111111111111111111111111111111111111111111111111111111111111111111111111111111111111111111111111111111111111111111111111111111111111111111111111111
111111111111111111111111111111111111111111111111111111111111111111111111111111111111111111111111111111111111111111111111111111111111111111111111111111
111111111111111111111111111111111111111111111111111111111111111111111111111111111111111111111111111111111111111111111111111111111111111111111111111111
111111111111111111111111111111111111111111111111111111111111111111111111111111111111111111111111111111111111111111111111111111111111111111111111111111
111111111111111111111111111111111111111111111111111111111111111111111111111111111111111111111111111111111111111111111111111111111111111111111111111111
111111111111111111111111111111111111111111111111111111111111111111111111111111111111111111111111111111111111111111111111111111111111111111111111111111
111111111111111111111111111111111111111111111111111111111111111111111111111111111111111111111111111111111111111111111111111111111111111111111111111111
111111111111111111111111111111111111111111111111111111111111111111111111111111111111111111111111111111111111111111111111111111111111111111111111111111
111111111111111111111111111111111111111111111111111111111111111111111111111111111111111111111111111111111111111111111111111111111111111111111111111111
111111111111111111111111111111111111111111111111111111111111111111111111111111111111111111111111111111111111111111111111111111111111111111111111111111
111111111111111111111111111111111111111111111111111111111111111111111111111111111111111111111111111111111111111111111111111111111111111111111111111111
111111111111111111111111111111111111111111111111111111111111111111111111111111111111111111111111111111111111111111111111111111111111111111111111111111
111111111111111111111111111111111111111111111111111111111111111111111111111111111111111111111111111111111111111111111111111111111111111111111111111111
111111111111111111111111111111111111111111111111111111111111111111111111111111111111111111111111111111111111111111111111111111111111111111111111111111
111111111111111111111111111111111111111111111111111111111111111111111111111111111111111111111111111111111111111111111111111111111111111111111111111111
111111111111111111111111111111111111111111111111111111111111111111111111111111111111111111111111111111111111111111111111111111111111111111111111111111
111111111111111111111111111111111111111111111111111111111111111111111111111111111111111111111111111111111111111111111111111111111111111111111111111111
111111111111111111111111111111111111111111111111111111111111111111111111111111111111111111111111111111111111111111111111111111111111111111111111111111
