111111111111111111111111111111111111111111111111111111111111111111111111111100000000000000000000000000000000000000000000000000000000000000000000000111
111111111111111111111111111111111111111111111111111111111111111111111111111100000000000000000000000000000000000000000000000000000000000000000000000111
111111111111111111111111111111111111111111111111111111111111111111111111000000000000000000000000000000000000000000000000000000000000000000000000000001
111111111111111111111111111111111111111111111111111111111111111111111111000000000000000000000000000000000000000000000000000000000000000000000000000001
111111111111111111111111111111111111111111111111111111111111111111111000000000000000000000000000000000000000000000000000000000000000000000000000000000
111111111111111111111111111111111111111111111111111111111111111111111000000000000000000000000000000000000000000000000000000000000000000000000000000000
111111111111111111111111111111111111111111111111111111111111111111110000000000000000000000000000000000000000000000000000000000000000000000000000000000
111111111111111111111111111111111111111111111111111111111111111111110000000000000000000000000000000000000000000000000000000000000000000000000000000000
111111111111111111111111111111111111111111111111111111111111111111000000000000000000000000000000000000000000000000000000000000000000000000000000000000
111111111111111111111111111111111111111111111111111111111111111111000000000000000000000000000000000000000000000000000000000000000000000000000000000000
111111111111111111111111111111111111111111111111111111111111111111000000000000000000000000000000000000000000000000000000000000000000000000000000000000
111111111111111111111111111111111111111111111111111111111111111111000000000000000000000000000000000000000000000000000000000000000000000000000000000000
111111111111111111111111111111111111111111111111111111111111111111000000000000000000000000000000000000000000000000000000000000000000000000000000000000
111111111111111111111111111111111111111111111111111111111111111111000000000000000000000000000000000000000000000000000000000000000000000000000000000000
111111111111111111111111111111111111111111111111111111111111111111100000000000000000000000000000000000000000000000000000000000000000000000000000000000
111111111111111111111111111111111111111111111111111111111111111111100000000000000000000000000000000000000000000000000000000000000000000000000000000000
111111111111111111111111111111111111111111111111111111111111111111110000000000000111100000000000000001111000000000000000000000000000000000000000000000
111111111111111111111111111111111111111111111111111111111111111111110000000000000111100000000000000001111000000000000000000000000000000000000000000000
111111111111111111111111111111111111111111111111111111111111111111111111111001111111000000000000000111111110000000000000000000000000000000000000000000
111111111111111111111111111111111111111111111111111111111111111111111111111001111111000000000000000111111110000000000000000000000000000000000000000000
111111111111111111111111111111111111111111111111111111111111111111111111111111111111000000000000001111111111110000000000000000000000000000000000000000
111111111111111111111111111111111111111111111111111111111111111111111111111111111111000000000000001111111111110000000000000000000000000000000000000000
111111111111111111111111111111111111111111111111111111111111111111111111111111111111000000000000001111111111111100000000000000000000000000000000000000
111111111111111111111111111111111111111111111111111111111111111111111111111111111111000000000000001111111111111100000000000000000000000000000000000000
111111111111111111111111111111111111111111111111111111111111111111111111111111111111000000000000001111111111111100000000000000000000000000000000000000
111111111111111111111111111111111111111111111111111111111111111111111111111111111111000000000000001111111111111100000000000000000000000000000000000000
111111111111111111111111111111111111111111111111111111111111111111111111111111111111000000000000001111111111111110000000000000001000000000000000000000
111111111111111111111111111111111111111111111111111111111111111111111111111111111111000000000000001111111111111110000000000000001000000000000000000000
111111111111111111111111111111111111111111111111111111111111111111111111111111111111000000000000001111111111111110000000000000001100000000000000000000
111111111111111111111111111111111111111111111111111111111111111111111111111111111111000000000000001111111111111110000000000000001100000000000000000000
111111111111111111111111111111111111111111111111111111111111111111111111111111111111000000000000011111111111111110000000000000001110000000000000000000
111111111111111111111111111111111111111111111111111111111111111111111111111111111111000000000000011111111111111110000000000000001110000000000000000000
111111111111111111111111111111111111111111111111111111111111111111111111111111111111000000000000011111111111111110000000000000001111000000000000000000
111111111111111111111111111111111111111111111111111111111111111111111111111111111111000000000000011111111111111110000000000000001111000000000000000000
111111111111111111111111111111111111111111111111111111111111111111111111111111111111000000000000011111111111111100000000000000001111000000000000000000
111111111111111111111111111111111111111111111111111111111111111111111111111111111111000000000000011111111111111100000000000000001111000000000000000000
111111111111111111111111111111111111111111111111111111111111111111111111111111111110000000000000111111111111111100000000000000001111000000000000000000
111111111111111111111111111111111111111111111111111111111111111111111111111111111110000000000000111111111111111100000000000000001111000000000000000000
111111111111111111111111111111111111111111111111111111111111111111111111111111111110000000000000111111111111111000000000000000011111000000000000000000
111111111111111111111111111111111111111111111111111111111111111111111111111111111110000000000000111111111111111000000000000000011111000000000000000000
111111111111111111111111111111111111111111111111111111111111111111111111111111111100000000000000111111111111111000000000000000111111100000000000000000
111111111111111111111111111111111111111111111111111111111111111111111111111111111100000000000000111111111111111000000000000000111111100000000000000000
111111111111111111111111111111111111111111111111111111111111111111111111111111111000000000000001111111111111110000000000000001111111100000000000000000
111111111111111111111111111111111111111111111111111111111111111111111111111111111000000000000001111111111111110000000000000001111111100000000000000000
111111111111111111111111111111111111111111111111111111111111111111111111111111111000000000000001111111111111110000000000000011111111100000000000000000
111111111111111111111111111111111111111111111111111111111111111111111111111111111000000000000001111111111111110000000000000011111111100000000000000000
111111111111111111111111111111111111111111111111111111111111111111111111111111110000000000000011111111111111100000000000000011111111100000000000000000
111111111111111111111111111111111111111111111111111111111111111111111111111111110000000000000011111111111111100000000000000011111111100000000000000000
111111111111111111111111111111111111111111111111111111111111111111111111111111100000000000000111111111111111100000000000000111111111110000000000000000
111111111111111111111111111111111111111111111111111111111111111111111111111111100000000000000111111111111111100000000000000111111111110000000000000000
111111111111111111111111111111111111111111111111111111111111111111111111111111000000000000001111111111111111000000000000001111111111110000000000000000
111111111111111111111111111111111111111111111111111111111111111111111111111111000000000000001111111111111111000000000000001111111111110000000000000000
111111111111111111111111111111111111111111111111111111111111111111111111111110000000000000011111111111111110000000000000001111111111110000000000000000
111111111111111111111111111111111111111111111111111111111111111111111111111110000000000000011111111111111110000000000000001111111111110000000000000000
111111111111111111111111111111111111111111111111111111111111111111111111111110000000000000011111111111111100000000000000001111111111110000000000000000
111111111111111111111111111111111111111111111111111111111111111111111111111110000000000000011111111111111100000000000000001111111111110000000000000000
111111111111111111111111111111111111111111111111111111111111111111111111111000000000000000111111111111111000000000000000011111111111111000000000000000
111111111111111111111111111111111111111111111111111111111111111111111111111000000000000000111111111111111000000000000000011111111111111000000000000000
111111111111111111111111111111111111111111111111111111111111111111111111110000000000000000111111111111110000000000000000011111111111111000000000000000
111111111111111111111111111111111111111111111111111111111111111111111111110000000000000000111111111111110000000000000000011111111111111000000000000000
111111111111111111111111111111111111111111111111111111111111111111111111100000000000000001111111111111100000000000000000011111111111111000000000000000
111111111111111111111111111111111111111111111111111111111111111111111111100000000000000001111111111111100000000000000000011111111111111000000000000000
111111111111111111111111111111111111111111111111111111111111111111111111000000000000000001111111111111100000000000000000011111111111111000000000000000
111111111111111111111111111111111111111111111111111111111111111111111111000000000000000001111111111111100000000000000000011111111111111000000000000000
111111111111111111111111111111111111111111111111111111111111111111111110000000000000000001111111111111110000000000000000111111111111111000000000000000
111111111111111111111111111111111111111111111111111111111111111111111110000000000000000001111111111111110000000000000000111111111111111000000000000000
111111111111111111111111111111111111111111111111111111111111111111111110000000000000000011111111111111110000000000000000111111111111111000000000000000
111111111111111111111111111111111111111111111111111111111111111111111110000000000000000011111111111111110000000000000000111111111111111000000000000000
111111111111111111111111111111111111111111111111111111111111111111111111000000000000000011111111111111100000000000000001111111111111111000000000000000
111111111111111111111111111111111111111111111111111111111111111111111111000000000000000011111111111111100000000000000001111111111111111000000000000000
111111111111111111111111111111111111111111111111111111111111111111111111000000000000000111111111111111000000000000000001111111111111111000000000000000
111111111111111111111111111111111111111111111111111111111111111111111111000000000000000111111111111111000000000000000001111111111111111000000000000000
111111111111111111111111111111111111111111111111111111111111111000000000000000000000000000000000000000000000000000000001111111111111110000000000000000
111111111111111111111111111111111111111111111111111111111111111000000000000000000000000000000000000000000000000000000001111111111111110000000000000000
111111111111111111111111111111111111111111111110000000000000000000000000000000000000000000000000000000000000000000000000111111111111110000000000000000
111111111111111111111111111111111111111111111110000000000000000000000000000000000000000000000000000000000000000000000000111111111111110000000000000000
111111111111111111111111111111111111100000000000000000000000000000000000000000000000000000000000000000000000000000000000000001111111100000000000000000
111111111111111111111111111111111111100000000000000000000000000000000000000000000000000000000000000000000000000000000000000001111111100000000000000000
111111111111111111111111111000000000000000000000000000000000000000000000000000000000000000000000000000000000000000000000000000000001100000000000000000
111111111111111111111111111000000000000000000000000000000000000000000000000000000000000000000000000000000000000000000000000000000001100000000000000000
111111111111111111111000000000000000000000000000000000000000000000001111100000000000000111111111111110000000000000000000000000000000000000000000000000
111111111111111111111000000000000000000000000000000000000000000000001111100000000000000111111111111110000000000000000000000000000000000000000000000000
111111111111110000000000000000000000000000000000000111111111111111111111111111111111111111111111111111111001001111111110000000000000000000000000000000
111111111111110000000000000000000000000000000000000111111111111111111111111111111111111111111111111111111001001111111110000000000000000000000000000000
111111111000000000000000000000000000000000111111111111111111111111111111111111111111111111111111111111111111111111111111111110000000000000000000000000
111111111000000000000000000000000000000000111111111111111111111111111111111111111111111111111111111111111111111111111111111110000000000000000000000000
111100000000000000000000000000001111111111111111111111111111111111111111111111111111111111111111111111111111111111111111111111111100000000000000000000
111100000000000000000000000000001111111111111111111111111111111111111111111111111111111111111111111111111111111111111111111111111100000000000000000000
000000000000000000000000011111111111111111111111111111111111111111111111111111111111111111111111111111111111111111111111111111111100000000000000000000
000000000000000000000000011111111111111111111111111111111111111111111111111111111111111111111111111111111111111111111111111111111100000000000000000000
000000000000000000111111111111111111111111111111111111111111111111111111111111111111111111111111111111111111111111111111111111111100000000000000000000
000000000000000000111111111111111111111111111111111111111111111111111111111111111111111111111111111111111111111111111111111111111100000000000000000000
000000000000111111111111111111111111111111111111111111111111111111111111111111111111111111111111111111111111111111111111111111111100000000000000000000
000000000000111111111111111111111111111111111111111111111111111111111111111111111111111111111111111111111111111111111111111111111100000000000000000000
000000001111111111111111111111111111111111111111111111111111111111111111111111111111111111111111111111111111111111111111111111111100000000000000000000
000000001111111111111111111111111111111111111111111111111111111111111111111111111111111111111111111111111111111111111111111111111100000000000000000000
000111111111111111111111111111111111111111111111111111111111111111111111111111111111111111111111111111111111111111111111111111111100000000000000000000
000111111111111111111111111111111111111111111111111111111111111111111111111111111111111111111111111111111111111111111111111111111100000000000000000000
111111111111111111111111111111111111111111111111111111111111111111111111111111111111111111111111111111111111111111111111111111111100000000000000000000
111111111111111111111111111111111111111111111111111111111111111111111111111111111111111111111111111111111111111111111111111111111100000000000000000000
111111111111111111111111111111111111111111111111111111111111111111111111111111111111111111111111111111111111111111111111111111111100000000000000000000
111111111111111111111111111111111111111111111111111111111111111111111111111111111111111111111111111111111111111111111111111111111100000000000000000000
111111111111111111111111111111111111111111111111111111111111111111111111111111111111111111111111111111111111111111111111111111111100000000000000000000
111111111111111111111111111111111111111111111111111111111111111111111111111111111111111111111111111111111111111111111111111111111100000000000000000000
111111111111111111111111111111111111111111111111111111111111111111111111111111111111111111111111111111111111111111111111111111111100000000000000000000
111111111111111111111111111111111111111111111111111111111111111111111111111111111111111111111111111111111111111111111111111111111100000000000000000000
111111111111111111111111111111111111111111111111111111111111111111111111111111111111111111111111111111111111111111111111111111111100000000000000000000
111111111111111111111111111111111111111111111111111111111111111111111111111111111111111111111111111111111111111111111111111111111100000000000000000000
111111111111111111111111111111111111111111111111111111111111111111111111111111111111111111111111111111111111111111111111111111111100000000000000000000
111111111111111111111111111111111111111111111111111111111111111111111111111111111111111111111111111111111111111111111111111111111100000000000000000000
111111111111111111111111111111111111111111111111111111111111111111111111111111111111111111111111111111111111111111111111111111111100000000000000000000
111111111111111111111111111111111111111111111111111111111111111111111111111111111111111111111111111111111111111111111111111111111100000000000000000000
111111111111111111111111111111111111111111111111111111111111111111111111111111111111111111111111111111111111111111111111111111111100000000000000000000
111111111111111111111111111111111111111111111111111111111111111111111111111111111111111111111111111111111111111111111111111111111100000000000000000000
111111111111111111111111111111111111111111111111111111111111111111111111111111111111111111111111111111111111111111111111111111111111111111111111111111
111111111111111111111111111111111111111111111111111111111111111111111111111111111111111111111111111111111111111111111111111111111111111111111111111111
