111111111111111111111111111111111111111111111111111111111111111111111111111111111000000000000000000000000000000000000000000000001111111111111111111111
111111111111111111111111111111111111111111111111111111111111111111111111111111111000000000000000000000000000000000000000000000001111111111111111111111
111111111111111111111111111111111111111111111111111111111111111111111111111111111100000000000000000000000000000000000000000000011111111111111111111111
111111111111111111111111111111111111111111111111111111111111111111111111111111111100000000000000000000000000000000000000000000011111111111111111111111
111111111111111111111111111111111111111111111111111111111111111111111111111111111111111111100000000000000000000000000000000000111111111111111111111111
111111111111111111111111111111111111111111111111111111111111111111111111111111111111111111100000000000000000000000000000000000111111111111111111111111
111111111111111111111111111111111111111111111111111111111111111111111111111111111111111111110000000000000000000000000000000011111111111111111111111111
111111111111111111111111111111111111111111111111111111111111111111111111111111111111111111110000000000000000000000000000000011111111111111111111111111
111111111111111111111111111111111111111111111111111111111111111111111111111111111111111111110000000000000000000000000000000000000001111111111111111111
111111111111111111111111111111111111111111111111111111111111111111111111111111111111111111110000000000000000000000000000000000000001111111111111111111
111111111111111111111111111111111111111111111111111111111111111111111111111111111111111111111100000000000000000000000000000000000000001111111111111111
111111111111111111111111111111111111111111111111111111111111111111111111111111111111111111111100000000000000000000000000000000000000001111111111111111
111111111111111111111111111111111111111111111111111111111111111111111111111111111111111111111111000000000000000000000000000000000000001111111111111111
111111111111111111111111111111111111111111111111111111111111111111111111111111111111111111111111000000000000000000000000000000000000001111111111111111
111111111111111111111111111111111111111111111111111111111111111111111111111111111111111110000000000000000000000000000000000000000000001111111111111111
111111111111111111111111111111111111111111111111111111111111111111111111111111111111111110000000000000000000000000000000000000000000001111111111111111
111111111111111111111111111111111111111111111111111111111111111111111111111111111111111000000000000000000000000000000000000000000000000111111111111111
111111111111111111111111111111111111111111111111111111111111111111111111111111111111111000000000000000000000000000000000000000000000000111111111111111
111111111111111111111111111111111111111111111111111111111111111111111111111111111111110000000000000000000000000000000000000000000000000111111111111111
111111111111111111111111111111111111111111111111111111111111111111111111111111111111110000000000000000000000000000000000000000000000000111111111111111
111111111111111111111111111111111111111111111111111111111111111111111111111111111111110000000000000000000000000000000000000000000000000001111111111111
111111111111111111111111111111111111111111111111111111111111111111111111111111111111110000000000000000000000000000000000000000000000000001111111111111
111111111111111111111111111111111111111111111111111111111111111111111111111111111111110000000000000000000000000000000000000000000000000001111111111111
111111111111111111111111111111111111111111111111111111111111111111111111111111111111110000000000000000000000000000000000000000000000000001111111111111
111111111111111111111111111111111111111111111111111111111111111111111111111111111111111000000000000000000000000000000000000000000000000000111111111111
111111111111111111111111111111111111111111111111111111111111111111111111111111111111111000000000000000000000000000000000000000000000000000111111111111
111111111111111111111111111111111111111111111111111111111111111111111111111111111111111111000000000000000000000000000000000000000000000000011111111111
111111111111111111111111111111111111111111111111111111111111111111111111111111111111111111000000000000000000000000000000000000000000000000011111111111
111111111111111111111111111111111111111111111111111111111111111111111111111111111111111111100000000000000000000000000000000000000000000000111111111111
111111111111111111111111111111111111111111111111111111111111111111111111111111111111111111100000000000000000000000000000000000000000000000111111111111
111111111111111111111111111111111111111111111111111111111111111111111111111111111111111111100000000000000000000000000000000000000000000001111111111111
111111111111111111111111111111111111111111111111111111111111111111111111111111111111111111100000000000000000000000000000000000000000000001111111111111
111111111111111111111111111111111111111111111111111111111111111111111111111111111111111111110000000000000000000000000000000000000000000001111111111111
111111111111111111111111111111111111111111111111111111111111111111111111111111111111111111110000000000000000000000000000000000000000000001111111111111
111111111111111111111111111111111111111111111111111111111111111111111111111111111111111111111100000000001100000000000000000000000000000001111111111111
111111111111111111111111111111111111111111111111111111111111111111111111111111111111111111111100000000001100000000000000000000000000000001111111111111
111111111111111111111111111111111111111111111111111111111111111111111111111111111111111111111100000000001100000000000000000000000000000001111111111111
111111111111111111111111111111111111111111111111111111111111111111111111111111111111111111111100000000001100000000000000000000000000000001111111111111
111111111111111111111111111111111111111111111111111111111111111111111111111111111111111111111110000000001110000000000000000000000000000001111111111111
111111111111111111111111111111111111111111111111111111111111111111111111111111111111111111111110000000001110000000000000000000000000000001111111111111
111111111111111111111111111111111111111111111111111111111111111111111111111111111111111111111110000000001111000000000000000000000000000000111111111111
111111111111111111111111111111111111111111111111111111111111111111111111111111111111111111111110000000001111000000000000000000000000000000111111111111
111111111111111111111111111111111111111111111111111111111111111111111111111111111111111111111110000000001111110000000000000000000000000000111111111111
111111111111111111111111111111111111111111111111111111111111111111111111111111111111111111111110000000001111110000000000000000000000000000111111111111
111111111111111111111111111111111111111111111111111111111111111111111111111111111111111111111110000000001111111110000000000000000000000000111111111111
111111111111111111111111111111111111111111111111111111111111111111111111111111111111111111111110000000001111111110000000000000000000000000111111111111
111111111111111111111111111111111111111111111111111111111111111111111111111111111111111111111110000000001111111110000000000000000000000000111111111111
111111111111111111111111111111111111111111111111111111111111111111111111111111111111111111111110000000001111111110000000000000000000000000111111111111
111111111111111111111111111111111111111111111111111111111111111111111111111111111111111111111110000000001111111110000000000000000000000000011111111111
111111111111111111111111111111111111111111111111111111111111111111111111111111111111111111111110000000001111111110000000000000000000000000011111111111
111111111111111111111111111111111111111111111111111111111111111111111111111111111111111111111100000000001111111110000000000000000000000000000111111111
111111111111111111111111111111111111111111111111111111111111111111111111111111111111111111111100000000001111111110000000000000000000000000000111111111
111111111111111111111111111111111111111111111111111111111111111111111111111111111111111111111100000000011111111100000000000000000000000000000001111111
111111111111111111111111111111111111111111111111111111111111111111111111111111111111111111111100000000011111111100000000000000000000000000000001111111
111111111111111111111111111111111111111111111111111111111111111111111111111111111111111111111000000000011111111100000000000000000000000000000000011111
111111111111111111111111111111111111111111111111111111111111111111111111111111111111111111111000000000011111111100000000000000000000000000000000011111
111111111111111111111111111111111111111111111111111111111111111111111111111111111111111111110000000000111111111000000000000000000000000000000000001111
111111111111111111111111111111111111111111111111111111111111111111111111111111111111111111110000000000111111111000000000000000000000000000000000001111
111111111111111111111111111111111111111111111111111111111111111111111111111111111111111111100000000001111111111000000000000000000000000000000000000111
111111111111111111111111111111111111111111111111111111111111111111111111111111111111111111100000000001111111111000000000000000000000000000000000000111
111111111111111111111111111111111111111111111111111111111111111111111111111111111111111111000000000011111111111000000000000000000000000000000000000011
111111111111111111111111111111111111111111111111111111111111111111111111111111111111111111000000000011111111111000000000000000000000000000000000000011
111111111111111111111111111111111111111111111000000000000011111111111111111111111111111110000000000011111111110000000000000000000000000000000000000001
111111111111111111111111111111111111111111111000000000000011111111111111111111111111111110000000000011111111110000000000000000000000000000000000000001
111111111111111111111111111111110000000000000000000000000000000000000000000011111111111100000000000111111111110000000000000000000000000000000000000000
111111111111111111111111111111110000000000000000000000000000000000000000000011111111111100000000000111111111110000000000000000000000000000000000000000
111111111111111111111111100000000000000000000000000000000000000000000000000000000000000000000000000111111111110000000000000000000000000000000000000000
111111111111111111111111100000000000000000000000000000000000000000000000000000000000000000000000000111111111110000000000000000000000000000000000000000
111111111111111111110000000000000000000000000000000000000000000000000000000000000000000000000000000111111111110000000000000000000000000000000000000000
111111111111111111110000000000000000000000000000000000000000000000000000000000000000000000000000000111111111110000000000000000000000000000000000000000
111111111111111110000000000000000001111111111111111111111111111111111110000000000000000000000000000000001111110000000000000000000000000000000000000000
111111111111111110000000000000000001111111111111111111111111111111111110000000000000000000000000000000001111110000000000000000000000000000000000000000
111111111111110000000000000111111111111111111111111111111111111111111111111111111110000000000000000000000000000000000000000000000000000000000000000000
111111111111110000000000000111111111111111111111111111111111111111111111111111111110000000000000000000000000000000000000000000000000000000000000000000
111111111110000000000011111111111111111111111111111111111111111111111111111111111111110000000000000000000000000000000000000000000000000000000000000000
111111111110000000000011111111111111111111111111111111111111111111111111111111111111110000000000000000000000000000000000000000000000000000000000000000
111110000000000000011111111111111111111111111111111111111111111111111111111111111111111111111100111100000000000000000000000000000000000000000000000000
111110000000000000011111111111111111111111111111111111111111111111111111111111111111111111111100111100000000000000000000000000000000000000000000000000
000000000000000001111111111111111111111111111111111111111111111111111111111111111111111111111111111111111110000000000000000000000000000000000000000000
000000000000000001111111111111111111111111111111111111111111111111111111111111111111111111111111111111111110000000000000000000000000000000000000000000
000000000000000111111111111111111111111111111111111111111111111111111111111111111111111111111111111111111111100000000000000000000000000000000000000000
000000000000000111111111111111111111111111111111111111111111111111111111111111111111111111111111111111111111100000000000000000000000000000000000000000
000000000000111111111111111111111111111111111111111111111111111111111111111111111111111111111111111111111111100000000000000000000000000000000000000000
000000000000111111111111111111111111111111111111111111111111111111111111111111111111111111111111111111111111100000000000000000000000000000000000000000
000000000111111111111111111111111111111111111111111111111111111111111111111111111111111111111111111111111111000000000000000000000000000000000000000000
000000000111111111111111111111111111111111111111111111111111111111111111111111111111111111111111111111111111000000000000000000000000000000000000000000
000000001111111111111111111111111111111111111111111111111111111111111111111111111111111111111111111111111111000000000000000000000000000000000000000000
000000001111111111111111111111111111111111111111111111111111111111111111111111111111111111111111111111111111000000000000000000000000000000000000000000
000000001111111111111111111111111111111111111111111111111111111111111111111111111111111111111111111111111111000000000000000000000000000000000000000000
000000001111111111111111111111111111111111111111111111111111111111111111111111111111111111111111111111111111000000000000000000000000000000000000000000
000000000111111111111111111111111111111111111111111111111111111111111111111111111111111111111111111111111111000000000000000000000000000000000000000000
000000000111111111111111111111111111111111111111111111111111111111111111111111111111111111111111111111111111000000000000000000000000000000000000000000
000000000111111111111111111111111111111111111111111111111111111111111111111111111111111111111111111111111110000000000000000000000000000000000000000000
000000000111111111111111111111111111111111111111111111111111111111111111111111111111111111111111111111111110000000000000000000000000000000000000000000
000000000011111111111111111111111111111111111111111111111111111111111111111111111111111111111111111111111110000000000000000000000000000000000000000000
000000000011111111111111111111111111111111111111111111111111111111111111111111111111111111111111111111111110000000000000000000000000000000000000000000
000000000011111111111111111111111111111111111111111111111111111111111111111111111111111111111111111111111110000000000000000000000000000000000000000000
000000000011111111111111111111111111111111111111111111111111111111111111111111111111111111111111111111111110000000000000000000000000000000000000000000
000000000001111111111111111111111111111111111111111111111111111111111111111111111111111111111111111111111110000000000000000000000000000000000000000000
000000000001111111111111111111111111111111111111111111111111111111111111111111111111111111111111111111111110000000000000000000000000000000000000000000
000000000000111111111111111111111111111111111111111111111111111111111111111111111111111111111111111111111110000000000000000000000000000000000000000000
000000000000111111111111111111111111111111111111111111111111111111111111111111111111111111111111111111111110000000000000000000000000000000000000000000
000000000000111111111111111111111111111111111111111111111111111111111111111111111111111111111111111111111100000000000000000000000000000000000000000000
000000000000111111111111111111111111111111111111111111111111111111111111111111111111111111111111111111111100000000000000000000000000000000000000000000
000000000000011111111111111111111111111111111111111111111111111111111111111111111111111111111111111111111100000000000000000000000000000000000000000000
000000000000011111111111111111111111111111111111111111111111111111111111111111111111111111111111111111111100000000000000000000000000000000000000000000
000000000000001111111111111111111111111111111111111111111111111111111111111111111111111111111111111111111100000000000000000000000000000000000000000000
000000000000001111111111111111111111111111111111111111111111111111111111111111111111111111111111111111111100000000000000000000000000000000000000000000
000000000000001111111111111111111111111111111111111111111111111111111111111111111111111111111111111111111100000000000000000000000000000000000000000000
000000000000001111111111111111111111111111111111111111111111111111111111111111111111111111111111111111111100000000000000000000000000000000000000000000
000000000000000111111111111111111111111111111111111111111111111111111111111111111111111111111111111111111100000000000000000000000000000000000000000000
000000000000000111111111111111111111111111111111111111111111111111111111111111111111111111111111111111111100000000000000000000000000000000000000000000
000000000000000011111111111111111111111111111111111111111111111111111111111111111111111111111111111111111100000000000000000000000000000000000000000000
000000000000000011111111111111111111111111111111111111111111111111111111111111111111111111111111111111111100000000000000000000000000000000000000000000
111111111111111111111111111111111111111111111111111111111111111111111111111111111111111111111111111111111111111111111111111111111111111111111111111111
111111111111111111111111111111111111111111111111111111111111111111111111111111111111111111111111111111111111111111111111111111111111111111111111111111
