111111111111111111111111111111111111111111111111111111111111111111111111111111111111111111111111111111111111111111111111111111111111111111111111111111
111111111111111111111111111111111111111111111111111111111111111111111111111111111111111111111111111111111111111111111111111111111111111111111111111111
111111111111111111111111111111111111111111111111111111111111111111111111111111111111111111111111111111111111111111111111111111111111111111111111111111
111111111111111111111111111111111111111111111111111111111111111111111111111111111111111111111111111111111111111111111111111111111111111111111111111111
111111111111111111111111111111111111111111111111111111111111111111111111111111111111111111111111111111111111111111111111111111111111111111111111111111
111111111111111111111111111111111111111111111111111111111111111111111111111111111111111111111111111111111111111111111111111111111111111111111111111111
111111111111111111111111111111111111111111111111111111111111111111111111111111111111111111111111111111111111111111111111111111111111111111111111111111
111111111111111111111111111111111111111111111111111111111111111111111111111111111111111111111111111111111111111111111111111111111111111111111111111111
111111111111111111111111111111111111111111111111111111111111111111111111111111111111111111111111111111111111111111111111111111111111111111111111111111
111111111111111111111111111111111111111111111111111111111111111111111111111111111111111111111111111111111111111111111111111111111111111111111111111111
111111111111111111111111111111111111111111111111111111111111111111111111111111111111111111111111111111111111111111111111111111111111111111111111111111
111111111111111111111111111111111111111111111111111111111111111111111111111111111111111111111111111111111111111111111111111111111111111111111111111111
111111111111111111111111111111111111111111111111111111111111111111111111111000011111111111111111111111111111111111111111111111111111111111111111111111
111111111111111111111111111111111111111111111111111111111111111111111111111000011111111111111111111111111111111111111111111111111111111111111111111111
111111111111111111111111111111111111111111111111111111111111111111111100000000000011111111111111111111111111111111111111111111111111111111111111111111
111111111111111111111111111111111111111111111111111111111111111111111100000000000011111111111111111111111111111111111111111111111111111111111111111111
111111111111111111111111111111111111111111111111111111111111111111000000000000000000111000000111111111111111111111111111111111111111111111111111111111
111111111111111111111111111111111111111111111111111111111111111111000000000000000000111000000111111111111111111111111111111111111111111111111111111111
111111111111111111111111111111111111111111111111111111111111111100000000000000000000000000011111111111111111111111111111111111111111111111111111111111
111111111111111111111111111111111111111111111111111111111111111100000000000000000000000000011111111111111111111111111111111111111111111111111111111111
111111111111111111111111111111111111111111111111111111111111111000000000000000000000000001111111111111111111111111111111111111111111111111111111111111
111111111111111111111111111111111111111111111111111111111111111000000000000000000000000001111111111111111111111111111111111111111111111111111111111111
111111111111111111111111111111111111111111111111111111111111111000000000000000000000000011111111111111111111111111111111111111111111111111111111111111
111111111111111111111111111111111111111111111111111111111111111000000000000000000000000011111111111111111111111111111111111111111111111111111111111111
111111111111111111111111111111111111111111111111111111111111111000000000000000000000000000111111111111111111111111111111111111111111111111111111111111
111111111111111111111111111111111111111111111111111111111111111000000000000000000000000000111111111111111111111111111111111111111111111111111111111111
111111111111111111111111111111111111111111111111111111111111111000000000000000000000000000111111111111111111111111111111111111111111111111111111111111
111111111111111111111111111111111111111111111111111111111111111000000000000000000000000000111111111111111111111111111111111111111111111111111111111111
111111111111111111111111111111111111111111111111111111111111110000000000000000000000000000111111111111111111111111111111111111111111111111111111111111
111111111111111111111111111111111111111111111111111111111111110000000000000000000000000000111111111111111111111111111111111111111111111111111111111111
111111111111111111111111111111111111111111111111111111111110000000000000000000000000000011111111111111111111111111111111111111111111111111111111111111
111111111111111111111111111111111111111111111111111111111110000000000000000000000000000011111111111111111111111111111111111111111111111111111111111111
111111111111111111111111111111111111111111111111111111111100000000000000000000000000000111111111111111111111111111111111111111111111111111111111111111
111111111111111111111111111111111111111111111111111111111100000000000000000000000000000111111111111111111111111111111111111111111111111111111111111111
111111111111111111111111111111111111111111111111111111111111111000000000000000000000000011111111111111111111111111111111111111111111111111111111111111
111111111111111111111111111111111111111111111111111111111111111000000000000000000000000011111111111111111111111111111111111111111111111111111111111111
111111111111111111111111111111111111111111111111111111111111100000000000000000000000000111111111111111111111111111111111111111111111111111111111111111
111111111111111111111111111111111111111111111111111111111111100000000000000000000000000111111111111111111111111111111111111111111111111111111111111111
111111111111111111111111111111111111111111110000000000001111000000000000000000000000001111111111111111111111111111111111111111111111111111111111111111
111111111111111111111111111111111111111111110000000000001111000000000000000000000000001111111111111111111111111111111111111111111111111111111111111111
100001111111111111111111111111111100000000000000000000000000000000000000000000000000011111111111111111111111111111111111111111111111111111111111111111
100001111111111111111111111111111100000000000000000000000000000000000000000000000000011111111111111111111111111111111111111111111111111111111111111111
000011111111111111111111111111000000000000000000000000000000000000000000000000000000111111111111111111111111111111111111111111111111111111111111111111
000011111111111111111111111111000000000000000000000000000000000000000000000000000000111111111111111111111111111111111111111111111111111111111111111111
000000000000000000000000000000000000001111111111111111111111000000000000000000000001111111111111111111111111111111111111111111111111111111111111111111
000000000000000000000000000000000000001111111111111111111111000000000000000000000001111111111111111111111111111111111111111111111111111111111111111111
000000000000000000000000000000000111111111111111111111111111110000000000000000000000001111111111111111111111111111111111111111111111111111111111111111
000000000000000000000000000000000111111111111111111111111111110000000000000000000000001111111111111111111111111111111111111111111111111111111111111111
000000000000000000000000000000111111111111111111111111111111111110000000000000000000000000000011111111111111111111111111111111111111111111111111111111
000000000000000000000000000000111111111111111111111111111111111110000000000000000000000000000011111111111111111111111111111111111111111111111111111111
111000000000000000000000001111111111111111111111111111111111111111111000000000000000000000000000001111111111111111111111111111111111111111111111111111
111000000000000000000000001111111111111111111111111111111111111111111000000000000000000000000000001111111111111111111111111111111111111111111111111111
111000000000000000000111111111111111111111111111111111111111111111111000000000000000000000000000000001111111111111111111111111111111111111111111111111
111000000000000000000111111111111111111111111111111111111111111111111000000000000000000000000000000001111111111111111111111111111111111111111111111111
110000000000000000001111111111111111111111111111111111111111111111110000000000000000000010000000000000011111111111111111111111111111111111111111111111
110000000000000000001111111111111111111111111111111111111111111111110000000000000000000010000000000000011111111111111111111111111111111111111111111111
110000000000000000001111111111111111111111111111111111111111111111111100000000000000000001000000000000000001111111111111111111111111111111111111111111
110000000000000000001111111111111111111111111111111111111111111111111100000000000000000001000000000000000001111111111111111111111111111111111111111111
110000000000000000001111111111111111111111111111111111111111111111111100000000000000000000000000000000000000010001111111111111111111111111111111111111
110000000000000000001111111111111111111111111111111111111111111111111100000000000000000000000000000000000000010001111111111111111111111111111111111111
110000000000000000001111111111111111111111111111111111111111111111111100000000000000000000000000000111100000000000011111111111111111111111111111111111
110000000000000000001111111111111111111111111111111111111111111111111100000000000000000000000000000111100000000000011111111111111111111111111111111111
110000000000000000001111111111111111111111111111111111111111111111111100000000000000000000000000000011111110000000000111111111111111111111111111111111
110000000000000000001111111111111111111111111111111111111111111111111100000000000000000000000000000011111110000000000111111111111111111111111111111111
110000000000000000001111111111111111111111111111111111111111111111111100000000000000000000000000000111111100000000000111111111111111111111111111111111
110000000000000000001111111111111111111111111111111111111111111111111100000000000000000000000000000111111100000000000111111111111111111111111111111111
110000000000000000001111111111111111111111111111111111111111111111111110000000000000000000000000011111000000000000000000111111111111111111111111111111
110000000000000000001111111111111111111111111111111111111111111111111110000000000000000000000000011111000000000000000000111111111111111111111111111111
110000000000000000001111111111111111111111111111111111111111111111111110000000000000000000000000000000000000000000000000001111111111111111111111111111
110000000000000000001111111111111111111111111111111111111111111111111110000000000000000000000000000000000000000000000000001111111111111111111111111111
110000000000000000001111111111111111111111111111111111111111111111111110000000000000000000000000000000000000000011111000000011111111111111111111111111
110000000000000000001111111111111111111111111111111111111111111111111110000000000000000000000000000000000000000011111000000011111111111111111111111111
111000000000000000001111111111111111111111111111111111111111111111111111000000000000000000000000000000000000000011111110000001111111111111111111111111
111000000000000000001111111111111111111111111111111111111111111111111111000000000000000000000000000000000000000011111110000001111111111111111111111111
111000000000000000001111111111111111111111111111111111111111111111111111000000000000000000000000000000000000000011111111100000011111111111111111111111
111000000000000000001111111111111111111111111111111111111111111111111111000000000000000000000000000000000000000011111111100000011111111111111111111111
111000000000000000001111111111111111111111111111111111111111111111111111000000000000000001000000111111111111111111111111110000000111111111111111111111
111000000000000000001111111111111111111111111111111111111111111111111111000000000000000001000000111111111111111111111111110000000111111111111111111111
111000000000000000001111111111111111111111111111111111111111111111111111000000000000000011111111111111111111111111111111111100000011111111111111111111
111000000000000000001111111111111111111111111111111111111111111111111111000000000000000011111111111111111111111111111111111100000011111111111111111111
111100000000000000000111111111111111111111111111111111111111111111111111000000000000000111111111111111111111111111111111111111000000111111111111111111
111100000000000000000111111111111111111111111111111111111111111111111111000000000000000111111111111111111111111111111111111111000000111111111111111111
111100000000000000000111111111111111111111111111111111111111111111111110000000000000000111111111111111111111111111111111111111100000011111111111111111
111100000000000000000111111111111111111111111111111111111111111111111110000000000000000111111111111111111111111111111111111111100000011111111111111111
111100000000000000000111111111111111111111111111111111111111111111111100000000000000000011111111111111111111111111111111111111110000001111111111111111
111100000000000000000111111111111111111111111111111111111111111111111100000000000000000011111111111111111111111111111111111111110000001111111111111111
111110000000000000000111111111111111111111111111111111111111111111110000000000000000000011111111111111111111111111111111111111111100000111111111111111
111110000000000000000111111111111111111111111111111111111111111111110000000000000000000011111111111111111111111111111111111111111100000111111111111111
111110000000000000000111111111111111111111111111111111111111111111100000000000000000000001111111111111111111111111111111111111111110000011111111111111
111110000000000000000111111111111111111111111111111111111111111111100000000000000000000001111111111111111111111111111111111111111110000011111111111111
111110000000000000000111111111111111111111111111111111111111111111000000000000000000000001111111111111111111111111111111111111111111000000111111111111
111110000000000000000111111111111111111111111111111111111111111111000000000000000000000001111111111111111111111111111111111111111111000000111111111111
111111000000000000000111111111111111111111111111111111111111111100000000000000000000000001111111111111111111111111111111111111111111100000011111111111
111111000000000000000111111111111111111111111111111111111111111100000000000000000000000001111111111111111111111111111111111111111111100000011111111111
111111000000000000000011111111111111111111111111111111111111111100000000000000000000000000111111111111111111111111111111111111111111110000000011111111
111111000000000000000011111111111111111111111111111111111111111100000000000000000000000000111111111111111111111111111111111111111111110000000011111111
111111100000000000000011111111111111111111111111111111111111110000000000000000000000000000111111111111111111111111111111111111111111111000000000001111
111111100000000000000011111111111111111111111111111111111111110000000000000000000000000000111111111111111111111111111111111111111111111000000000001111
111111100000000000000011111111111111111111111111111111111111110000000000000000000000000000111111111111111111111111111111111111111111111110000000001111
111111100000000000000011111111111111111111111111111111111111110000000000000000000000000000111111111111111111111111111111111111111111111110000000001111
111111110000000000000001111111111111111111111111111111111111100000000000000000000000000000111111111111111111111111111111111111111111111111100000000111
111111110000000000000001111111111111111111111111111111111111100000000000000000000000000000111111111111111111111111111111111111111111111111100000000111
111111111000000000000001111111111111111111111111111111111111100000000000000000000000000000111111111111111111111111111111111111111111111111111000000111
111111111000000000000001111111111111111111111111111111111111100000000000000000000000000000111111111111111111111111111111111111111111111111111000000111
111111111000000000000000111111111111111111111111111111111111000000000000000000000000000000111111111111111111111111111111111111111111111111111111001111
111111111000000000000000111111111111111111111111111111111111000000000000000000000000000000111111111111111111111111111111111111111111111111111111001111
111111111100000000000000111111111111111111111111111111111111000000000000000000000000000000111111111111111111111111111111111111111111111111111111111111
111111111100000000000000111111111111111111111111111111111111000000000000000000000000000000111111111111111111111111111111111111111111111111111111111111
111111111110000000000000011111111111111111111111111111111110000000000000000000000000000000111111111111111111111111111111111111111111111111111111111111
111111111110000000000000011111111111111111111111111111111110000000000000000000000000000000111111111111111111111111111111111111111111111111111111111111
111111111111000000000000001111111111111111111111111111111100000000000000000000000000000000011111111111111111111111111111111111111111111111111111111111
111111111111000000000000001111111111111111111111111111111100000000000000000000000000000000011111111111111111111111111111111111111111111111111111111111
111111111111100000000000001111111111111111111111111111111000000000000000000000000000000000011111111111111111111111111111111111111111111111111111111111
111111111111100000000000001111111111111111111111111111111000000000000000000000000000000000011111111111111111111111111111111111111111111111111111111111
111111111111111111111111111111111111111111111111111111111111111111111111111111111111111111111111111111111111111111111111111111111111111111111111111111
111111111111111111111111111111111111111111111111111111111111111111111111111111111111111111111111111111111111111111111111111111111111111111111111111111
