111111111111111111111111111111111111111111111111111111111111111111111111111111111111111111111111111111111111111111111111111111111111111111111111111111
111111111111111111111111111111111111111111111111111111111111111111111111111111111111111111111111111111111111111111111111111111111111111111111111111111
111111111111111111111111111111111111111111111111111111111111111111111111111111111111111111111111111111111111111111111111111111111111111111111111111111
111111111111111111111111111111111111111111111111111111111111111111111111111111111111111111111111111111111111111111111111111111111111111111111111111111
111111111111111111111111111111111111111111111111111111100000000111111111111111111111111111111111111111111111111111111111111111111111111111111111111111
111111111111111111111111111111111111111111111111111111100000000111111111111111111111111111111111111111111111111111111111111111111111111111111111111111
111111111111111111111111111111111111111111111111110000000000000000011111111111000000111111111111111111111111111111111111111111111111111111111111111111
111111111111111111111111111111111111111111111111110000000000000000011111111111000000111111111111111111111111111111111111111111111111111111111111111111
111111111111111111111111111111111111111111111111000000000000000000000111000000000000111111111111111111111111111111111111111111111111111111111111111111
111111111111111111111111111111111111111111111111000000000000000000000111000000000000111111111111111111111111111111111111111111111111111111111111111111
111111111111111111111111111111111111111111110000000000000000000000000000000000000001111111111111111111111111111111111111111111111111111111111111111111
111111111111111111111111111111111111111111110000000000000000000000000000000000000001111111111111111111111111111111111111111111111111111111111111111111
111111111111111111111111111111111111111111000000000000000000000000000000000000000011111111111111111111111111111111111111111111111111111111111111111111
111111111111111111111111111111111111111111000000000000000000000000000000000000000011111111111111111111111111111111111111111111111111111111111111111111
111111111111111111111111111111111111111100000000000000000000000000000000000000001111111111111111111111111111111111111111111111111111111111111111111111
111111111111111111111111111111111111111100000000000000000000000000000000000000001111111111111111111111111111111111111111111111111111111111111111111111
111111111111111111111111111111111111111000000000000000000000000000000000000000111111111111111111111111111111111111111111111111111111111111111111111111
111111111111111111111111111111111111111000000000000000000000000000000000000000111111111111111111111111111111111111111111111111111111111111111111111111
111111111111111111111111111111111111110000000000000000000000000000000000000000111111111111111111111111111111111111111111111111111111111111111111111111
111111111111111111111111111111111111110000000000000000000000000000000000000000111111111111111111111111111111111111111111111111111111111111111111111111
111111111111111111111111111111111111110000000000000000000000000000000000000000001111111111111111111111111111111111111111111111111111111111111111111111
111111111111111111111111111111111111110000000000000000000000000000000000000000001111111111111111111111111111111111111111111111111111111111111111111111
111111111111111111111111111111111111111000000000000000000000000000000000000000000011111111111111111111111111111111111111111111111111111111111111111111
111111111111111111111111111111111111111000000000000000000000000000000000000000000011111111111111111111111111111111111111111111111111111111111111111111
111111111111111111111111111111111111111000000000000000000000000000000000000000000111111111111111111111111111111111111111111111111111111111111111111111
111111111111111111111111111111111111111000000000000000000000000000000000000000000111111111111111111111111111111111111111111111111111111111111111111111
111111111111111111111111111111111111111000000000000000000000000000000000000000000011111111111111111111111111111111111111111111111111111111111111111111
111111111111111111111111111111111111111000000000000000000000000000000000000000000011111111111111111111111111111111111111111111111111111111111111111111
111111111111111111111111111111111111111000000000000000000000000000000000000000000111111111111111111111111111111111111111111111111111111111111111111111
111111111111111111111111111111111111111000000000000000000000000000000000000000000111111111111111111111111111111111111111111111111111111111111111111111
111111111111111111111111111111111111110000000000000000000000000000000000000000010111111111111111111111111111111111111111111111111111111111111111111111
111111111111111111111111111111111111110000000000000000000000000000000000000000010111111111111111111111111111111111111111111111111111111111111111111111
111111111111111111111111111111111111000000000000000000000000000000000000000000111111111111111111111111111111111111111111111111111111111111111111111111
111111111111111111111111111111111111000000000000000000000000000000000000000000111111111111111111111111111111111111111111111111111111111111111111111111
111111111111111111111111111111111100000000000000000000000000000000000000000000011111111111111111111111111111111111111111111111111111111111111111111111
111111111111111111111111111111111100000000000000000000000000000000000000000000011111111111111111111111111111111111111111111111111111111111111111111111
111111111111111111111111111111111000000000000000000000000000000000000000000000000111111111111111111111111111111111111111111111111111111111111111111111
111111111111111111111111111111111000000000000000000000000000000000000000000000000111111111111111111111111111111111111111111111111111111111111111111111
111111111111111111111111111111110000000000000000000000000000000000000000000000011111111111111111111111111111111111111111111111111111111111111111111111
111111111111111111111111111111110000000000000000000000000000000000000000000000011111111111111111111111111111111111111111111111111111111111111111111111
111111111111111111111111111111111100111100000000000000000000000000000000000000011111111111111111111111111111111111111111111111111111111111111111111111
111111111111111111111111111111111100111100000000000000000000000000000000000000011111111111111111111111111111111111111111111111111111111111111111111111
111111111111111111111111111111111111111100000000000000000000000000000000000000111111111111111111111111111111111111111111111111111111111111111111111111
111111111111111111111111111111111111111100000000000000000000000000000000000000111111111111111111111111111111111111111111111111111111111111111111111111
000000000000000000000000000000011111100000000000000000000000000000000000000000111111111111111111111111111111111111111111111111111111111111111111111111
000000000000000000000000000000011111100000000000000000000000000000000000000000111111111111111111111111111111111111111111111111111111111111111111111111
000000000000000000000000000000000000000000000000000000000000000000000000000001111111111111111111111111111111111111111111111111111111111111111111111111
000000000000000000000000000000000000000000000000000000000000000000000000000001111111111111111111111111111111111111111111111111111111111111111111111111
000000000000000000000000000000000000000000000000000000000000000000000000000111111111111111111111111111111111111111111111111111111111111111111111111111
000000000000000000000000000000000000000000000000000000000000000000000000000111111111111111111111111111111111111111111111111111111111111111111111111111
000000000000000000000000000000000000000000000000000000000000000000000000000111111111111111111111111111111111111111111111111111111111111111111111111111
000000000000000000000000000000000000000000000000000000000000000000000000000111111111111111111111111111111111111111111111111111111111111111111111111111
111111111111111111111111111000000000000000000000000000000000000000000000000111111111111111111111111111111111111111111111111111111111111111111111111111
111111111111111111111111111000000000000000000000000000000000000000000000000111111111111111111111111111111111111111111111111111111111111111111111111111
111111111111111111111111111111111111000000000000000000000000000000000000001111111111111111111111111111111111111111111111111111111111111111111111111111
111111111111111111111111111111111111000000000000000000000000000000000000001111111111111111111111111111111111111111111111111111111111111111111111111111
111111111111111111111111111111111111100000000000000000000000000000000011111111111111111111111111111111111111111111111111111111111111111111111111111111
111111111111111111111111111111111111100000000000000000000000000000000011111111111111111111111111111111111111111111111111111111111111111111111111111111
111111111111111111111111111111111111110000000000000000000000000000000000001111111111111111111111111111111111111111111111111111111111111111111111111111
111111111111111111111111111111111111110000000000000000000000000000000000001111111111111111111111111111111111111111111111111111111111111111111111111111
111111111111111111111111111111111111111100000000000000000000000000000000000000011111111111111111111111111111111111111111111111111111111111111111111111
111111111111111111111111111111111111111100000000000000000000000000000000000000011111111111111111111111111111111111111111111111111111111111111111111111
111111111111111111111111111111111111111111100000000000000000000000000000000000000001111111111111111111111111111111111111111111111111111111111111111111
111111111111111111111111111111111111111111100000000000000000000000000000000000000001111111111111111111111111111111111111111111111111111111111111111111
111111111111111111111111111111111111111111111111100000000000000000000000000000000000000100011111111111111111111111111111111111111111111111111111111111
111111111111111111111111111111111111111111111111100000000000000000000000000000000000000100011111111111111111111111111111111111111111111111111111111111
111111111111111111111111111111111111111111111111100000000000000000000000000000000000000000000001111111111111111111111111111111111111111111111111111111
111111111111111111111111111111111111111111111111100000000000000000000000000000000000000000000001111111111111111111111111111111111111111111111111111111
111111111111111111111111111111111111111111111111100000000000000000000000000000000000000000000000000111111111111111111111111111111111111111111111111111
111111111111111111111111111111111111111111111111100000000000000000000000000000000000000000000000000111111111111111111111111111111111111111111111111111
111111111111111111111111111111111111111111111111100000000000000000000000000000000000000000000000000000111111111111111111111111111111111111111111111111
111111111111111111111111111111111111111111111111100000000000000000000000000000000000000000000000000000111111111111111111111111111111111111111111111111
111111111111111111111111111111111111111111111111100000000000000000000000000000000001000000000000000000011111111111111111111111111111111111111111111111
111111111111111111111111111111111111111111111111100000000000000000000000000000000001000000000000000000011111111111111111111111111111111111111111111111
111111111111111111111111111111111111111111111111111000000000000000000000000000000001000000000000000000000111111111111111111111111111111111111111111111
111111111111111111111111111111111111111111111111111000000000000000000000000000000001000000000000000000000111111111111111111111111111111111111111111111
111111111111111111111111111111111111111111111111111100000000000000000000000000000001100000000000000000000000111111111111111111111111111111111111111111
111111111111111111111111111111111111111111111111111100000000000000000000000000000001100000000000000000000000111111111111111111111111111111111111111111
111111111111111111111111111111111111111111111111111100000000000000000000000000000000000000000000000000000000000111111111111111111111111111111111111111
111111111111111111111111111111111111111111111111111100000000000000000000000000000000000000000000000000000000000111111111111111111111111111111111111111
111111111111111111111111111111111111111111111111111100000000000000000000000000000000000000000000000000000000000001111111111111111111111111111111111111
111111111111111111111111111111111111111111111111111100000000000000000000000000000000000000000000000000000000000001111111111111111111111111111111111111
111111111111111111111111111111111111111111111111111100000000000000000000000000000000000000000000000111000000000000001111111111111111111111111111111111
111111111111111111111111111111111111111111111111111100000000000000000000000000000000000000000000000111000000000000001111111111111111111111111111111111
111111111111111111111111111111111111111111111111111100000000000000000000000000000000000000000000001111111000000000000000011111111111111111111111111111
111111111111111111111111111111111111111111111111111100000000000000000000000000000000000000000000001111111000000000000000011111111111111111111111111111
111111111111111111111111111111111111111111111111111100000000000000000000000000000000000000000000000011111111000000000000000011111111111111111111111111
111111111111111111111111111111111111111111111111111100000000000000000000000000000000000000000000000011111111000000000000000011111111111111111111111111
111111111111111111111111111111111111111111111111111110000000000000000000000000000000000000000000000000111111110000000000000000011111111111111111111111
111111111111111111111111111111111111111111111111111110000000000000000000000000000000000000000000000000111111110000000000000000011111111111111111111111
111111111111111111111111111111111111111111111111111111110000000000000000000000000000000000000000000011111111111000000000000000001111111111111111111111
111111111111111111111111111111111111111111111111111111110000000000000000000000000000000000000000000011111111111000000000000000001111111111111111111111
111111111111111111111111111111111111111111111111111111110000000000000000000000000000000000000000001111111111100000000000000000001111111111111111111111
111111111111111111111111111111111111111111111111111111110000000000000000000000000000000000000000001111111111100000000000000000001111111111111111111111
111111111111111111111111111111111111111111111111111111110000000000000000000000000000000000000000000000000000000000000000000000000111111111111111111111
111111111111111111111111111111111111111111111111111111110000000000000000000000000000000000000000000000000000000000000000000000000111111111111111111111
111111111111111111111111111111111111111111111111111111111000000000000000000000000000000000000000000000000000000000000000000000000000111111111111111111
111111111111111111111111111111111111111111111111111111111000000000000000000000000000000000000000000000000000000000000000000000000000111111111111111111
111111111111111111111111111111111111111111111111111111111000000000000000000000000000000000000000000000000000000000000000000000000000011111111111111111
111111111111111111111111111111111111111111111111111111111000000000000000000000000000000000000000000000000000000000000000000000000000011111111111111111
111111111111111111111111111111111111111111111111111111111000000000000000000000000000000000000000000000000000000000000000111110000000000111111111111111
111111111111111111111111111111111111111111111111111111111000000000000000000000000000000000000000000000000000000000000000111110000000000111111111111111
111111111111111111111111111111111111111111111111111111111000000000000000000000000000000000000000000000000000000000000011111111000000000001111111111111
111111111111111111111111111111111111111111111111111111111000000000000000000000000000000000000000000000000000000000000011111111000000000001111111111111
111111111111111111111111111111111111111111111111111111111100000000000000000000000000000000000000000000000000000000000111111111110000000000111111111111
111111111111111111111111111111111111111111111111111111111100000000000000000000000000000000000000000000000000000000000111111111110000000000111111111111
111111111111111111111111111111111111111111111111111111111100000000000000000000000000011111111111111100000000000000000111111111111100000000001111111111
111111111111111111111111111111111111111111111111111111111100000000000000000000000000011111111111111100000000000000000111111111111100000000001111111111
111111111111111111111111111111111111111111111111111111111100000000000000000000000001111111111111111111111111000000001111111111111111000000000111111111
111111111111111111111111111111111111111111111111111111111100000000000000000000000001111111111111111111111111000000001111111111111111000000000111111111
111111111111111111111111111111111111111111111111111111111100000000000000000000000001111111111111111111111111111111111111111111111111100000000011111111
111111111111111111111111111111111111111111111111111111111100000000000000000000000001111111111111111111111111111111111111111111111111100000000011111111
111111111111111111111111111111111111111111111111111111111100000000000000000000000001111111111111111111111111111111111111111111111111111000000000111111
111111111111111111111111111111111111111111111111111111111100000000000000000000000001111111111111111111111111111111111111111111111111111000000000111111
111111111111111111111111111111111111111111111111111111111111111111111111111111111111111111111111111111111111111111111111111111111111111111111111111111
111111111111111111111111111111111111111111111111111111111111111111111111111111111111111111111111111111111111111111111111111111111111111111111111111111
