000000000000000000000000000000000000011111111111111111111111111111111111111000000000000000000000000000000000000000000000000000001111111111111111111111
000000000000000000000000000000000000011111111111111111111111111111111111111000000000000000000000000000000000000000000000000000001111111111111111111111
000000000000000000000000000000000000000111111111111111111111111111111111111000000000000000000000000000000000000000000000000000001111111111111111111111
000000000000000000000000000000000000000111111111111111111111111111111111111000000000000000000000000000000000000000000000000000001111111111111111111111
000000000000000000000000000000000000000111111111111111111111111111111111111100000000000000000000000000000000000000000000000000001111111111111111111111
000000000000000000000000000000000000000111111111111111111111111111111111111100000000000000000000000000000000000000000000000000001111111111111111111111
000000000000000000000000000000000000000011111111111111111111111111111111111100000000000000000000000000000000000000000000000000001111111111111111111111
000000000000000000000000000000000000000011111111111111111111111111111111111100000000000000000000000000000000000000000000000000001111111111111111111111
000000000000000000000000000000000000000001111111111111111111111111111111111100000000000000000000000000000000000000000000000000001111111111111111111111
000000000000000000000000000000000000000001111111111111111111111111111111111100000000000000000000000000000000000000000000000000001111111111111111111111
000000000000000000000000000000000000000001111111111111111111111111111111111000000000000000000000000000000000000000000000000000001111111111111111111111
000000000000000000000000000000000000000001111111111111111111111111111111111000000000000000000000000000000000000000000000000000001111111111111111111111
000000000000000000000000000000000000000001111111111111111111111111111111111000000000000000000000000000000000000000000000000000001111111111111111111111
000000000000000000000000000000000000000001111111111111111111111111111111111000000000000000000000000000000000000000000000000000001111111111111111111111
000000000000000000000000000000000000000000111111111111111111111111111111110000000000000000000000000000000000000000000000000000001111111111111111111111
000000000000000000000000000000000000000000111111111111111111111111111111110000000000000000000000000000000000000000000000000000001111111111111111111111
000000000000000000000000000000000000000000111111111111111111111111111111100000000000000000000000000000000000000000000000000000001111111111111111111111
000000000000000000000000000000000000000000111111111111111111111111111111100000000000000000000000000000000000000000000000000000001111111111111111111111
000000000000000000000000000000000000000000111111111111111111111111111111100000000000000000000000000000000000000000000000000000001111111111111111111111
000000000000000000000000000000000000000000111111111111111111111111111111100000000000000000000000000000000000000000000000000000001111111111111111111111
000000000000000000000000000000000000000000111111111111111111111111111111000000000000000000000000000000000000000000000000000000001111111111111111111111
000000000000000000000000000000000000000000111111111111111111111111111111000000000000000000000000000000000000000000000000000000001111111111111111111111
000000000000000000000000000000000000000000111111111111111111111111111111111110000000000000000000000000000000000000000000000000001111111111111111111111
000000000000000000000000000000000000000000111111111111111111111111111111111110000000000000000000000000000000000000000000000000001111111111111111111111
000000000000000000000000000000000000000000011111111111111111111111111111111111000000000000000000000000000000000000000000000000001111111111111111111111
000000000000000000000000000000000000000000011111111111111111111111111111111111000000000000000000000000000000000000000000000000001111111111111111111111
000000000000000000000000000000000000000000011111111111111111111111111111111111100000000000000000000000000000000000000000000000001111111111111111111111
000000000000000000000000000000000000000000011111111111111111111111111111111111100000000000000000000000000000000000000000000000001111111111111111111111
000000000000000000000000000000000000000000011111111111111111111111111111111111100000000000000000000000000000000000000000000000001111111111111111111111
000000000000000000000000000000000000000000011111111111111111111111111111111111100000000000000000000000000000000000000000000000001111111111111111111111
000000000000000000000000000000000000000000011111111111111111111111111111111111100000000000000000000000000000000000000000000000001111111111111111111111
000000000000000000000000000000000000000000011111111111111111111111111111111111100000000000000000000000000000000000000000000000001111111111111111111111
000000000000000000000000000000000000000000011111111111111111111111111111111111100000000000000000000000000000000000000000000000001111111111111111111111
000000000000000000000000000000000000000000011111111111111111111111111111111111100000000000000000000000000000000000000000000000001111111111111111111111
000000000000000000000000000000000000000000001111111111111111111111111111111111000000000000000000000000000000000000000000000000001111111111111111111111
000000000000000000000000000000000000000000001111111111111111111111111111111111000000000000000000000000000000000000000000000000001111111111111111111111
000000000000000000000000000000000000000000011111111111111111111111111111111111000000011100000000000000000000000000000000000000001111111111111111111111
000000000000000000000000000000000000000000011111111111111111111111111111111111000000011100000000000000000000000000000000000000001111111111111111111111
000000000000000000000000000000000000000000111111111111111111111111111111111110000001111000000000000000000000000000000000000000001111111111111111111111
000000000000000000000000000000000000000000111111111111111111111111111111111110000001111000000000000000000000000000000000000000001111111111111111111111
000000000000000000000000000000000000000001111111111111111111111111111111111100000111110000000000000000000000000000000000000000001111111111111111111111
000000000000000000000000000000000000000001111111111111111111111111111111111100000111110000000000000000000000000000000000000000001111111111111111111111
000000000000000000000000000000000000000011111111111111111111111111111111111100001111110000000000000000000000000000000000000000001111111111111111111111
000000000000000000000000000000000000000011111111111111111111111111111111111100001111110000000000000000000000000000000000000000001111111111111111111111
000000000000000000000000000000000000000111111111111111111111111111111111111111111111110000000000000000000000000000000000000000001111111111111111111111
000000000000000000000000000000000000000111111111111111111111111111111111111111111111110000000000000000000000000000000000000000001111111111111111111111
000000000000000000000000000000000000001111111111111111111111111111111111111111111111110000000000000000000000000000000000000000001111111111111111111111
000000000000000000000000000000000000001111111111111111111111111111111111111111111111110000000000000000000000000000000000000000001111111111111111111111
000000000000000000000000000000000000001111111111111111111111111111111111111111111111111000000000000000000000000000000000000000001111111111111111111111
000000000000000000000000000000000000001111111111111111111111111111111111111111111111111000000000000000000000000000000000000000001111111111111111111111
000000000000000000000000000000000000111111111111111111111111111111111111111111111111111000000000000000000000000000000000000000001111111111111111111111
000000000000000000000000000000000000111111111111111111111111111111111111111111111111111000000000000000000000000000000000000000001111111111111111111111
000000000000000000000000000000000001111111111111111111111111111111111111111111111111111000000000000000000000000000000000000000001111111111111111111111
000000000000000000000000000000000001111111111111111111111111111111111111111111111111111000000000000000000000000000000000000000001111111111111111111111
000000000000000000000000000000000001111111110111111111111111111111111111111111111111110000000000000000000000000000000000000000001111111111111111111111
000000000000000000000000000000000001111111110111111111111111111111111111111111111111110000000000000000000000000000000000000000001111111111111111111111
000000000000000000000000000000000011111111100011111111111111111111111111111111111111000000000000000000000000000000000000000000001111111111111111111111
000000000000000000000000000000000011111111100011111111111111111111111111111111111111000000000000000000000000000000000000000000001111111111111111111111
000000000000000000000000000000000011111111000111111111111111111111111111111111111000000000000000000000000000000000000000000000001111111111111111111111
000000000000000000000000000000000011111111000111111111111111111111111111111111111000000000000000000000000000000000000000000000001111111111111111111111
000000000000000000000000000000000011111111000011111111111111111100000000000000000000000000000000000000000000000000000000000000001111111111111111111111
000000000000000000000000000000000011111111000011111111111111111100000000000000000000000000000000000000000000000000000000000000001111111111111111111111
000000000000000000000000000000000111111110000011111111111100000000000000000000000000000000000000000000000000000000000000000000001111111111111111111111
000000000000000000000000000000000111111110000011111111111100000000000000000000000000000000000000000000000000000000000000000000001111111111111111111111
000000000000000000000000000000000111111110000000111111110000000000000000000000000000000000000000000000000000000000000000000000001111111111111111111111
000000000000000000000000000000000111111110000000111111110000000000000000000000000000000000000000000000000000000000000000000000001111111111111111111111
000000000000000000000000000000001111111100000000000110000000000000000000000000000000000000000000000000000000000000000000000000001111111111111111111111
000000000000000000000000000000001111111100000000000110000000000000000000000000000000000000000000000000000000000000000000000000001111111111111111111111
000000000000000000000000000000011111111100000000000000000000000000000000000000000000000000000000000000000000000000000000000000001111111111111111111111
000000000000000000000000000000011111111100000000000000000000000000000000000000000000000000000000000000000000000000000000000000001111111111111111111111
000000000000000000000000000000001111111100000000000000000000000000000000000000000000000000000000000000000000000000000000000000001111111111111111111111
000000000000000000000000000000001111111100000000000000000000000000000000000000000000000000000000000000000000000000000000000000001111111111111111111111
000000000000000000000000000000000111111000000000000000000000000000000000000000000000000000000000000000000000000000000000000000001111111111111111111111
000000000000000000000000000000000111111000000000000000000000000000000000000000000000000000000000000000000000000000000000000000001111111111111111111111
000000000000000000000000000000000011111100000000000000000000000000000000000000000000000000000000000000000000000000000000000000001111111111111111111111
000000000000000000000000000000000011111100000000000000000000000000000000000000000000000000000000000000000000000000000000000000001111111111111111111111
000000000000000000000000000000000111111111000000000000000000000000000000000000000000000000000000000000000000000000000000000000001111111111111111111111
000000000000000000000000000000000111111111000000000000000000000000000000000000000000000000000000000000000000000000000000000000001111111111111111111111
000000000000000000000000000000011111111110000000000000000000000000000000000000000000000000000000000000000000000000000000000000001111111111111111111111
000000000000000000000000000000011111111110000000000000000000000000000000000000000000000000000000000000000000000000000000000000001111111111111111111111
000000000000000000000000000000000110110110000000000000000000000000000000000000000000000000000000000000000000000000000000000000001111111111111111111111
000000000000000000000000000000000110110110000000000000000000000000000000000000000000000000000000000000000000000000000000000000001111111111111111111111
000000000000000000000000000000000000110001000000000000000000000000000000000000000000000000000000000000000000000000000000000000001111111111111111111111
000000000000000000000000000000000000110001000000000000000000000000000000000000000000000000000000000000000000000000000000000000001111111111111111111111
000000000000000000000000000000000000000000000000000000000000000000000000000000000000000000000000000000000000000000000000000000001111111111111111111111
000000000000000000000000000000000000000000000000000000000000000000000000000000000000000000000000000000000000000000000000000000001111111111111111111111
000000000000000000000000000000000000000000000000000000000000000000000000000000000000000000000000000000000000000000000000000000001111111111111111111111
000000000000000000000000000000000000000000000000000000000000000000000000000000000000000000000000000000000000000000000000000000001111111111111111111111
000000000000000000000000000000000000000000000000000000000000000000000000000000000000000000000000000000000000000000000000000000001111111111111111111111
000000000000000000000000000000000000000000000000000000000000000000000000000000000000000000000000000000000000000000000000000000001111111111111111111111
000000000000000000000000000000000000000000000000000000000000000000000000000000000000000000000000000000000000000000000000000000001111111111111111111111
000000000000000000000000000000000000000000000000000000000000000000000000000000000000000000000000000000000000000000000000000000001111111111111111111111
000000000000000000000000000000000000000000000000000000000000000000000000000000000000000000000000000000000000000000000000000000001111111111111111111111
000000000000000000000000000000000000000000000000000000000000000000000000000000000000000000000000000000000000000000000000000000001111111111111111111111
000000000000000000000000000000000000000000000000000000000000000000000000000000000000000000000000000000000000000000000000000000001111111111111111111111
000000000000000000000000000000000000000000000000000000000000000000000000000000000000000000000000000000000000000000000000000000001111111111111111111111
000000000000000000000000000000000000000000000000000000000000000000000000000000000000000000000000000000000000000000000000000000001111111111111111111111
000000000000000000000000000000000000000000000000000000000000000000000000000000000000000000000000000000000000000000000000000000001111111111111111111111
000000000000000000000000000000000000000000000000000000000000000000000000000000000000000000000000000000000000000000000000000000001111111111111111111111
000000000000000000000000000000000000000000000000000000000000000000000000000000000000000000000000000000000000000000000000000000001111111111111111111111
000000000000000000000000000000000000000000000000000000000000000000000000000000000000000000000000000000000000000000000000000000001111111111111111111111
000000000000000000000000000000000000000000000000000000000000000000000000000000000000000000000000000000000000000000000000000000001111111111111111111111
000000000000000000000000000000000000000000000000000000000000000000000000000000000000000000000000000000000000000000000000000000001111111111111111111111
000000000000000000000000000000000000000000000000000000000000000000000000000000000000000000000000000000000000000000000000000000001111111111111111111111
000000000000000000000000000000000000000000000000000000000000000000000000000000000000000000000000000000000000000000000000000000001111111111111111111111
000000000000000000000000000000000000000000000000000000000000000000000000000000000000000000000000000000000000000000000000000000001111111111111111111111
000000000000000000000000000000000000000000000000000000000000000000000000000000000000000000000000000000000000000000000000000000001111111111111111111111
000000000000000000000000000000000000000000000000000000000000000000000000000000000000000000000000000000000000000000000000000000001111111111111111111111
000000000000000000000000000000000000000000000000000000000000000000000000000000000000000000000000000000000000000000000000000000001111111111111111111111
000000000000000000000000000000000000000000000000000000000000000000000000000000000000000000000000000000000000000000000000000000001111111111111111111111
000000000000000000000000000000000000000000000000000000000000000000000000000000000000000000000000000000000000000000000000000000001111111111111111111111
000000000000000000000000000000000000000000000000000000000000000000000000000000000000000000000000000000000000000000000000000000001111111111111111111111
000000000000000000000000000000000000000000000000000000000000000000000000000000000000000000000000000000000000000000000000000000001111111111111111111111
000000000000000000000000000000000000000000000000000000000000000000000000000000000000000000000000000000000000000000000000000000001111111111111111111111
111111111111111111111111111111111111111111111111111111111111111111111111111111111111111111111111111111111111111111111111111111111111111111111111111111
111111111111111111111111111111111111111111111111111111111111111111111111111111111111111111111111111111111111111111111111111111111111111111111111111111
