000000000000000000000000001111111111111111111111111110100000000000000000000000000000000000000000000000000000000000000001111111111111111111111111111111
000000000000000000000000001111111111111111111111111110100000000000000000000000000000000000000000000000000000000000000001111111111111111111111111111111
000000000000000000000000001111111111111111111111111111111000000000000000000000000000000000000000000000000000000000000001111111111111111111111111111111
000000000000000000000000001111111111111111111111111111111000000000000000000000000000000000000000000000000000000000000001111111111111111111111111111111
000000000000000000000000000111111111111111111111111111111000000000000000000000000000000000000000000000000000000000000001111111111111111111111111111111
000000000000000000000000000111111111111111111111111111111000000000000000000000000000000000000000000000000000000000000001111111111111111111111111111111
000000000000000000000000000001111111111111111111111111111100000000000000000000000000000000000000000000000000000000000001111111111111111111111111111111
000000000000000000000000000001111111111111111111111111111100000000000000000000000000000000000000000000000000000000000001111111111111111111111111111111
000000000000000000000000000001111111111111111111111111111100000000000000000000000000000000000000000000000000000000000001111111111111111111111111111111
000000000000000000000000000001111111111111111111111111111100000000000000000000000000000000000000000000000000000000000001111111111111111111111111111111
000000000000000000000000000000111111111111111111111111111110000000000000000000000000000000000000000000000000000000000001111111111111111111111111111111
000000000000000000000000000000111111111111111111111111111110000000000000000000000000000000000000000000000000000000000001111111111111111111111111111111
000000000000000000000000000000011111111111111111111111111110000000000000000000000000000000000000000000000000000000000001111111111111111111111111111111
000000000000000000000000000000011111111111111111111111111110000000000000000000000000000000000000000000000000000000000001111111111111111111111111111111
000000000000000000000000000000011111111111111111111111111110000000000000000000000000000000000000000000000000000000000001111111111111111111111111111111
000000000000000000000000000000011111111111111111111111111110000000000000000000000000000000000000000000000000000000000001111111111111111111111111111111
000000000000000000000000000000011111111111111111111111111100000000000000000000000000000000000000000000000000000000000001111111111111111111111111111111
000000000000000000000000000000011111111111111111111111111100000000000000000000000000000000000000000000000000000000000001111111111111111111111111111111
000000000000000000000000000000011111111111111111111111111000000000000000000000000000000000000000000000000000000000000001111111111111111111111111111111
000000000000000000000000000000011111111111111111111111111000000000000000000000000000000000000000000000000000000000000001111111111111111111111111111111
000000000000000000000000000000011111111111111111111111111100000000000000000000000000000000000000000000000000000000000001111111111111111111111111111111
000000000000000000000000000000011111111111111111111111111100000000000000000000000000000000000000000000000000000000000001111111111111111111111111111111
000000000000000000000000000000001111111111111111111111111000000000000000000000000000000000000000000000000000000000000001111111111111111111111111111111
000000000000000000000000000000001111111111111111111111111000000000000000000000000000000000000000000000000000000000000001111111111111111111111111111111
000000000000000000000000000000001111111111111111111111111110000000000000000000000000000000000000000000000000000000000001111111111111111111111111111111
000000000000000000000000000000001111111111111111111111111110000000000000000000000000000000000000000000000000000000000001111111111111111111111111111111
000000000000000000000000000000001111111111111111111111111111111000000000000000000000000000000000000000000000000000000001111111111111111111111111111111
000000000000000000000000000000001111111111111111111111111111111000000000000000000000000000000000000000000000000000000001111111111111111111111111111111
000000000000000000000000000000001111111111111111111111111111111100000000000000000000000000000000000000000000000000000001111111111111111111111111111111
000000000000000000000000000000001111111111111111111111111111111100000000000000000000000000000000000000000000000000000001111111111111111111111111111111
000000000000000000000000000000001111111111111111111111111111111110000000000000000000000000000000000000000000000000000001111111111111111111111111111111
000000000000000000000000000000001111111111111111111111111111111110000000000000000000000000000000000000000000000000000001111111111111111111111111111111
000000000000000000000000000000001111111111111111111111111111111100000000000000000000000000000000000000000000000000000001111111111111111111111111111111
000000000000000000000000000000001111111111111111111111111111111100000000000000000000000000000000000000000000000000000001111111111111111111111111111111
000000000000000000000000000000011111111111111111111111111111111100000000000000000000000000000000000000000000000000000001111111111111111111111111111111
000000000000000000000000000000011111111111111111111111111111111100000000000000000000000000000000000000000000000000000001111111111111111111111111111111
000000000000000000000000000001111111111111111111111111111111111100000000000000000000000000000000000000000000000000000001111111111111111111111111111111
000000000000000000000000000001111111111111111111111111111111111100000000000000000000000000000000000000000000000000000001111111111111111111111111111111
000000000000000000000000000011111111101111111111111111111111110000011100000000000000000000000000000000000000000000000001111111111111111111111111111111
000000000000000000000000000011111111101111111111111111111111110000011100000000000000000000000000000000000000000000000001111111111111111111111111111111
000000000000000000000000000111111111111111111111111111111111100001111000000000000000000000000000000000000000000000000001111111111111111111111111111111
000000000000000000000000000111111111111111111111111111111111100001111000000000000000000000000000000000000000000000000001111111111111111111111111111111
000000000000000000000000000111111111111111111111111111111111100011110000000000000000000000000000000000000000000000000001111111111111111111111111111111
000000000000000000000000000111111111111111111111111111111111100011110000000000000000000000000000000000000000000000000001111111111111111111111111111111
000000000000000000000000001111111111111111111111111111111111111111110000000000000000000000000000000000000000000000000001111111111111111111111111111111
000000000000000000000000001111111111111111111111111111111111111111110000000000000000000000000000000000000000000000000001111111111111111111111111111111
000000000000000000000000011111111111111111111111111111111111111111111000000000000000000000000000000000000000000000000001111111111111111111111111111111
000000000000000000000000011111111111111111111111111111111111111111111000000000000000000000000000000000000000000000000001111111111111111111111111111111
000000000000000000000000111111111111111111111111111111111111111111111000000000000000000000000000000000000000000000000001111111111111111111111111111111
000000000000000000000000111111111111111111111111111111111111111111111000000000000000000000000000000000000000000000000001111111111111111111111111111111
000000000000000000000001111111101111111111111111111111111111111111111000000000000000000000000000000000000000000000000001111111111111111111111111111111
000000000000000000000001111111101111111111111111111111111111111111111000000000000000000000000000000000000000000000000001111111111111111111111111111111
000000000000000000000001111111101111111111111111111111111111111111110000000000000000000000000000000000000000000000000001111111111111111111111111111111
000000000000000000000001111111101111111111111111111111111111111111110000000000000000000000000000000000000000000000000001111111111111111111111111111111
000000000000000000000001111111101111111111111111111111111111111111000000000000000000000000000000000000000000000000000001111111111111111111111111111111
000000000000000000000001111111101111111111111111111111111111111111000000000000000000000000000000000000000000000000000001111111111111111111111111111111
000000000000000000000001111111000111111111111111111101111111110000000000000000000000000000000000000000000000000000000001111111111111111111111111111111
000000000000000000000001111111000111111111111111111101111111110000000000000000000000000000000000000000000000000000000001111111111111111111111111111111
000000000000000000000001111111000011111111111100000000000000000000000000000000000000000000000000000000000000000000000001111111111111111111111111111111
000000000000000000000001111111000011111111111100000000000000000000000000000000000000000000000000000000000000000000000001111111111111111111111111111111
000000000000000000000011111111000001111111100000000000000000000000000000000000000000000000000000000000000000000000000001111111111111111111111111111111
000000000000000000000011111111000001111111100000000000000000000000000000000000000000000000000000000000000000000000000001111111111111111111111111111111
000000000000000000000011111111000000000000000000000000000000000000000000000000000000000000000000000000000000000000000001111111111111111111111111111111
000000000000000000000011111111000000000000000000000000000000000000000000000000000000000000000000000000000000000000000001111111111111111111111111111111
000000000000000000000001111110000000000000000000000000000000000000000000000000000000000000000000000000000000000000000001111111111111111111111111111111
000000000000000000000001111110000000000000000000000000000000000000000000000000000000000000000000000000000000000000000001111111111111111111111111111111
000000000000000000000001111111000000000000000000000000000000000000000000000000000000000000000000000000000000000000000001111111111111111111111111111111
000000000000000000000001111111000000000000000000000000000000000000000000000000000000000000000000000000000000000000000001111111111111111111111111111111
000000000000000000000010111111000000000000000000000000000000000000000000000000000000000000000000000000000000000000000001111111111111111111111111111111
000000000000000000000010111111000000000000000000000000000000000000000000000000000000000000000000000000000000000000000001111111111111111111111111111111
000000000000000000000001011111000000000000000000000000000000000000000000000000000000000000000000000000000000000000000001111111111111111111111111111111
000000000000000000000001011111000000000000000000000000000000000000000000000000000000000000000000000000000000000000000001111111111111111111111111111111
000000000000000000000000000000000000000000000000000000000000000000000000000000000000000000000000000000000000000000000001111111111111111111111111111111
000000000000000000000000000000000000000000000000000000000000000000000000000000000000000000000000000000000000000000000001111111111111111111111111111111
000000000000000000000000000000000000000000000000000000000000000000000000000000000000000000000000000000000000000000000001111111111111111111111111111111
000000000000000000000000000000000000000000000000000000000000000000000000000000000000000000000000000000000000000000000001111111111111111111111111111111
000000000000000000000000000000000000000000000000000000000000000000000000000000000000000000000000000000000000000000000001111111111111111111111111111111
000000000000000000000000000000000000000000000000000000000000000000000000000000000000000000000000000000000000000000000001111111111111111111111111111111
000000000000000000000000000000000000000000000000000000000000000000000000000000000000000000000000000000000000000000000001111111111111111111111111111111
000000000000000000000000000000000000000000000000000000000000000000000000000000000000000000000000000000000000000000000001111111111111111111111111111111
000000000000000000000000000000000000000000000000000000000000000000000000000000000000000000000000000000000000000000000001111111111111111111111111111111
000000000000000000000000000000000000000000000000000000000000000000000000000000000000000000000000000000000000000000000001111111111111111111111111111111
000000000000000000000000000000000000000000000000000000000000000000000000000000000000000000000000000000000000000000000001111111111111111111111111111111
000000000000000000000000000000000000000000000000000000000000000000000000000000000000000000000000000000000000000000000001111111111111111111111111111111
000000000000000000000000000000000000000000000000000000000000000000000000000000000000000000000000000000000000000000000001111111111111111111111111111111
000000000000000000000000000000000000000000000000000000000000000000000000000000000000000000000000000000000000000000000001111111111111111111111111111111
000000000000000000000000000000000000000000000000000000000000000000000000000000000000000000000000000000000000000000000001111111111111111111111111111111
000000000000000000000000000000000000000000000000000000000000000000000000000000000000000000000000000000000000000000000001111111111111111111111111111111
000000000000000000000000000000000000000000000000000000000000000000000000000000000000000000000000000000000000000000000001111111111111111111111111111111
000000000000000000000000000000000000000000000000000000000000000000000000000000000000000000000000000000000000000000000001111111111111111111111111111111
000000000000000000000000000000000000000000000000000000000000000000000000000000000000000000000000000000000000000000000001111111111111111111111111111111
000000000000000000000000000000000000000000000000000000000000000000000000000000000000000000000000000000000000000000000001111111111111111111111111111111
000000000000000000000000000000000000000000000000000000000000000000000000000000000000000000000000000000000000000000000001111111111111111111111111111111
000000000000000000000000000000000000000000000000000000000000000000000000000000000000000000000000000000000000000000000001111111111111111111111111111111
000000000000000000000000000000000000000000000000000000000000000000000000000000000000000000000000000000000000000000000001111111111111111111111111111111
000000000000000000000000000000000000000000000000000000000000000000000000000000000000000000000000000000000000000000000001111111111111111111111111111111
000000000000000000000000000000000000000000000000000000000000000000000000000000000000000000000000000000000000000000000001111111111111111111111111111111
000000000000000000000000000000000000000000000000000000000000000000000000000000000000000000000000000000000000000000000001111111111111111111111111111111
000000000000000000000000000000000000000000000000000000000000000000000000000000000000000000000000000000000000000000000001111111111111111111111111111111
000000000000000000000000000000000000000000000000000000000000000000000000000000000000000000000000000000000000000000000001111111111111111111111111111111
000000000000000000000000000000000000000000000000000000000000000000000000000000000000000000000000000000000000000000000001111111111111111111111111111111
000000000000000000000000000000000000000000000000000000000000000000000000000000000000000000000000000000000000000000000001111111111111111111111111111111
000000000000000000000000000000000000000000000000000000000000000000000000000000000000000000000000000000000000000000000001111111111111111111111111111111
000000000000000000000000000000000000000000000000000000000000000000000000000000000000000000000000000000000000000000000001111111111111111111111111111111
000000000000000000000000000000000000000000000000000000000000000000000000000000000000000000000000000000000000000000000001111111111111111111111111111111
000000000000000000000000000000000000000000000000000000000000000000000000000000000000000000000000000000000000000000000001111111111111111111111111111111
000000000000000000000000000000000000000000000000000000000000000000000000000000000000000000000000000000000000000000000001111111111111111111111111111111
000000000000000000000000000000000000000000000000000000000000000000000000000000000000000000000000000000000000000000000001111111111111111111111111111111
000000000000000000000000000000000000000000000000000000000000000000000000000000000000000000000000000000000000000000000001111111111111111111111111111111
000000000000000000000000000000000000000000000000000000000000000000000000000000000000000000000000000000000000000000000001111111111111111111111111111111
000000000000000000000000000000000000000000000000000000000000000000000000000000000000000000000000000000000000000000000001111111111111111111111111111111
000000000000000000000000000000000000000000000000000000000000000000000000000000000000000000000000000000000000000000000001111111111111111111111111111111
000000000000000000000000000000000000000000000000000000000000000000000000000000000000000000000000000000000000000000000001111111111111111111111111111111
000000000000000000000000000000000000000000000000000000000000000000000000000000000000000000000000000000000000000000000001111111111111111111111111111111
111111111111111111111111111111111111111111111111111111111111111111111111111111111111111111111111111111111111111111111111111111111111111111111111111111
111111111111111111111111111111111111111111111111111111111111111111111111111111111111111111111111111111111111111111111111111111111111111111111111111111
