000000000000000000111111111111111111111111000000000000000000000000000000000000000000000000000000000000000001111111111111111111111111111111111111111111
000000000000000000111111111111111111111111000000000000000000000000000000000000000000000000000000000000000001111111111111111111111111111111111111111111
000000000000000000011111111111111111111110000000000000000000000000000000000000000000000000000000000000000001111111111111111111111111111111111111111111
000000000000000000011111111111111111111110000000000000000000000000000000000000000000000000000000000000000001111111111111111111111111111111111111111111
000000000000000000011111111111111111111100000000000000000000000000000000000000000000000000000000000000000001111111111111111111111111111111111111111111
000000000000000000011111111111111111111100000000000000000000000000000000000000000000000000000000000000000001111111111111111111111111111111111111111111
000000000000000000001111111111111111111110000000000000000000000000000000000000000000000000000000000000000001111111111111111111111111111111111111111111
000000000000000000001111111111111111111110000000000000000000000000000000000000000000000000000000000000000001111111111111111111111111111111111111111111
000000000000000000000111111111111111111110000000000000000000000000000000000000000000000000000000000000000001111111111111111111111111111111111111111111
000000000000000000000111111111111111111110000000000000000000000000000000000000000000000000000000000000000001111111111111111111111111111111111111111111
000000000000000000000111111111111111111111000000000000000000000000000000000000000000000000000000000000000001111111111111111111111111111111111111111111
000000000000000000000111111111111111111111000000000000000000000000000000000000000000000000000000000000000001111111111111111111111111111111111111111111
000000000000000000000011111111111111111111110000000000000000000000000000000000000000000000000000000000000001111111111111111111111111111111111111111111
000000000000000000000011111111111111111111110000000000000000000000000000000000000000000000000000000000000001111111111111111111111111111111111111111111
000000000000000000000011111111111111111111110000000000000000000000000000000000000000000000000000000000000001111111111111111111111111111111111111111111
000000000000000000000011111111111111111111110000000000000000000000000000000000000000000000000000000000000001111111111111111111111111111111111111111111
000000000000000000000011111111111111111111111000000000000000000000000000000000000000000000000000000000000001111111111111111111111111111111111111111111
000000000000000000000011111111111111111111111000000000000000000000000000000000000000000000000000000000000001111111111111111111111111111111111111111111
000000000000000000000011111111111111111111111100000000000000000000000000000000000000000000000000000000000001111111111111111111111111111111111111111111
000000000000000000000011111111111111111111111100000000000000000000000000000000000000000000000000000000000001111111111111111111111111111111111111111111
000000000000000000000011111111111111111111111100000000000000000000000000000000000000000000000000000000000001111111111111111111111111111111111111111111
000000000000000000000011111111111111111111111100000000000000000000000000000000000000000000000000000000000001111111111111111111111111111111111111111111
000000000000000000000011111111111111111111111100000000000000000000000000000000000000000000000000000000000001111111111111111111111111111111111111111111
000000000000000000000011111111111111111111111100000000000000000000000000000000000000000000000000000000000001111111111111111111111111111111111111111111
000000000011111111000011111111111111111111111100000000000000000000000000000000000000000000000000000000000001111111111111111111111111111111111111111111
000000000011111111000011111111111111111111111100000000000000000000000000000000000000000000000000000000000001111111111111111111111111111111111111111111
000000000011111111111111111111111111111111111000000000000000000000000000000000000000000000000000000000000001111111111111111111111111111111111111111111
000000000011111111111111111111111111111111111000000000000000000000000000000000000000000000000000000000000001111111111111111111111111111111111111111111
000000000011111111111111111111111111111111111000000000000000000000000000000000000000000000000000000000000001111111111111111111111111111111111111111111
000000000011111111111111111111111111111111111000000000000000000000000000000000000000000000000000000000000001111111111111111111111111111111111111111111
000000000011111111111111111111111111111111110000000000000000000000000000000000000000000000000000000000000001111111111111111111111111111111111111111111
000000000011111111111111111111111111111111110000000000000000000000000000000000000000000000000000000000000001111111111111111111111111111111111111111111
000000000001111111000001111111111111111111100000000000000000000000000000000000000000000000000000000000000001111111111111111111111111111111111111111111
000000000001111111000001111111111111111111100000000000000000000000000000000000000000000000000000000000000001111111111111111111111111111111111111111111
000000000000111111000000000111111111111111100000000000000000000000000000000000000000000000000000000000000001111111111111111111111111111111111111111111
000000000000111111000000000111111111111111100000000000000000000000000000000000000000000000000000000000000001111111111111111111111111111111111111111111
000000000000011111000000000001111111111111111111000000000000000000000000000000000000000000000000000000000001111111111111111111111111111111111111111111
000000000000011111000000000001111111111111111111000000000000000000000000000000000000000000000000000000000001111111111111111111111111111111111111111111
000000000000000111000000011111111111111111111111110000000000000000000000000000000000000000000000000000000001111111111111111111111111111111111111111111
000000000000000111000000011111111111111111111111110000000000000000000000000000000000000000000000000000000001111111111111111111111111111111111111111111
000000000000000111101111111111111111111111111111110000000000000000000000000000000000000000000000000000000001111111111111111111111111111111111111111111
000000000000000111101111111111111111111111111111110000000000000000000000000000000000000000000000000000000001111111111111111111111111111111111111111111
000000000000000011111111111111111111111111111111000000000000000000000000000000000000000000000000000000000001111111111111111111111111111111111111111111
000000000000000011111111111111111111111111111111000000000000000000000000000000000000000000000000000000000001111111111111111111111111111111111111111111
000000000000001111111111111111111111111111111000000000000000000000000000000000000000000000000000000000000001111111111111111111111111111111111111111111
000000000000001111111111111111111111111111111000000000000000000000000000000000000000000000000000000000000001111111111111111111111111111111111111111111
000000000000011111111111111111111111111110000000000000000000000000000000000000000000000000000000000000000001111111111111111111111111111111111111111111
000000000000011111111111111111111111111110000000000000000000000000000000000000000000000000000000000000000001111111111111111111111111111111111111111111
000000000000001111111111111111111111111110000000000000000000000000000000000000000000000000000000000000000001111111111111111111111111111111111111111111
000000000000001111111111111111111111111110000000000000000000000000000000000000000000000000000000000000000001111111111111111111111111111111111111111111
000000000000000111111111111111111111111110000011100000000000000000000000000000000000000000000000000000000001111111111111111111111111111111111111111111
000000000000000111111111111111111111111110000011100000000000000000000000000000000000000000000000000000000001111111111111111111111111111111111111111111
000000000000000000000000000111111111111111111100000000000000000000000000000000000000000000000000000000000001111111111111111111111111111111111111111111
000000000000000000000000000111111111111111111100000000000000000000000000000000000000000000000000000000000001111111111111111111111111111111111111111111
000000000000000000000000000011111111111111110000000000000000000000000000000000000000000000000000000000000001111111111111111111111111111111111111111111
000000000000000000000000000011111111111111110000000000000000000000000000000000000000000000000000000000000001111111111111111111111111111111111111111111
000000000000000000000000000001111111111111100000000000000000000000000000000000000000000000000000000000000001111111111111111111111111111111111111111111
000000000000000000000000000001111111111111100000000000000000000000000000000000000000000000000000000000000001111111111111111111111111111111111111111111
000000000000000000000000000000011111111111000000000000000000000000000000000000000000000000000000000000000001111111111111111111111111111111111111111111
000000000000000000000000000000011111111111000000000000000000000000000000000000000000000000000000000000000001111111111111111111111111111111111111111111
000000000000000000000000000000000000000000000000000000000000000000000000000000000000000000000000000000000001111111111111111111111111111111111111111111
000000000000000000000000000000000000000000000000000000000000000000000000000000000000000000000000000000000001111111111111111111111111111111111111111111
000000000000000000000000000000000000000000000000000000000000000000000000000000000000000000000000000000000001111111111111111111111111111111111111111111
000000000000000000000000000000000000000000000000000000000000000000000000000000000000000000000000000000000001111111111111111111111111111111111111111111
000000000000000000000000000000000000000000000000000000000000000000000000000000000000000000000000000000000001111111111111111111111111111111111111111111
000000000000000000000000000000000000000000000000000000000000000000000000000000000000000000000000000000000001111111111111111111111111111111111111111111
000000000000000000000000000000000000000000000000000000000000000000000000000000000000000000000000000000000001111111111111111111111111111111111111111111
000000000000000000000000000000000000000000000000000000000000000000000000000000000000000000000000000000000001111111111111111111111111111111111111111111
000000000000000000000000000000000000000000000000000000000000000000000000000000000000000000000000000000000001111111111111111111111111111111111111111111
000000000000000000000000000000000000000000000000000000000000000000000000000000000000000000000000000000000001111111111111111111111111111111111111111111
000000000000000000000000000000000000000000000000000000000000000000000000000000000000000000000000000000000001111111111111111111111111111111111111111111
000000000000000000000000000000000000000000000000000000000000000000000000000000000000000000000000000000000001111111111111111111111111111111111111111111
000000000000000000000000000000000000000000000000000000000000000000000000000000000000000000000000000000000001111111111111111111111111111111111111111111
000000000000000000000000000000000000000000000000000000000000000000000000000000000000000000000000000000000001111111111111111111111111111111111111111111
000000000000000000000000000000000000000000000000000000000000000000000000000000000000000000000000000000000001111111111111111111111111111111111111111111
000000000000000000000000000000000000000000000000000000000000000000000000000000000000000000000000000000000001111111111111111111111111111111111111111111
000000000000000000000000000000000000000000000000000000000000000000000000000000000000000000000000000000000001111111111111111111111111111111111111111111
000000000000000000000000000000000000000000000000000000000000000000000000000000000000000000000000000000000001111111111111111111111111111111111111111111
000000000000000000000000000000000000000000000000000000000000000000000000000000000000000000000000000000000001111111111111111111111111111110011111111111
000000000000000000000000000000000000000000000000000000000000000000000000000000000000000000000000000000000001111111111111111111111111111110011111111111
000000000000000000000000000000000000000000000000000000000000000000000000000000000000000000000000000000000001111111111111111111111111111110000000000000
000000000000000000000000000000000000000000000000000000000000000000000000000000000000000000000000000000000001111111111111111111111111111110000000000000
000000000000000000000000000000000000000000000000000000000000000000000000000000000000000000000000000000000001111111111111111111111111111111000000000000
000000000000000000000000000000000000000000000000000000000000000000000000000000000000000000000000000000000001111111111111111111111111111111000000000000
000000000000000000000000000000000000000000000000000000000000000000000000000000000000000000000000000000000001111111111111111111111111111110000000000000
000000000000000000000000000000000000000000000000000000000000000000000000000000000000000000000000000000000001111111111111111111111111111110000000000000
000000000000000000000000000000000000000000000000000000000000000000000000000000000000000000000000000000000001111111111111111111111111111110000000000000
000000000000000000000000000000000000000000000000000000000000000000000000000000000000000000000000000000000001111111111111111111111111111110000000000000
000000000000000000000000000000000000000000000000000000000000000000000000000000000000000000000000000000000001111111111111111111111111111111000000000000
000000000000000000000000000000000000000000000000000000000000000000000000000000000000000000000000000000000001111111111111111111111111111111000000000000
000000000000000000000000000000000000000000000000000000000000000000000000000000000000000000000000000000000001111111111111111111111111111111000000000000
000000000000000000000000000000000000000000000000000000000000000000000000000000000000000000000000000000000001111111111111111111111111111111000000000000
000000000000000000000000000000000000000000000000000000000000000000000000000000000000000000000000000000000001111111111111111111111111111110000000000000
000000000000000000000000000000000000000000000000000000000000000000000000000000000000000000000000000000000001111111111111111111111111111110000000000000
000000000000000000000000000000000000000000000000000000000000000000000000000000000000000000000000000000000001111111111111111111111111111111000000000000
000000000000000000000000000000000000000000000000000000000000000000000000000000000000000000000000000000000001111111111111111111111111111111000000000000
000000000000000000000000000000000000000000000000000000000000000000000000000000000000000000000000000000000001111111111111111111111111111111000000000000
000000000000000000000000000000000000000000000000000000000000000000000000000000000000000000000000000000000001111111111111111111111111111111000000000000
000000000000000000000000000000000000000000000000000000000000000000000000000000000000000000000000000000000001111111111111111111111111111111000000000000
000000000000000000000000000000000000000000000000000000000000000000000000000000000000000000000000000000000001111111111111111111111111111111000000000000
000000000000000000000000000000000000000000000000000000000000000000000000000000000000000000000000000000000001111111111111111111111111111111000000000000
000000000000000000000000000000000000000000000000000000000000000000000000000000000000000000000000000000000001111111111111111111111111111111000000000000
000000000000000000000000000000000000000000000000000000000000000000000000000000000000000000000000000000000001111111111111111111111111111111000000000000
000000000000000000000000000000000000000000000000000000000000000000000000000000000000000000000000000000000001111111111111111111111111111111000000000000
000000000000000000000000000000000000000000000000000000000000000000000000000000000000000000000000000000000001111111111111111111111111111110000000000000
000000000000000000000000000000000000000000000000000000000000000000000000000000000000000000000000000000000001111111111111111111111111111110000000000000
000000000000000000000000000000000000000000000000000000000000000000000000000000000000000000000000000000000001111111111111111111111111111000000000000000
000000000000000000000000000000000000000000000000000000000000000000000000000000000000000000000000000000000001111111111111111111111111111000000000000000
000000000000000000000000000000000000000000000000000000000000000000000000000000000000000000000000000000000001111111111111111111111111110000000000000000
000000000000000000000000000000000000000000000000000000000000000000000000000000000000000000000000000000000001111111111111111111111111110000000000000000
000000000000000000000000000000000000000000000000000000000000000000000000000000000000000000000000000000000001111111111111111111111111100000000000000000
000000000000000000000000000000000000000000000000000000000000000000000000000000000000000000000000000000000001111111111111111111111111100000000000000000
000000000000000000000000000000000000000000000000000000000000000000000000000000000000000000000000000000000001111111111111111111111111000000000000000000
000000000000000000000000000000000000000000000000000000000000000000000000000000000000000000000000000000000001111111111111111111111111000000000000000000
111111111111111111111111111111111111111111111111111111111111111111111111111111111111111111111111111111111111111111111111111111111111111111111111111111
111111111111111111111111111111111111111111111111111111111111111111111111111111111111111111111111111111111111111111111111111111111111111111111111111111
