000000000000111111111111111111111000000000000000000000000000000000000000000001111111111111111111111111111111111111111111111111111111111111111111111111
000000000000111111111111111111111000000000000000000000000000000000000000000001111111111111111111111111111111111111111111111111111111111111111111111111
000000000000111111111111111111111100000000000000000000000000000000000000000001111111111111111111111111111111111111111111111111111111111111111111111111
000000000000111111111111111111111100000000000000000000000000000000000000000001111111111111111111111111111111111111111111111111111111111111111111111111
000000000000111111111111111111111100000000000000000000000000000000000000000001111111111111111111111111111111111111111111111111111111111111111111111111
000000000000111111111111111111111100000000000000000000000000000000000000000001111111111111111111111111111111111111111111111111111111111111111111111111
000000000000111111111111111111111000000000000000000000000000000000000000000001111111111111111111111111111111111111111111111111111111111111111111111111
000000000000111111111111111111111000000000000000000000000000000000000000000001111111111111111111111111111111111111111111111111111111111111111111111111
000000000000111111111111111111100000000000000000000000000000000000000000000001111111111111111111111111111111111111111111111111111111111111111111111111
000000000000111111111111111111100000000000000000000000000000000000000000000001111111111111111111111111111111111111111111111111111111111111111111111111
000000000000111111111111111110000000000000000000000000000000000000000000000001111111111111111111111111111111111111111111111111111111111111111111111111
000000000000111111111111111110000000000000000000000000000000000000000000000001111111111111111111111111111111111111111111111111111111111111111111111111
000000000000111111111111111000000000000000000000000000000000000000000000000001111111111111111111111111111111111111111111111111111111111111111111111111
000000000000111111111111111000000000000000000000000000000000000000000000000001111111111111111111111111111111111111111111111111111111111111111111111111
000000000000111111111111110000000000000000000000000000000000000000000000000001111111111111111111111111111111111111111111111111111111111111111111111111
000000000000111111111111110000000000000000000000000000000000000000000000000001111111111111111111111111111111111111111111111111111111111111111111111111
000000000000011111111111100000000000000000000000000000000000000000000000000001111111111111111111111111111111111111111111111111111111111111111111111111
000000000000011111111111100000000000000000000000000000000000000000000000000001111111111111111111111111111111111111111111111111111111111111111111111111
000000000000011111111110000000000000000000000000000000000000000000000000000001111111111111111111111111111111111111111111111111111111111111111111111111
000000000000011111111110000000000000000000000000000000000000000000000000000001111111111111111111111111111111111111111111111111111111111111111111111111
000000000000011111111110000000000000000000000000000000000000000000000000000001111111111111111111111111111111111111111111111111111111111111111111111111
000000000000011111111110000000000000000000000000000000000000000000000000000001111111111111111111111111111111111111111111111111111111111111111111111111
000000000000011111111110010110000000000000000000000000000000000000000000000001111111111111111111111111111111111111111111111111111111111111111111111111
000000000000011111111110010110000000000000000000000000000000000000000000000001111111111111111111111111111111111111111111111111111111111111111111111111
000000000000111111111100101111110000000000000000000000000000000000000000000001111111111111111111111111111111111111111111111111111111111111111111111111
000000000000111111111100101111110000000000000000000000000000000000000000000001111111111111111111111111111111111111111111111111111111111111111111111111
000000001111111111111101111111110000000000000000000000000000000000000000000001111111111111111111111111111111111111111111111111111111111111111111111111
000000001111111111111101111111110000000000000000000000000000000000000000000001111111111111111111111111111111111111111111111111111111111111111111111111
000000000111011111111111111111110000000000000000000000000000000000000000000001111111111111111111111111111111111111111111111111111111111111111111111111
000000000111011111111111111111110000000000000000000000000000000000000000000001111111111111111111111111111111111111111111111111111111111111111111111111
000000000110111111111111111111100000000000000000000000000000000000000000000001111111111111111111111111111111111111111111111111111111111111111111111111
000000000110111111111111111111100000000000000000000000000000000000000000000001111111111111111111111111111111111111111111111111111111111111111111111111
000000000100011111111111111111000000000000000000000000000000000000000000000001111111111111111111111111111111111111111111111111111111111111111111111111
000000000100011111111111111111000000000000000000000000000000000000000000000001111111111111111111111111111111111111111111111111111111111111111111111111
000000000000001111111111111110000000000000000000000000000000000000000000000001111111111111111111111111111111111111111111111111111111111111111111111111
000000000000001111111111111110000000000000000000000000000000000000000000000001111111111111111111111111111111111111111111111111111111111111111111111111
000000000000000011111111110000000000000000000000000000000000000000000000000001111111111111111111111111111111111111111111111111111111111111111111111111
000000000000000011111111110000000000000000000000000000000000000000000000000001111111111111111111111111111111111111111111111111111111111111111111111111
000000000000001111111111111100000000000000000000000000000000000000000000000001111111111111111111111111111111111111111111111111111111111111111111111111
000000000000001111111111111100000000000000000000000000000000000000000000000001111111111111111111111111111111111111111111111111111111111111111111111111
000000000111111111111111111110000000000000000000000000000000000000000000000001111111111111111111111111111111111111111111111111111111111111111111111111
000000000111111111111111111110000000000000000000000000000000000000000000000001111111111111111111111111111111111111111111111111111111111111111111111111
000000111111111111111111111000000000000000000000000000000000000000000000000001111111111111111111111111111111111111111111111111111111111111111111111111
000000111111111111111111111000000000000000000000000000000000000000000000000001111111111111111111111111111111111111111111111111111111111111111111111111
000000000111111111111100000000000000000000000000000000000000000000000000000001111111111111111111111111111111111111111111111111111111111111111111111111
000000000111111111111100000000000000000000000000000000000000000000000000000001111111111111111111111111111111111111111111111111111111111111111111111111
000000000011111111111100000000000000000000000000000000000000000000000000000001111111111111111111111111111111111111111111111111111111111111111111111111
000000000011111111111100000000000000000000000000000000000000000000000000000001111111111111111111111111111111111111111111111111111111111111111111111111
000000000000000111111111111000000000000000000000000000000000000000000000000001111111111111111111111111111111111111111111111111111111111111111111111111
000000000000000111111111111000000000000000000000000000000000000000000000000001111111111111111111111111111111111111111111111111111111111111111111111111
000000000000000011111110000000000000000000000000000000000000000000000000000001111111111111111111111111111111111111111111111111111111111111111111111111
000000000000000011111110000000000000000000000000000000000000000000000000000001111111111111111111111111111111111111111111111111111111111111111111111111
000000000000000000001000000000000000000000000000000000000000000000000000000001111111111111111111111111111111111111111111111111111111111111111111111111
000000000000000000001000000000000000000000000000000000000000000000000000000001111111111111111111111111111111111111111111111111111111111111111111111111
000000000000000000000000000000000000000000000000000000000000000000000000000001111111111111111111111111111111111111111111111111111111111111111111111111
000000000000000000000000000000000000000000000000000000000000000000000000000001111111111111111111111111111111111111111111111111111111111111111111111111
000000000000000000000000000000000000000000000000000000000000000000000000000001111111111111111111111111111111111111111111111111111111111111111111111111
000000000000000000000000000000000000000000000000000000000000000000000000000001111111111111111111111111111111111111111111111111111111111111111111111111
000000000000000000000000000000000000000000000000000000000000000000000000000001111111111111111111111111111111111111111111111111111111111111111111111111
000000000000000000000000000000000000000000000000000000000000000000000000000001111111111111111111111111111111111111111111111111111111111111111111111111
000000000000000000000000000000000000000000000000000000000000000000000000000001111111111111111111111111111111111111111111111111111111111111111111111111
000000000000000000000000000000000000000000000000000000000000000000000000000001111111111111111111111111111111111111111111111111111111111111111111111111
000000000000000000000000000000000000000000000000000000000000000000000000000001111111111111111111111111111111111111111111111111111111111111111111111111
000000000000000000000000000000000000000000000000000000000000000000000000000001111111111111111111111111111111111111111111111111111111111111111111111111
000000000000000000000000000000000000000000000000000000000000000000000000000001111111111111111111111111111111111111111111111111111111111111111111111111
000000000000000000000000000000000000000000000000000000000000000000000000000001111111111111111111111111111111111111111111111111111111111111111111111111
000000000000000000000000000000000000000000000000000000000000000000000000000001111111111111111111111111111111111111111111111111111111111001111111111111
000000000000000000000000000000000000000000000000000000000000000000000000000001111111111111111111111111111111111111111111111111111111111001111111111111
000000000000000000000000000000000000000000000000000000000000000000000000000001111111111111111111111111111111111111111111111111111111100000000111111111
000000000000000000000000000000000000000000000000000000000000000000000000000001111111111111111111111111111111111111111111111111111111100000000111111111
000000000000000000000000000000000000000000000000000000000000000000000000000001111111111111111111111111111111111111111111111111111110000000000111111111
000000000000000000000000000000000000000000000000000000000000000000000000000001111111111111111111111111111111111111111111111111111110000000000111111111
000000000000000000000000000000000000000000000000000000000000000000000000000001111111111111111111111111111111111111111111111111111000000000000011111111
000000000000000000000000000000000000000000000000000000000000000000000000000001111111111111111111111111111111111111111111111111111000000000000011111111
000000000000000000000000000000000000000000000000000000000000000000000000000001111111111111111111111111111111111111111111111111111000000000000111111111
000000000000000000000000000000000000000000000000000000000000000000000000000001111111111111111111111111111111111111111111111111111000000000000111111111
000000000000000000000000000000000000000000000000000000000000000000000000000001111111111111111111111111111111111111111111111111110000000000111111111111
000000000000000000000000000000000000000000000000000000000000000000000000000001111111111111111111111111111111111111111111111111110000000000111111111111
000000000000000000000000000000000000000000000000000000000000000000000000000001111111111111111111111111111111111111111111111111000000000000111111111111
000000000000000000000000000000000000000000000000000000000000000000000000000001111111111111111111111111111111111111111111111111000000000000111111111111
000000000000000000000000000000000000000000000000000000000000000000000000000001111111111111111111111111111111111111111111111110000000000000011111111111
000000000000000000000000000000000000000000000000000000000000000000000000000001111111111111111111111111111111111111111111111110000000000000011111111111
000000000000000000000000000000000000000000000000000000000000000000000000000001111111111111111111111111111111111111111111111000000000000000000111110111
000000000000000000000000000000000000000000000000000000000000000000000000000001111111111111111111111111111111111111111111111000000000000000000111110111
000000000000000000000000000000000000000000000000000000000000000000000000000001111111111111111111111111111111111111111111111000000000000000000011100111
000000000000000000000000000000000000000000000000000000000000000000000000000001111111111111111111111111111111111111111111111000000000000000000011100111
000000000000000000000000000000000000000000000000000000000000000000000000000001111111111111111111111111111111111111111111110000000000000000000001100111
000000000000000000000000000000000000000000000000000000000000000000000000000001111111111111111111111111111111111111111111110000000000000000000001100111
000000000000000000000000000000000000000000000000000000000000000000000000000001111111111111111111111111111111111111111111110000000000010000000000000011
000000000000000000000000000000000000000000000000000000000000000000000000000001111111111111111111111111111111111111111111110000000000010000000000000011
000000000000000000000000000000000000000000000000000000000000000000000000000001111111111111111111111111111111111111111111110000000000000000000000000001
000000000000000000000000000000000000000000000000000000000000000000000000000001111111111111111111111111111111111111111111110000000000000000000000000001
000000000000000000000000000000000000000000000000000000000000000000000000000001111111111111111111111111111111111111111111110000000000000000000000000011
000000000000000000000000000000000000000000000000000000000000000000000000000001111111111111111111111111111111111111111111110000000000000000000000000011
000000000000000000000000000000000000000000000000000000000000000000000000000001111111111111111111111111111111111111111111111100000000000000000000000111
000000000000000000000000000000000000000000000000000000000000000000000000000001111111111111111111111111111111111111111111111100000000000000000000000111
000000000000000000000000000000000000000000000000000000000000000000000000000001111111111111111111111111111111111111111111111100000100000000000000011111
000000000000000000000000000000000000000000000000000000000000000000000000000001111111111111111111111111111111111111111111111100000100000000000000011111
000000000000000000000000000000000000000000000000000000000000000000000000000001111111111111111111111111111111111111111111111111111100000000000111111111
000000000000000000000000000000000000000000000000000000000000000000000000000001111111111111111111111111111111111111111111111111111100000000000111111111
000000000000000000000000000000000000000000000000000000000000000000000000000001111111111111111111111111111111111111111111111111111100000000000111111111
000000000000000000000000000000000000000000000000000000000000000000000000000001111111111111111111111111111111111111111111111111111100000000000111111111
000000000000000000000000000000000000000000000000000000000000000000000000000001111111111111111111111111111111111111111111111111111000000000000011111111
000000000000000000000000000000000000000000000000000000000000000000000000000001111111111111111111111111111111111111111111111111111000000000000011111111
000000000000000000000000000000000000000000000000000000000000000000000000000001111111111111111111111111111111111111111111111111111000000000000011111111
000000000000000000000000000000000000000000000000000000000000000000000000000001111111111111111111111111111111111111111111111111111000000000000011111111
000000000000000000000000000000000000000000000000000000000000000000000000000001111111111111111111111111111111111111111111111111111000000000000001111111
000000000000000000000000000000000000000000000000000000000000000000000000000001111111111111111111111111111111111111111111111111111000000000000001111111
000000000000000000000000000000000000000000000000000000000000000000000000000001111111111111111111111111111111111111111111111111111000000000000000111111
000000000000000000000000000000000000000000000000000000000000000000000000000001111111111111111111111111111111111111111111111111111000000000000000111111
000000000000000000000000000000000000000000000000000000000000000000000000000001111111111111111111111111111111111111111111111111110000000000000000111111
000000000000000000000000000000000000000000000000000000000000000000000000000001111111111111111111111111111111111111111111111111110000000000000000111111
000000000000000000000000000000000000000000000000000000000000000000000000000001111111111111111111111111111111111111111111111111110000000000000000011111
000000000000000000000000000000000000000000000000000000000000000000000000000001111111111111111111111111111111111111111111111111110000000000000000011111
111111111111111111111111111111111111111111111111111111111111111111111111111111111111111111111111111111111111111111111111111111111111111111111111111111
111111111111111111111111111111111111111111111111111111111111111111111111111111111111111111111111111111111111111111111111111111111111111111111111111111
