000000000000111111111110000000000000000000000000000000000000000000000000000111111111111111111111111111111111111111111111111111111111111111111111111111
000000000000111111111110000000000000000000000000000000000000000000000000000111111111111111111111111111111111111111111111111111111111111111111111111111
000000000000111111111111111111111100000000000000000000000000000000000000000111111111111111111111111111111111111111111111111111111111111111111111111111
000000000000111111111111111111111100000000000000000000000000000000000000000111111111111111111111111111111111111111111111111111111111111111111111111111
000000000000111111111111111111111000000000000000000000000000000000000000000111111111111111111111111111111111111111111111111111111111111111111111111111
000000000000111111111111111111111000000000000000000000000000000000000000000111111111111111111111111111111111111111111111111111111111111111111111111111
000000000000111111111111111111111000000000000000000000000000000000000000000111111111111111111111111111111111111111111111111111111111111111111111111111
000000000000111111111111111111111000000000000000000000000000000000000000000111111111111111111111111111111111111111111111111111111111111111111111111111
000000000000111111111111111111110000000000000000000000000000000000000000000111111111111111111111111111111111111111111111111111111111111111111111111111
000000000000111111111111111111110000000000000000000000000000000000000000000111111111111111111111111111111111111111111111111111111111111111111111111111
000000000000111111111111111111000000000000000000000000000000000000000000000111111111111111111111111111111111111111111111111111111111111111111111111111
000000000000111111111111111111000000000000000000000000000000000000000000000111111111111111111111111111111111111111111111111111111111111111111111111111
000000000000111111111111111100000000000000000000000000000000000000000000000111111111111111111111111111111111111111111111111111111111111111111111111111
000000000000111111111111111100000000000000000000000000000000000000000000000111111111111111111111111111111111111111111111111111111111111111111111111111
000000000000111111111111110000000000000000000000000000000000000000000000000111111111111111111111111111111111111111111111111111111111111111111111111111
000000000000111111111111110000000000000000000000000000000000000000000000000111111111111111111111111111111111111111111111111111111111111111111111111111
000000000000111111111111100000000000000000000000000000000000000000000000000111111111111111111111111111111111111111111111111111111111111111111111111111
000000000000111111111111100000000000000000000000000000000000000000000000000111111111111111111111111111111111111111111111111111111111111111111111111111
000000000000111111111110000000000000000000000000000000000000000000000000000111111111111111111111111111111111111111111111111111111111111111111111111111
000000000000111111111110000000000000000000000000000000000000000000000000000111111111111111111111111111111111111111111111111111111111111111111111111111
000000000000111111111100000000000000000000000000000000000000000000000000000111111111111111111111111111111111111111111111111111111111111111111111111111
000000000000111111111100000000000000000000000000000000000000000000000000000111111111111111111111111111111111111111111111111111111111111111111111111111
000000000000011111111110100000000000000000000000000000000000000000000000000111111111111111111111111111111111111111111111111111111111111111111111111111
000000000000011111111110100000000000000000000000000000000000000000000000000111111111111111111111111111111111111111111111111111111111111111111111111111
000000000000011111111111111000000000000000000000000000000000000000000000000111111111111111111111111111111111111111111111111111111111111111111111111111
000000000000011111111111111000000000000000000000000000000000000000000000000111111111111111111111111111111111111111111111111111111111111111111111111111
000000000011111111111111111110000000000000000000000000000000000000000000000111111111111111111111111111111111111111111111111111111111111111111111111111
000000000011111111111111111110000000000000000000000000000000000000000000000111111111111111111111111111111111111111111111111111111111111111111111111111
000000001111111111111111111100000000000000000000000000000000000000000000000111111111111111111111111111111111111111111111111111111111111111111111111111
000000001111111111111111111100000000000000000000000000000000000000000000000111111111111111111111111111111111111111111111111111111111111111111111111111
000000001111111111111111111000000000000000000000000000000000000000000000000111111111111111111111111111111111111111111111111111111111111111111111111111
000000001111111111111111111000000000000000000000000000000000000000000000000111111111111111111111111111111111111111111111111111111111111111111111111111
000000001010111111111111110000000000000000000000000000000000000000000000000111111111111111111111111111111111111111111111111111111111111111111111111111
000000001010111111111111110000000000000000000000000000000000000000000000000111111111111111111111111111111111111111111111111111111111111111111111111111
000000000100001111111111100000000000000000000000000000000000000000000000000111111111111111111111111111111111111111111111111111111111111111111111111111
000000000100001111111111100000000000000000000000000000000000000000000000000111111111111111111111111111111111111111111111111111111111111111111111111111
000000000000000111111111100000000000000000000000000000000000000000000000000111111111111111111111111111111111111111111111111111111111111111111111111111
000000000000000111111111100000000000000000000000000000000000000000000000000111111111111111111111111111111111111111111111111111111111111111111111111111
000000000000000111111111111110000000000000000000000000000000000000000000000111111111111111111111111111111111111111111111111111111111111111111111111111
000000000000000111111111111110000000000000000000000000000000000000000000000111111111111111111111111111111111111111111111111111111111111111111111111111
000000000000001111111111110000000000000000000000000000000000000000000000000111111111111111111111111111111111111111111111111111111111111111111111111111
000000000000001111111111110000000000000000000000000000000000000000000000000111111111111111111111111111111111111111111111111111111111111111111111111111
000000000000111111111110000000000000000000000000000000000000000000000000000111111111111111111111111111111111111111111111111111111111111111111111111111
000000000000111111111110000000000000000000000000000000000000000000000000000111111111111111111111111111111111111111111111111111111111111111111111111111
000000001111111111111110000000000000000000000000000000000000000000000000000111111111111111111111111111111111111111111111111111111111111111111111111111
000000001111111111111110000000000000000000000000000000000000000000000000000111111111111111111111111111111111111111111111111111111111111111111111111111
000000000001111111111110000000000000000000000000000000000000000000000000000111111111111111111111111111111111111111111111111111111111111111111111111111
000000000001111111111110000000000000000000000000000000000000000000000000000111111111111111111111111111111111111111111111111111111111111111111111111111
000000000000000001111111000000000000000000000000000000000000000000000000000111111111111111111111111111111111111111111111111111111111111111111111111111
000000000000000001111111000000000000000000000000000000000000000000000000000111111111111111111111111111111111111111111111111111111111111111111111111111
000000000000000000111111000000000000000000000000000000000000000000000000000111111111111111111111111111111111111111111111111111111111111111111111111111
000000000000000000111111000000000000000000000000000000000000000000000000000111111111111111111111111111111111111111111111111111111111111111111111111111
000000000000000000000000000000000000000000000000000000000000000000000000000111111111111111111111111111111111111111111111111111111111111111111111111111
000000000000000000000000000000000000000000000000000000000000000000000000000111111111111111111111111111111111111111111111111111111111111111111111111111
000000000000000000000000000000000000000000000000000000000000000000000000000111111111111111111111111111111111111111111111111111111111111111111111111111
000000000000000000000000000000000000000000000000000000000000000000000000000111111111111111111111111111111111111111111111111111111111111111111111111111
000000000000000000000000000000000000000000000000000000000000000000000000000111111111111111111111111111111111111111111111111111111111111111111111111111
000000000000000000000000000000000000000000000000000000000000000000000000000111111111111111111111111111111111111111111111111111111111111111111111111111
000000000000000000000000000000000000000000000000000000000000000000000000000111111111111111111111111111111111111111111111111111111111111111111111111111
000000000000000000000000000000000000000000000000000000000000000000000000000111111111111111111111111111111111111111111111111111111111111111111111111111
000000000000000000000000000000000000000000000000000000000000000000000000000111111111111111111111111111111111111111111111111111111111111111111111111111
000000000000000000000000000000000000000000000000000000000000000000000000000111111111111111111111111111111111111111111111111111111111111111111111111111
000000000000000000000000000000000000000000000000000000000000000000000000000111111111111111111111111111111111111111111111111111111111111111111111111111
000000000000000000000000000000000000000000000000000000000000000000000000000111111111111111111111111111111111111111111111111111111111111111111111111111
000000000000000000000000000000000000000000000000000000000000000000000000000111111111111111111111111111111111111111111111111111111111111111111111111111
000000000000000000000000000000000000000000000000000000000000000000000000000111111111111111111111111111111111111111111111111111111111111111111111111111
000000000000000000000000000000000000000000000000000000000000000000000000000111111111111111111111111111111111111111111111111111111111110000011111111111
000000000000000000000000000000000000000000000000000000000000000000000000000111111111111111111111111111111111111111111111111111111111110000011111111111
000000000000000000000000000000000000000000000000000000000000000000000000000111111111111111111111111111111111111111111111111111111111000000001111111111
000000000000000000000000000000000000000000000000000000000000000000000000000111111111111111111111111111111111111111111111111111111111000000001111111111
000000000000000000000000000000000000000000000000000000000000000000000000000111111111111111111111111111111111111111111111111111111100000000000111111111
000000000000000000000000000000000000000000000000000000000000000000000000000111111111111111111111111111111111111111111111111111111100000000000111111111
000000000000000000000000000000000000000000000000000000000000000000000000000111111111111111111111111111111111111111111111111111111000000000000111111111
000000000000000000000000000000000000000000000000000000000000000000000000000111111111111111111111111111111111111111111111111111111000000000000111111111
000000000000000000000000000000000000000000000000000000000000000000000000000111111111111111111111111111111111111111111111111111110000000000011111111111
000000000000000000000000000000000000000000000000000000000000000000000000000111111111111111111111111111111111111111111111111111110000000000011111111111
000000000000000000000000000000000000000000000000000000000000000000000000000111111111111111111111111111111111111111111111111111100000000001111111111111
000000000000000000000000000000000000000000000000000000000000000000000000000111111111111111111111111111111111111111111111111111100000000001111111111111
000000000000000000000000000000000000000000000000000000000000000000000000000111111111111111111111111111111111111111111111111100000000000000111111111111
000000000000000000000000000000000000000000000000000000000000000000000000000111111111111111111111111111111111111111111111111100000000000000111111111111
000000000000000000000000000000000000000000000000000000000000000000000000000111111111111111111111111111111111111111111111110000000000000000011111111111
000000000000000000000000000000000000000000000000000000000000000000000000000111111111111111111111111111111111111111111111110000000000000000011111111111
000000000000000000000000000000000000000000000000000000000000000000000000000111111111111111111111111111111111111111111111100000000000000000000111011111
000000000000000000000000000000000000000000000000000000000000000000000000000111111111111111111111111111111111111111111111100000000000000000000111011111
000000000000000000000000000000000000000000000000000000000000000000000000000111111111111111111111111111111111111111111111100000000000000000000110011111
000000000000000000000000000000000000000000000000000000000000000000000000000111111111111111111111111111111111111111111111100000000000000000000110011111
000000000000000000000000000000000000000000000000000000000000000000000000000111111111111111111111111111111111111111111111000000000000010000000010001111
000000000000000000000000000000000000000000000000000000000000000000000000000111111111111111111111111111111111111111111111000000000000010000000010001111
000000000000000000000000000000000000000000000000000000000000000000000000000111111111111111111111111111111111111111111111000000000000000000000000001111
000000000000000000000000000000000000000000000000000000000000000000000000000111111111111111111111111111111111111111111111000000000000000000000000001111
000000000000000000000000000000000000000000000000000000000000000000000000000111111111111111111111111111111111111111111111100000000000000000000000001111
000000000000000000000000000000000000000000000000000000000000000000000000000111111111111111111111111111111111111111111111100000000000000000000000001111
000000000000000000000000000000000000000000000000000000000000000000000000000111111111111111111111111111111111111111111111111100000000000000000000011111
000000000000000000000000000000000000000000000000000000000000000000000000000111111111111111111111111111111111111111111111111100000000000000000000011111
000000000000000000000000000000000000000000000000000000000000000000000000000111111111111111111111111111111111111111111111111100000000000000000000111111
000000000000000000000000000000000000000000000000000000000000000000000000000111111111111111111111111111111111111111111111111100000000000000000000111111
000000000000000000000000000000000000000000000000000000000000000000000000000111111111111111111111111111111111111111111111111100011100000000000111111111
000000000000000000000000000000000000000000000000000000000000000000000000000111111111111111111111111111111111111111111111111100011100000000000111111111
000000000000000000000000000000000000000000000000000000000000000000000000000111111111111111111111111111111111111111111111111111111100000000001111111111
000000000000000000000000000000000000000000000000000000000000000000000000000111111111111111111111111111111111111111111111111111111100000000001111111111
000000000000000000000000000000000000000000000000000000000000000000000000000111111111111111111111111111111111111111111111111111111000000000000111111111
000000000000000000000000000000000000000000000000000000000000000000000000000111111111111111111111111111111111111111111111111111111000000000000111111111
000000000000000000000000000000000000000000000000000000000000000000000000000111111111111111111111111111111111111111111111111111111000000000000111111111
000000000000000000000000000000000000000000000000000000000000000000000000000111111111111111111111111111111111111111111111111111111000000000000111111111
000000000000000000000000000000000000000000000000000000000000000000000000000111111111111111111111111111111111111111111111111111111000000000000011111111
000000000000000000000000000000000000000000000000000000000000000000000000000111111111111111111111111111111111111111111111111111111000000000000011111111
000000000000000000000000000000000000000000000000000000000000000000000000000111111111111111111111111111111111111111111111111111111000000000000001111111
000000000000000000000000000000000000000000000000000000000000000000000000000111111111111111111111111111111111111111111111111111111000000000000001111111
000000000000000000000000000000000000000000000000000000000000000000000000000111111111111111111111111111111111111111111111111111110000000000000001111111
000000000000000000000000000000000000000000000000000000000000000000000000000111111111111111111111111111111111111111111111111111110000000000000001111111
000000000000000000000000000000000000000000000000000000000000000000000000000111111111111111111111111111111111111111111111111111110000000000000000111111
000000000000000000000000000000000000000000000000000000000000000000000000000111111111111111111111111111111111111111111111111111110000000000000000111111
000000000000000000000000000000000000000000000000000000000000000000000000000111111111111111111111111111111111111111111111111111100000000000000000111111
000000000000000000000000000000000000000000000000000000000000000000000000000111111111111111111111111111111111111111111111111111100000000000000000111111
111111111111111111111111111111111111111111111111111111111111111111111111111111111111111111111111111111111111111111111111111111111111111111111111111111
111111111111111111111111111111111111111111111111111111111111111111111111111111111111111111111111111111111111111111111111111111111111111111111111111111
