111111111111111111111111111110000000000000000000000000000000000000000000000000000000000000000000000000000000000000000000001111111111111000000000000000
111111111111111111111111111110000000000000000000000000000000000000000000000000000000000000000000000000000000000000000000001111111111111000000000000000
111111111111111111111111111000000000000000000000000000000000000000000000000000000000000000000000000000000000000000000000000001111111111110000000000000
111111111111111111111111111000000000000000000000000000000000000000000000000000000000000000000000000000000000000000000000000001111111111110000000000000
111111111111111111111111100000000000000000000000000000000000000000000000000000000000000000000000000000000000000000000000000000011111111110000000000000
111111111111111111111111100000000000000000000000000000000000000000000000000000000000000000000000000000000000000000000000000000011111111110000000000000
111111111111111111111110000000000000000000000000000000000000000000000000000000000000000000000000000000000000000000000000000000000111111111000000000000
111111111111111111111110000000000000000000000000000000000000000000000000000000000000000000000000000000000000000000000000000000000111111111000000000000
111111111111111111111000000000000000000000000000000000000000000000000000000000000000000000000000000000000000000000000000000000000011111111100000000000
111111111111111111111000000000000000000000000000000000000000000000000000000000000000000000000000000000000000000000000000000000000011111111100000000000
111111111111111111100000000000000000000000000000000000000000000000000000000000000000000000000000000000000000000000000000000000000000111111100000000000
111111111111111111100000000000000000000000000000000000000000000000000000000000000000000000000000000000000000000000000000000000000000111111100000000000
111111111111111111000000000000000000000000000000000000000000000000000000000000000000000000000000000000000000000000000000000000000000001111110000000000
111111111111111111000000000000000000000000000000000000000000000000000000000000000000000000000000000000000000000000000000000000000000001111110000000000
111111111111111100000000000000000000000000000000000000000000000000000000000000000000000000000000000000000000000000000000000000000000000111111000000000
111111111111111100000000000000000000000000000000000000000000000000000000000000000000000000000000000000000000000000000000000000000000000111111000000000
111111111111111000000000000000000000000000000000000000000000000000000000000000000000000000000000000000000000000000000000000000000000000001111100000000
111111111111111000000000000000000000000000000000000000000000000000000000000000000000000000000000000000000000000000000000000000000000000001111100000000
111111111111110000000000000000000000000000000000000000000000000000000000000000000000000000000000000000000000000000000000000000000000000000111100000000
111111111111110000000000000000000000000000000000000000000000000000000000000000000000000000000000000000000000000000000000000000000000000000111100000000
111111111111100000000000000000000000000000000000000000000000000000000000000000000000000000000000000000000000000000000000000000000000000000011110000000
111111111111100000000000000000000000000000000000000000000000000000000000000000000000000000000000000000000000000000000000000000000000000000011110000000
111111111110000000000000000000000000000000000000000000000000000000000000000000000000000000000000000000000000000000000000000000000000000000001110000000
111111111110000000000000000000000000000000000000000000000000000000000000000000000000000000000000000000000000000000000000000000000000000000001110000000
111111111100000000000000000000000000000000000000000000000000000000000000000000000000000000000000000000000000000000000000000000000000000000000111000000
111111111100000000000000000000000000000000000000000000000000000000000000000000000000000000000000000000000000000000000000000000000000000000000111000000
111111111000000000000000000000000000000000000000000000000000000000000000000000000000000000000000000000000000000000000000000000000000000000000011100000
111111111000000000000000000000000000000000000000000000000000000000000000000000000000000000000000000000000000000000000000000000000000000000000011100000
111111111000000000000000000000000001111111111100000000000000000000000000000000000000000000000000000000000000000000000000000000000000000000000001100000
111111111000000000000000000000000001111111111100000000000000000000000000000000000000000000000000000000000000000000000000000000000000000000000001100000
111111110000000000000000000111111111111111111111111110000000000000000000000000000000000000000000000000000000000000000000000000000000000000000000100000
111111110000000000000000000111111111111111111111111110000000000000000000000000000000000000000000000000000000000000000000000000000000000000000000100000
111111100000000000000011111111111111111111111111111111111100000000000000000000000000000000000000000000000000000000000000000000000000000000000000010000
111111100000000000000011111111111111111111111111111111111100000000000000000000000000000000000000000000000000000000000000000000000000000000000000010000
111111000000000000011111111111111111111111111111111111111111100000000000000000000000000000000000000000000000000000000000000000000000000000000000010000
111111000000000000011111111111111111111111111111111111111111100000000000000000000000000000000000000000000000000000000000000000000000000000000000010000
111111000000000001111111111111111111111111111111111111111111111100000000000000000000000000000000000000000000000000000000000000000000000000000000001000
111111000000000001111111111111111111111111111111111111111111111100000000000000000000000000000000000000000000000000000000000000000000000000000000001000
111110000000001111111111111111111111111111111111111111111111111111000000000000000000000000000000000000000000000000000000000000000000000000000000001000
111110000000001111111111111111111111111111111111111111111111111111000000000000000000000000000000000000000000000000000000000000000000000000000000001000
111110000000011111111111111111111111111111111111111111111111111111110000000000000000000000000000000000000011111111110000000000000000000000000000000000
111110000000011111111111111111111111111111111111111111111111111111110000000000000000000000000000000000000011111111110000000000000000000000000000000000
111100000001111111111111111111111111111111111111111111111111111111111000000000000000000000000000000000011111111111111100000000000000000000000000000000
111100000001111111111111111111111111111111111111111111111111111111111000000000000000000000000000000000011111111111111100000000000000000000000000000000
111100000111111111111111111111111111111111111111111111111111111111111110000000000000000000000000000000111111111111111110000000000000000000000000000100
111100000111111111111111111111111111111111111111111111111111111111111110000000000000000000000000000000111111111111111110000000000000000000000000000100
111100001111111111111111111111111111111111111111111111111111111111111111000000000000000000000000000001111111111111111111000000000000000000000000000100
111100001111111111111111111111111111111111111111111111111111111111111111000000000000000000000000000001111111111111111111000000000000000000000000000100
111000011111111111111111111111111111111111111111111111111111111111111111100000000000000000000000000001111111111111111111000000000000000000000000000000
111000011111111111111111111111111111111111111111111111111111111111111111100000000000000000000000000001111111111111111111000000000000000000000000000000
111000111111111111111111111111111111111111111111111111111111111111111111110000000000000000000000000001111111111111111111000000000000000000000000000110
111000111111111111111111111111111111111111111111111111111111111111111111110000000000000000000000000001111111111111111111000000000000000000000000000110
111001111111111111111111111111111111111111111111111111111111111111111111111000000000000000000000000000111111111111111111000000000000000000000000000110
111001111111111111111111111111111111111111111111111111111111111111111111111000000000000000000000000000111111111111111111000000000000000000000000000110
111001111111111111111111111111111111111111111111111111111111111111111111111000000000000000000000000000011111111111111110000000000000000000000000000110
111001111111111111111111111111111111111111111111111111111111111111111111111000000000000000000000000000011111111111111110000000000000000000000000000110
111011111111111111111111111111111111110000001111111111111111111111111111111100000000000000000000000000001111111111111000000000000000000000000000000110
111011111111111111111111111111111111110000001111111111111111111111111111111100000000000000000000000000001111111111111000000000000000000000000000000110
111011111111111111111111111111111110000000000001111111111111111111111111111100000000000000000000000000000000111110000000000000000000000000000000001110
111011111111111111111111111111111110000000000001111111111111111111111111111100000000000000000000000000000000111110000000000000000000000000000000001110
111111111111111111111111111111111100000000000000011111111111111111111111111110000000000000000000000000000000000000000000000000000000000000000000011110
111111111111111111111111111111111100000000000000011111111111111111111111111110000000000000000000000000000000000000000000000000000000000000000000011110
111111111111111111111111111111111000000000000000011111111111111111111111111111000000000000000000000000000000000000000000000000000000000000000000011110
111111111111111111111111111111111000000000000000011111111111111111111111111111000000000000000000000000000000000000000000000000000000000000000000011110
111111111111111111111111111111110000000000000000011111111111111111111111111111100000000000000000000000000000000000000000000000000000000000000000111100
111111111111111111111111111111110000000000000000011111111111111111111111111111100000000000000000000000000000000000000000000000000000000000000000111100
111111111111111111111111111111111000000000000000011111111111111111111111111111110000000000000000000000000000000000000000000000000000000000000001111100
111111111111111111111111111111111000000000000000011111111111111111111111111111110000000000000000000000000000000000000000000000000000000000000001111100
111111111111111111111111111111111100000000000000011111111111111111111111111111111000000000000000000000000000000000000000000000000000000000000111111100
111111111111111111111111111111111100000000000000011111111111111111111111111111111000000000000000000000000000000000000000000000000000000000000111111100
111111111111111111111111111111111110000000000001111111111111111111111111111111111100000000000000000000000000000000000000000000000000000000001111111000
111111111111111111111111111111111110000000000001111111111111111111111111111111111100000000000000000000000000000000000000000000000000000000001111111000
111111111111111111111111111111111111110000001111111111111111111111111111111111111111000000000000000000000000000000000000000000000000000000111111111000
111111111111111111111111111111111111110000001111111111111111111111111111111111111111000000000000000000000000000000000000000000000000000000111111111000
111111111111111111111111111111111111111111111111111111111111111111111111111111111111110000000000000000000000000000000000000000000000000011111111110000
111111111111111111111111111111111111111111111111111111111111111111111111111111111111110000000000000000000000000000000000000000000000000011111111110000
111111111111111111111111111111111111111111111111111111111111111111111111111111111111111100000000000000000000000000000000000000000000001111111111110000
111111111111111111111111111111111111111111111111111111111111111111111111111111111111111100000000000000000000000000000000000000000000001111111111110000
111111111111111111111111111111111111111111111111111111111111111111111111111111111111111111100000000000000000000000000000000000000000111111111111100000
111111111111111111111111111111111111111111111111111111111111111111111111111111111111111111100000000000000000000000000000000000000000111111111111100000
111111011111111111111111111111111111111111111111111111111111111111111111111111111111111111111100000000000000000000000000000000001111111111111111100000
111111011111111111111111111111111111111111111111111111111111111111111111111111111111111111111100000000000000000000000000000000001111111111111111100000
111111001111111111111111111111111111111111111111111111111111111111111111111111111111111111111111110000000000000000000000000011111111111111111111000000
111111001111111111111111111111111111111111111111111111111111111111111111111111111111111111111111110000000000000000000000000011111111111111111111000000
111111101111111111111111111111111111111111111111111111111111111111111111111111111111111111111111111111111000000000000111111111111111111111111110000000
111111101111111111111111111111111111111111111111111111111111111111111111111111111111111111111111111111111000000000000111111111111111111111111110000000
111111100111111111111111111111111111111111111111111111111111111111111111111111111111111111111111111111111111111111111111111111111111111111111100000000
111111100111111111111111111111111111111111111111111111111111111111111111111111111111111111111111111111111111111111111111111111111111111111111100000000
111111110011111111111111111111111111111111111111111111111111111111111111111111111111111111111111111111111111111111111111111111111111111111111100000000
111111110011111111111111111111111111111111111111111111111111111111111111111111111111111111111111111111111111111111111111111111111111111111111100000000
111111110001111111111111111111111111111111111111111111111111111111111111111111111111111111111111111111111111111111111111111111111111111111111000000000
111111110001111111111111111111111111111111111111111111111111111111111111111111111111111111111111111111111111111111111111111111111111111111111000000000
111111111000111111111111111111111111111111111111111111111111111111111111111111111111111111111111111111111111111111111111111111111111111111100000000000
111111111000111111111111111111111111111111111111111111111111111111111111111111111111111111111111111111111111111111111111111111111111111111100000000000
111111111000011111111111111111111111111111111111111111111111111111111111111111111111111111111111111111111111111111111111111111111111111111000000000000
111111111000011111111111111111111111111111111111111111111111111111111111111111111111111111111111111111111111111111111111111111111111111111000000000000
111111111100000111111111111111111111111111111111111111111111111111111111111111111111111111111111111111111111111111111111111111111111111110000000000000
111111111100000111111111111111111111111111111111111111111111111111111111111111111111111111111111111111111111111111111111111111111111111110000000000000
111111111100000011111111111111111111111111111111111111111111111111111111111111111111111111111111111111111111111111111111111111111111111100000000000000
111111111100000011111111111111111111111111111111111111111111111111111111111111111111111111111111111111111111111111111111111111111111111100000000000000
111111111110000001111111111111111111111111111111111111111111111111111111111111111111111111111111111111111111111111111111111111111111110000000000000000
111111111110000001111111111111111111111111111111111111111111111111111111111111111111111111111111111111111111111111111111111111111111110000000000000000
111111111111000000011111111111111111111111111111111111111111111111111111111111111111111111111111111111111111111111111111111111111111100000000000000000
111111111111000000011111111111111111111111111111111111111111111111111111111111111111111111111111111111111111111111111111111111111111100000000000000000
111111111111100000000111111111111111111111111111111111111111111111111111111111111111111111111111111111111111111111111111111111111110000000000000000000
111111111111100000000111111111111111111111111111111111111111111111111111111111111111111111111111111111111111111111111111111111111110000000000000000000
111111111111100000000011111111111111111111111111111111111111111111111111111111111111111111111111111111111111111111111111111111111000000000000000000000
111111111111100000000011111111111111111111111111111111111111111111111111111111111111111111111111111111111111111111111111111111111000000000000000000000
111111111111110000000000111111111111111111111111111111111111111111111111111111111111111111111111111111111111111111111111111111110000000000000000000000
111111111111110000000000111111111111111111111111111111111111111111111111111111111111111111111111111111111111111111111111111111110000000000000000000000
111111111111111000000000001111111111111111111111111111111111111111111111111111111111111111111111111111111111111111111111111110000000000000000000000000
111111111111111000000000001111111111111111111111111111111111111111111111111111111111111111111111111111111111111111111111111110000000000000000000000000
111111111111111100000000000001111111111111111111111111111111111111111111111111111111111111111111111111111111111111111111111000000000000000000000000000
111111111111111100000000000001111111111111111111111111111111111111111111111111111111111111111111111111111111111111111111111000000000000000000000000000
111111111111111111111111111111111111111111111111111111111111111111111111111111111111111111111111111111111111111111111111111111111111111111111111111111
111111111111111111111111111111111111111111111111111111111111111111111111111111111111111111111111111111111111111111111111111111111111111111111111111111
