000000000000000000000111111111111111111111111111111111111111111111111111111111111111111111111111111111111111111111111111111111111100000000000000000000
000000000000000000000111111111111111111111111111111111111111111111111111111111111111111111111111111111111111111111111111111111111100000000000000000000
000000000000000000011111111111111111111111111111111111111111111111111111111111111111111111111111111111111111111111111111111111111111000000000000000000
000000000000000000011111111111111111111111111111111111111111111111111111111111111111111111111111111111111111111111111111111111111111000000000000000000
000000000000000001111111111111111111111111111111111111111111111111111111111111111111111111111111111111111111111111111111111111111111110000000000000000
000000000000000001111111111111111111111111111111111111111111111111111111111111111111111111111111111111111111111111111111111111111111110000000000000000
000000000000000111111111111111111111111111111111111111111111111111111111111111111111111111111111111111111111111111111111111111111111111100000000000000
000000000000000111111111111111111111111111111111111111111111111111111111111111111111111111111111111111111111111111111111111111111111111100000000000000
000000000000001111111111111111111111111111111111111111111111111111111111111111111111111111111111111111111111111111111111111111111111111110000000000000
000000000000001111111111111111111111111111111111111111111111111111111111111111111111111111111111111111111111111111111111111111111111111110000000000000
000000000000111111111111111111111111111111111111111111111111111111111111111111111111111111111111111111111111111111111111111111111111111111100000000000
000000000000111111111111111111111111111111111111111111111111111111111111111111111111111111111111111111111111111111111111111111111111111111100000000000
000000000001111111111111111111111111111111111111111111111111111111111111111111111111111111111111111111111111111111111111111111111111111111110000000000
000000000001111111111111111111111111111111111111111111111111111111111111111111111111111111111111111111111111111111111111111111111111111111110000000000
000000000011111111111111111111111111111111111111111111111111111111111111111111111111111111111111111111111111111111111111111111111111111111111100000000
000000000011111111111111111111111111111111111111111111111111111111111111111111111111111111111111111111111111111111111111111111111111111111111100000000
000000000111111111111111110000000000000000000001111111111111111111111111111111111111111111111111111111111111111111111111111111111111111111111110000000
000000000111111111111111110000000000000000000001111111111111111111111111111111111111111111111111111111111111111111111111111111111111111111111110000000
000000011111111111110000000000000000000000000000000001111111111111111111111111111111111111111111111111111111111111111111111111111111111111111111000000
000000011111111111110000000000000000000000000000000001111111111111111111111111111111111111111111111111111111111111111111111111111111111111111111000000
000000111111111110000000000000000000000000000000000000000111111111111111111111111111111111111111111111111111111111111111111111111111111111111111100000
000000111111111110000000000000000000000000000000000000000111111111111111111111111111111111111111111111111111111111111111111111111111111111111111100000
000001111111100000000000000000000000000000000000000000000000111111111111111111111111111111111111111111111111111111111111111111111111111111111111110000
000001111111100000000000000000000000000000000000000000000000111111111111111111111111111111111111111111111111111111111111111111111111111111111111110000
000011111110000000000000000000000000000000000000000000000000001111111111111111111111111111111111111111111111111111111111111111111111111111111111111000
000011111110000000000000000000000000000000000000000000000000001111111111111111111111111111111111111111111111111111111111111111111111111111111111111000
000111111000000000000000000000000000000000000000000000000000000011111111111111111111111111111111111111111111111111111111111111111111111111111111111100
000111111000000000000000000000000000000000000000000000000000000011111111111111111111111111111111111111111111111111111111111111111111111111111111111100
001111100000000000000000000000000000000000000000000000000000000000111111111111111111111111111111111111111111111111111111111111111111111111111111111110
001111100000000000000000000000000000000000000000000000000000000000111111111111111111111111111111111111111111111111111111111111111111111111111111111110
001110000000000000000000000000000000000000000000000000000000000000001111111111111111111111111111111111111111111111111111111111111111111111111111111110
001110000000000000000000000000000000000000000000000000000000000000001111111111111111111111111111111111111111111111111111111111111111111111111111111110
011100000000000000000000000000000000000000000000000000000000000000000111111111111111111111111111111111111111111111111111111111111111111111111111111111
011100000000000000000000000000000000000000000000000000000000000000000111111111111111111111111111111111111111111111111111111111111111111111111111111111
110000000000000000000000000000000000000000000000000000000000000000000011111111111111111111111111111111111111111111111111111111111111111111111111111111
110000000000000000000000000000000000000000000000000000000000000000000011111111111111111111111111111111111111111111111111111111111111111111111111111111
100000000000000000000000000000000000000000000000000000000000000000000000111111111111111111111111111111111111111111111111111111111111111111111111111111
100000000000000000000000000000000000000000000000000000000000000000000000111111111111111111111111111111111111111111111111111111111111111111111111111111
100000000000000000000000000000000000000000000000000000000000000000000000111111111111111111111111111111111111111111111111111111111111111111111111111111
100000000000000000000000000000000000000000000000000000000000000000000000111111111111111111111111111111111111111111111111111111111111111111111111111111
000000000000000000000000000000000000000000000000000000000000000000000000011111111111111111111111111111111111111111111111111111111111111111111111111111
000000000000000000000000000000000000000000000000000000000000000000000000011111111111111111111111111111111111111111111111111111111111111111111111111111
000000000000000000000000000000000000000000000000000000000000000000000000001111111111111111111111111111111111111111111111111111111111111111111111111111
000000000000000000000000000000000000000000000000000000000000000000000000001111111111111111111111111111111111111111111111111111111111111111111111111111
000000000000000000000000000000000111111111110000000000000000000000000000001111111111111111111111111111111111111111111111111111111111111111111111111111
000000000000000000000000000000000111111111110000000000000000000000000000001111111111111111111111111111111111111111111111111111111111111111111111111111
000000000000000000000000000000011111111111111100000000000000000000000000000111111111111111111111111111111111111111111111111111111111111111111111111111
000000000000000000000000000000011111111111111100000000000000000000000000000111111111111111111111111111111111111111111111111111111111111111111111111111
000000000000000000000000000001111111111111111111000000000000000000000000000111111111111111111111111111111111111111111111111111111111111111111111111111
000000000000000000000000000001111111111111111111000000000000000000000000000111111111111111111111111111111111111111111111111111111111111111111111111111
000000000000000000000000000001111111111111111111000000000000000000000000000111111111111111111111111111111111111111111111111111111111111111111111111111
000000000000000000000000000001111111111111111111000000000000000000000000000111111111111111111111111111111111111111111111111111111111111111111111111111
000000000000000000000000000011111111111111111111100000000000000000000000000111111111111111111111111111111111100000000111111111111111111111111111111111
000000000000000000000000000011111111111111111111100000000000000000000000000111111111111111111111111111111111100000000111111111111111111111111111111111
000000000000000000000000000011111111111111111111100000000000000000000000000111111111111111111111111111111100000000000000111111111111111111111111111111
000000000000000000000000000011111111111111111111100000000000000000000000000111111111111111111111111111111100000000000000111111111111111111111111111111
000000000000000000000000000001111111111111111111000000000000000000000000000111111111111111111111111111111000000000000000011111111111111111111111111111
000000000000000000000000000001111111111111111111000000000000000000000000000111111111111111111111111111111000000000000000011111111111111111111111111111
000000000000000000000000000001111111111111111111000000000000000000000000000111111111111111111111111111110000000000000000001111111111111111111111111111
000000000000000000000000000001111111111111111111000000000000000000000000000111111111111111111111111111110000000000000000001111111111111111111111111111
000000000000000000000000000000111111111111111100000000000000000000000000000111111111111111111111111111110000000000000000001111111111111111111111111111
000000000000000000000000000000111111111111111100000000000000000000000000000111111111111111111111111111110000000000000000001111111111111111111111111111
000000000000000000000000000000000111111111110000000000000000000000000000000111111111111111111111111111110000000000000000001111111111111111111111111111
000000000000000000000000000000000111111111110000000000000000000000000000000111111111111111111111111111110000000000000000001111111111111111111111111111
000000000000000000000000000000000000000000000000000000000000000000000000000111111111111111111111111111110000000000000000011111111111111111111111111111
000000000000000000000000000000000000000000000000000000000000000000000000000111111111111111111111111111110000000000000000011111111111111111111111111111
000000000000000000000000000000000000000000000000000000000000000000000000000111111111111111111111111111111100000000000000111111111111111111111111111111
000000000000000000000000000000000000000000000000000000000000000000000000000111111111111111111111111111111100000000000000111111111111111111111111111111
000000000000000000000000000000000000000000000000000000000000000000000000000011111111111111111111111111111111000000000011111111111111111111111111111111
000000000000000000000000000000000000000000000000000000000000000000000000000011111111111111111111111111111111000000000011111111111111111111111111111111
000000000000000000000000000000000000000000000000000000000000000000000000000011111111111111111111111111111111111111111111111111111111111111111111111111
000000000000000000000000000000000000000000000000000000000000000000000000000011111111111111111111111111111111111111111111111111111111111111111111111111
000000000000000000000000000000000000000000000000000000000000000000000000000001111111111111111111111111111111111111111111111111111111111111111111111111
000000000000000000000000000000000000000000000000000000000000000000000000000001111111111111111111111111111111111111111111111111111111111111111111111111
000000000000000000000000000000000000000000000000000000000000000000000000000000111111111111111111111111111111111111111111111111111111111111111111111111
000000000000000000000000000000000000000000000000000000000000000000000000000000111111111111111111111111111111111111111111111111111111111111111111111111
000000000000000000000000000000000000000000000000000000000000000000000000000000111111111111111111111111111111111111111111111111111111111111111111111111
000000000000000000000000000000000000000000000000000000000000000000000000000000111111111111111111111111111111111111111111111111111111111111111111111111
000000000000000000000000000000000000000000000000000000000000000000000000000000011111111111111111111111111111111111111111111111111111111111111111111111
000000000000000000000000000000000000000000000000000000000000000000000000000000011111111111111111111111111111111111111111111111111111111111111111111111
100000000000000000000000000000000000000000000000000000000000000000000000000000001111111111111111111111111111111111111111111111111111111111111111111110
100000000000000000000000000000000000000000000000000000000000000000000000000000001111111111111111111111111111111111111111111111111111111111111111111110
100000000000000000000000000000000000000000000000000000000000000000000000000000000011111111111111111111111111111111111111111111111111111111111111111100
100000000000000000000000000000000000000000000000000000000000000000000000000000000011111111111111111111111111111111111111111111111111111111111111111100
110000000000000000000000000000000000000000000000000000000000000000000000000000000001111111111111111111111111111111111111111111111111111111111111110001
110000000000000000000000000000000000000000000000000000000000000000000000000000000001111111111111111111111111111111111111111111111111111111111111110001
111000000000000000000000000000000000000000000000000000000000000000000000000000000000011111111111111111111111111111111111111111111111111111111111100011
111000000000000000000000000000000000000000000000000000000000000000000000000000000000011111111111111111111111111111111111111111111111111111111111100011
111100000000000000000000000000000000000000000000000000000000000000000000000000000000001111111111111111111111111111111111111111111111111111111110000111
111100000000000000000000000000000000000000000000000000000000000000000000000000000000001111111111111111111111111111111111111111111111111111111110000111
111100000000000000000000000000000000000000000000000000000000000000000000000000000000000001111111111111111111111111111111111111111111111111111000001111
111100000000000000000000000000000000000000000000000000000000000000000000000000000000000001111111111111111111111111111111111111111111111111111000001111
111110000000000000000000000000000000000000000000000000000000000000000000000000000000000000011111111111111111111111111111111111111111111111000000001111
111110000000000000000000000000000000000000000000000000000000000000000000000000000000000000011111111111111111111111111111111111111111111111000000001111
111111000000000000000000000000000000000000000000000000000000000000000000000000000000000000000011111111111111111111111111111111111111111000000000011111
111111000000000000000000000000000000000000000000000000000000000000000000000000000000000000000011111111111111111111111111111111111111111000000000011111
111111110000000000000000000000000000000000000000000000000000000000000000000000000000000000000000011111111111111111111111111111111111000000000001111111
111111110000000000000000000000000000000000000000000000000000000000000000000000000000000000000000011111111111111111111111111111111111000000000001111111
111111111000000000000000000000000000000000000000000000000000000000000000000000000000000000000000000000111111111111111111111111100000000000000011111111
111111111000000000000000000000000000000000000000000000000000000000000000000000000000000000000000000000111111111111111111111111100000000000000011111111
111111111100000000000000000000000000000000000000000000000000000000000000000000000000000000000000000000000000000000000000000000000000000000000111111111
111111111100000000000000000000000000000000000000000000000000000000000000000000000000000000000000000000000000000000000000000000000000000000000111111111
111111111110000000000000000000000000000000000000000000000000000000000000000000000000000000000000000000000000000000000000000000000000000000001111111111
111111111110000000000000000000000000000000000000000000000000000000000000000000000000000000000000000000000000000000000000000000000000000000001111111111
111111111111100000000000000000000000000000000000000000000000000000000000000000000000000000000000000000000000000000000000000000000000000000111111111111
111111111111100000000000000000000000000000000000000000000000000000000000000000000000000000000000000000000000000000000000000000000000000000111111111111
111111111111110000000000000000000000000000000000000000000000000000000000000000000000000000000000000000000000000000000000000000000000000001111111111111
111111111111110000000000000000000000000000000000000000000000000000000000000000000000000000000000000000000000000000000000000000000000000001111111111111
111111111111111100000000000000000000000000000000000000000000000000000000000000000000000000000000000000000000000000000000000000000000000111111111111111
111111111111111100000000000000000000000000000000000000000000000000000000000000000000000000000000000000000000000000000000000000000000000111111111111111
111111111111111111000000000000000000000000000000000000000000000000000000000000000000000000000000000000000000000000000000000000000000011111111111111111
111111111111111111000000000000000000000000000000000000000000000000000000000000000000000000000000000000000000000000000000000000000000011111111111111111
111111111111111111100000000000000000000000000000000000000000000000000000000000000000000000000000000000000000000000000000000000000000111111111111111111
111111111111111111100000000000000000000000000000000000000000000000000000000000000000000000000000000000000000000000000000000000000000111111111111111111
111111111111111111111111111111111111111111111111111111111111111111111111111111111111111111111111111111111111111111111111111111111111111111111111111111
111111111111111111111111111111111111111111111111111111111111111111111111111111111111111111111111111111111111111111111111111111111111111111111111111111
