000000000000000000000000000000000000000000111111111111111111111111111111111111111111111111111111111111111111111111111111111111111111111111111111111111
000000000000000000000000000000000000000000111111111111111111111111111111111111111111111111111111111111111111111111111111111111111111111111111111111111
000000000000000000000000000000000000000000111111111111111111111111111111111111111111111111111111111111111111111111111111111111111111111111111111111111
000000000000000000000000000000000000000000111111111111111111111111111111111111111111111111111111111111111111111111111111111111111111111111111111111111
000000000000000000000000000000000000000000111111111111111111111111111111111111111111111111111111111111111111111111111111111111111111111111111111111111
000000000000000000000000000000000000000000111111111111111111111111111111111111111111111111111111111111111111111111111111111111111111111111111111111111
000000000000000000000000000000000000000000111111111111111111111111111111111111111111111111111111111111111111111111111111111111111111111111111111111111
000000000000000000000000000000000000000000111111111111111111111111111111111111111111111111111111111111111111111111111111111111111111111111111111111111
000000000000000000000000000000000000000000111111111111111111111111111111111111111111111111111111111111111111111111111111111111111111111111111111111111
000000000000000000000000000000000000000000111111111111111111111111111111111111111111111111111111111111111111111111111111111111111111111111111111111111
000000000000000000000000000000000000000000111111111111111111111111111111111111111111111111111111111111111111111111111111111111111111111111111111111111
000000000000000000000000000000000000000000111111111111111111111111111111111111111111111111111111111111111111111111111111111111111111111111111111111111
000000000000000000000000000000000000000000111111111111111111111111111111111111111111111111111111111111111111111111111111111111111111111111111111111111
000000000000000000000000000000000000000000111111111111111111111111111111111111111111111111111111111111111111111111111111111111111111111111111111111111
000000000000000000000000000000000000000000111111111111111111111111111111111111111111111111111111111111111111111111111111111111111111111111111111111111
000000000000000000000000000000000000000000111111111111111111111111111111111111111111111111111111111111111111111111111111111111111111111111111111111111
000000000000000000000000000000000000000000111111111111111111111111111111111111111111111111111111111111111111111111111111111111111111111111111111111111
000000000000000000000000000000000000000000111111111111111111111111111111111111111111111111111111111111111111111111111111111111111111111111111111111111
000000000000000000000000000000000000000000111111111111111111111111111111111111111111111111111111111111111111111111111111111111111111111111111111111111
000000000000000000000000000000000000000000111111111111111111111111111111111111111111111111111111111111111111111111111111111111111111111111111111111111
000000000000000000000000000000000000000000111111111111111111111111111111111111111111111111111111111111111111111111111111111111111111111111111111111111
000000000000000000000000000000000000000000111111111111111111111111111111111111111111111111111111111111111111111111111111111111111111111111111111111111
000000000000000000000000000000000000000000111111111111111111111111111111111111111111111111111111111111111111111111111111111111111111111111111111111111
000000000000000000000000000000000000000000111111111111111111111111111111111111111111111111111111111111111111111111111111111111111111111111111111111111
000000000000000000000000000000000000000000111111111111111111111111111111111111111111111111111111111111111111111111111111111111111111111111111111111111
000000000000000000000000000000000000000000111111111111111111111111111111111111111111111111111111111111111111111111111111111111111111111111111111111111
000000000000000000000000000000000000000000111111111111111111111111111111111111111111111111111111111111111111111111111111111111111111111111111111111111
000000000000000000000000000000000000000000111111111111111111111111111111111111111111111111111111111111111111111111111111111111111111111111111111111111
000000000000000000000000000000000000000000111111111111111111111111111111111111111111111111111111111111111111111111111111111111111111111111111111111111
000000000000000000000000000000000000000000111111111111111111111111111111111111111111111111111111111111111111111111111111111111111111111111111111111111
000000000000000000000000000000000000000000111111111111111111111111111111111111111111111111111111111111111111111111111111111111111111111111111111111111
000000000000000000000000000000000000000000111111111111111111111111111111111111111111111111111111111111111111111111111111111111111111111111111111111111
000000000000000000000000000000000000000000111111111111111111111111111111111111111111111111111111111111100001111111111111111111111111111111111111111111
000000000000000000000000000000000000000000111111111111111111111111111111111111111111111111111111111111100001111111111111111111111111111111111111111111
000000000000000000000000000000000000000000111111111111111111111111111111111111111111111111111111111110000001111111111111111111111111111111111111111111
000000000000000000000000000000000000000000111111111111111111111111111111111111111111111111111111111110000001111111111111111111111111111111111111111111
000000000000000000000000000000000000000000111111111111111111111111111111111111111111111111111111111111000001111111111111111111111111111111111111111111
000000000000000000000000000000000000000000111111111111111111111111111111111111111111111111111111111111000001111111111111111111111111111111111111111111
000000000000000000000000000000000000000000111111111111111111111111111111111111111111111111111111111111100000000000001111111111111111111111111111111111
000000000000000000000000000000000000000000111111111111111111111111111111111111111111111111111111111111100000000000001111111111111111111111111111111111
000000000000000000000000000000000000000000111111111111111111111111111111111111111111111111111111111111110000000000000011111111111111111111111111111111
000000000000000000000000000000000000000000111111111111111111111111111111111111111111111111111111111111110000000000000011111111111111111111111111111111
000000000000000000000000000000000000000000111111111111111111111111111111111111111111111111111111111111111000000000000001111111111111111111111111111111
000000000000000000000000000000000000000000111111111111111111111111111111111111111111111111111111111111111000000000000001111111111111111111111111111111
110000000000000000000000000000000000000000111111111111111111111111111111111111111111111111111111111111111000000000001000111111111111111111111111111111
110000000000000000000000000000000000000000111111111111111111111111111111111111111111111111111111111111111000000000001000111111111111111111111111111111
111110000000000000000000000000000000000000111111111111111111111111111111111111111111111111111111111111111000000000011100111111111111111111111111111111
111110000000000000000000000000000000000000111111111111111111111111111111111111111111111111111111111111111000000000011100111111111111111111111111111111
111111000000000000000000000000000000000000111111111111111111111111111111111111111111111111111111111111111110000001001111011111111111111111111111111111
111111000000000000000000000000000000000000111111111111111111111111111111111111111111111111111111111111111110000001001111011111111111111111111111111111
111111110000000000000000000000000000000000111111111111111111111111111111111111111111111111111111111111111000000001100111111111111111111111111111111111
111111110000000000000000000000000000000000111111111111111111111111111111111111111111111111111111111111111000000001100111111111111111111111111111111111
111111110000000000000000000000000000000000111111111111111111111111111011111111111111111111111111111111110000000000110011111111111111111111111111111111
111111110000000000000000000000000000000000111111111111111111111111111011111111111111111111111111111111110000000000110011111111111111111111111111111111
111111111000000000000000000000000000000000111111111111111111111111111000000011111111111111111111111111110000000000011111111111111111111111111111111111
111111111000000000000000000000000000000000111111111111111111111111111000000011111111111111111111111111110000000000011111111111111111111111111111111111
111111111000000000000000000000000000000000111111111111111111111111111110000000000111111111111111111111110000000000010011111111111111111111111111111111
111111111000000000000000000000000000000000111111111111111111111111111110000000000111111111111111111111110000000000010011111111111111111111111111111111
111111111000000000000000000000000000000000111111111111111111111111111111110000000000011111111111111111000001000000000011111111111111111111111111111111
111111111000000000000000000000000000000000111111111111111111111111111111110000000000011111111111111111000001000000000011111111111111111111111111111111
111111110000000000000000000000000000000000111111111111111111111111111111110101100000000000011111111100000111000000000001111111111111111111111111111111
111111110000000000000000000000000000000000111111111111111111111111111111110101100000000000011111111100000111000000000001111111111111111111111111111111
111111100000000000000000000000000000000000111111111111111111111111111111111111111001111000000000000000100000000000000000111111111111111111111111111111
111111100000000000000000000000000000000000111111111111111111111111111111111111111001111000000000000000100000000000000000111111111111111111111111111111
111111000000000000000000000000000000000000111111111111111111111111111111111111111100111111111000000000000000000000000000011111111111111111111111111111
111111000000000000000000000000000000000000111111111111111111111111111111111111111100111111111000000000000000000000000000011111111111111111111111111111
111100000000000000000000000000000000000000111111111111111111111111111111111111111110011111111111111000000000000000000000000011111111111111111111111111
111100000000000000000000000000000000000000111111111111111111111111111111111111111110011111111111111000000000000000000000000011111111111111111111111111
100000000000000000000000000000000000000000111111111111111111111111111111111111111110011111111111111000000000000000000000000000000111111111111111111111
100000000000000000000000000000000000000000111111111111111111111111111111111111111110011111111111111000000000000000000000000000000111111111111111111111
000000000000000000000000000000000000000000111111111111111111111111111111111111111111111111111111111100000000000000000000000000000000000000001111111111
000000000000000000000000000000000000000000111111111111111111111111111111111111111111111111111111111100000000000000000000000000000000000000001111111111
000000000000000000000000000000000000000000111111111111111111111111111111111111111111111111111111111111111000000000000000000000000000000000000000111111
000000000000000000000000000000000000000000111111111111111111111111111111111111111111111111111111111111111000000000000000000000000000000000000000111111
000000000000000000000000000000000000000000111111111111111111111111111111111111111111111111111111111111111111000000000000000000000000000000000000011111
000000000000000000000000000000000000000000111111111111111111111111111111111111111111111111111111111111111111000000000000000000000000000000000000011111
000000000000000000000000000000000000000000111111111111111111111111111111111111111111111111111111111111111111100000000001110000000000000000000000001111
000000000000000000000000000000000000000000111111111111111111111111111111111111111111111111111111111111111111100000000001110000000000000000000000001111
000000000000000000000000000000000000000000111111111111111111111111111111111111111111111111111111111111111111100000011111111110000000000000000000000011
000000000000000000000000000000000000000000111111111111111111111111111111111111111111111111111111111111111111100000011111111110000000000000000000000011
000000000000000000000000000000000000000000111111111111111111111111111111111111111111111111111111111111111111111110111111111111111000000000000000000001
000000000000000000000000000000000000000000111111111111111111111111111111111111111111111111111111111111111111111110111111111111111000000000000000000001
000000000000000000000000000000000000000000111111111111111111111111111111111111111111111111111111111111111111111111111111111111111111110000000000000001
000000000000000000000000000000000000000000111111111111111111111111111111111111111111111111111111111111111111111111111111111111111111110000000000000001
000000000000000000000000000000000000000000111111111111111111111111111111111111111111111111111111111111111111111111111111111111111111111100000000000111
000000000000000000000000000000000000000000111111111111111111111111111111111111111111111111111111111111111111111111111111111111111111111100000000000111
000000000000000000000000000000000000000000111111111111111111111111111111111111111111111111111111111111111111111111111111111111111111111111101111111111
000000000000000000000000000000000000000000111111111111111111111111111111111111111111111111111111111111111111111111111111111111111111111111101111111111
000000000000000000000000000000000000000000111111111111111111111111111111111111111111111111111111111111111111111111111111111111111111111111111111111111
000000000000000000000000000000000000000000111111111111111111111111111111111111111111111111111111111111111111111111111111111111111111111111111111111111
000000000000000000000000000000000000000000111111111111111111111111111111111111111111111111111111111111111111111111111111111111111111111111111111111111
000000000000000000000000000000000000000000111111111111111111111111111111111111111111111111111111111111111111111111111111111111111111111111111111111111
000000000000000000000000000000000000000000111111111111111111111111111111111111111111111111111111111111111111111111111111111111111111111111111111111111
000000000000000000000000000000000000000000111111111111111111111111111111111111111111111111111111111111111111111111111111111111111111111111111111111111
000000000000000000000000000000000000000000111111111111111111111111111111111111111111111111111111111111111111111111111111111111111111111111111111111111
000000000000000000000000000000000000000000111111111111111111111111111111111111111111111111111111111111111111111111111111111111111111111111111111111111
000000000000000000000000000000000000000000111111111111111111111111111111111111111111111111111111111111111111111111111111111111111111111111111111111111
000000000000000000000000000000000000000000111111111111111111111111111111111111111111111111111111111111111111111111111111111111111111111111111111111111
000000000000000000000000000000000000000000111111111111111111111111111111111111111111111111111111111111111111111111111111111111111111111111111111111111
000000000000000000000000000000000000000000111111111111111111111111111111111111111111111111111111111111111111111111111111111111111111111111111111111111
000000000000000000000000000000000000000000111111111111111111111111111111111111111111111111111111111111111111111111111111111111111111111111111111111111
000000000000000000000000000000000000000000111111111111111111111111111111111111111111111111111111111111111111111111111111111111111111111111111111111111
000000000000000000000000000000000000000000111111111111111111111111111111111111111111111111111111111111111111111111111111111111111111111111111111111111
000000000000000000000000000000000000000000111111111111111111111111111111111111111111111111111111111111111111111111111111111111111111111111111111111111
000000000000000000000000000000000000000000111111111111111111111111111111111111111111111111111111111111111111111111111111111111111111111111111111111111
000000000000000000000000000000000000000000111111111111111111111111111111111111111111111111111111111111111111111111111111111111111111111111111111111111
000000000000000000000000000000000000000000111111111111111111111111111111111111111111111111111111111111111111111111111111111111111111111111111111111111
000000000000000000000000000000000000000000111111111111111111111111111111111111111111111111111111111111111111111111111111111111111111111111111111111111
000000000000000000000000000000000000000000111111111111111111111111111111111111111111111111111111111111111111111111111111111111111111111111111111111111
000000000000000000000000000000000000000000111111111111111111111111111111111111111111111111111111111111111111111111111111111111111111111111111111111111
000000000000000000000000000000000000000000111111111111111111111111111111111111111111111111111111111111111111111111111111111111111111111111111111111111
000000000000000000000000000000000000000000111111111111111111111111111111111111111111111111111111111111111111111111111111111111111111111111111111111111
000000000000000000000000000000000000000000111111111111111111111111111111111111111111111111111111111111111111111111111111111111111111111111111111111111
000000000000000000000000000000000000000000111111111111111111111111111111111111111111111111111111111111111111111111111111111111111111111111111111111111
111111111111111111111111111111111111111111111111111111111111111111111111111111111111111111111111111111111111111111111111111111111111111111111111111111
111111111111111111111111111111111111111111111111111111111111111111111111111111111111111111111111111111111111111111111111111111111111111111111111111111
