000000000000000000000000000000000000000000000000000000000000000000000000000000000000000000000000000000000000000000000000000000000000000000000000000000
000000000000000000000000000000000000000000000000000000000000000000000000000000000000000000000000000000000000000000000000000000000000000000000000000000
000000000000000000000000000000000000000000001111110000000000000000000000000000000000000000000000000000000000000000000000000000000000000000000000000000
000000000000000000000000000000000000000000001111110000000000000000000000000000000000000000000000000000000000000000000000000000000000000000000000000000
000000000000000000000000000000000000000001111111111100000000000000000000000000000000000000000000000000000000000000000000000000000000000000000000000000
000000000000000000000000000000000000000001111111111100000000000000000000000000000000000000000000000000000000000000000000000000000000000000000000000000
000000000000000000000000000000001111111111111111111100000000000000000000000000000000000000000000000000000000000000000000000000000000000000000000000000
000000000000000000000000000000001111111111111111111100000000000000000000000000000000000000000000000000000000000000000000000000000000000000000000000000
000000000000000000000000000000111111111111111111111111000000000000000000000000000000000000000000000000000000000000000000000000000000000000000000000000
000000000000000000000000000000111111111111111111111111000000000000000000000000000000000000000000000000000000000000000000000000000000000000000000000000
000000000000000000000000000001111111111111111111111111111000000000000000000000000000000000000000000000000000000000000000000000000000000000000000000000
000000000000000000000000000001111111111111111111111111111000000000000000000000000000000000000000000000000000000000000000000000000000000000000000000000
000000000000000000000000000111111111111111111111111111111110000000000000000000000000000000000000000000000000000000000000000000000000000000000000000000
000000000000000000000000000111111111111111111111111111111110000000000000000000000000000000000000000000000000000000000000000000000000000000000000000000
000000000000000000000000000111111111111111111111111111111111000000000000000000000000000000000000000000000000000000000000000000000000000000000000000000
000000000000000000000000000111111111111111111111111111111111000000000000000000000000000000000000000000000000000000000000000000000000000000000000000000
000000000000000000000000001111111111111111111111111111111111110000000000000000000000000000000000000000000000000000000000000000000000000000000000000000
000000000000000000000000001111111111111111111111111111111111110000000000000000000000000000000000000000000000000000000000000000000000000000000000000000
000000000000000000000000011111111111111111111111111111111111111100000000000000000000000000000000000000000000000000000000000000000000000000000000000000
000000000000000000000000011111111111111111111111111111111111111100000000000000000000000000000000000000000000000000000000000000000000000000000000000000
000000000000000000000000111111111111111111111111111111111111111110000000000000000000000000000000000000000000000000000000000000000000000000000000000000
000000000000000000000000111111111111111111111111111111111111111110000000000000000000000000000000000000000000000000000000000000000000000000000000000000
000000000000000000000001111111111111111111111111111111111111111111000000000000000000000000000000000000000000000000000000000000000000000000000000000000
000000000000000000000001111111111111111111111111111111111111111111000000000000000000000000000000000000000000000000000000000000000000000000000000000000
000000000000000000000001111111111111111111111111111111111111111111000000000000000000000000000000000000000000000000000000000000000000000000000000000000
000000000000000000000001111111111111111111111111111111111111111111000000000000000000000000000000000000000000000000000000000000000000000000000000000000
000000000000000000000011111111111111111111111111111111111111111111000000000000000000000000000000000000000000000000000000000000000000000000000000000000
000000000000000000000011111111111111111111111111111111111111111111000000000000000000000000000000000000000000000000000000000000000000000000000000000000
000000000000000000000011111111111111111111111111111111111111111111100000000000000000000000000000000000000000000000000000000000000000000000000000000000
000000000000000000000011111111111111111111111111111111111111111111100000000000000000000000000000000000000000000000000000000000000000000000000000000000
000000000000000000000011111111111111111111111111111111111111111111000000000000000000000000000000000000000000000000000000000000000000000000000000000000
000000000000000000000011111111111111111111111111111111111111111111000000000000000000000000000000000000000000000000000000000000000000000000000000000000
000000000000000000000111111111111111111111111111111111111111111111000000000000000000000000000000000000000000000000000000000000000000000000000000000000
000000000000000000000111111111111111111111111111111111111111111111000000000000000000000000000000000000000000000000000000000000000000000000000000000000
000000000000000000000111111111111111111111111111111111111111111010000000000000000000000000000000000000000000000000000000000000000000000000000000000000
000000000000000000000111111111111111111111111111111111111111111010000000000000000000000000000000000000000000000000000000000000000000000000000000000000
000000000000000000000111111111111111111111111111111111111110000000000000000000000000000000000000000000000000000000000000000000000000000000000000000000
000000000000000000000111111111111111111111111111111111111110000000000000000000000000000000000000000000000000000000000000000000000000000000000000000000
000000000000000000000111111111111111111111111111111111111111000000000000000000000000000000000000000000000000000000000000000000000000000000000000000000
000000000000000000000111111111111111111111111111111111111111000000000000000000000000000000000000000000000000000000000000000000000000000000000000000000
000000000000000000000111111111111111111111111111111111111111100000000000000000000000000000000000000000000000000000000000000000000000000000000000000000
000000000000000000000111111111111111111111111111111111111111100000000000000000000000000000000000000000000000000000000000000000000000000000000000000000
000000000000000000000111111111111111111111111111111111111100000000000000000000000000000000000000000000000000000000000000000000000000000000000000000000
000000000000000000000111111111111111111111111111111111111100000000000000000000000000000000000000000000000000000000000000000000000000000000000000000000
000000000000000000000111111111111111111111111111111111111000000000000000000000000000000000000000000000000000000000000000000000000000000000000000000000
000000000000000000000111111111111111111111111111111111111000000000000000000000000000000000000000000000000000000000000000000000000000000000000000000000
000000000000000000000111111111111111111111111111111111110000000000000000000000000000000000000000000000000000000000000000000000000000000000000000000000
000000000000000000000111111111111111111111111111111111110000000000000000000000000000000000000000000000000000000000000000000000000000000000000000000000
000000000000000000000111111111111111111111111111111111111000000000000000000000000000000000000000000000000000000000000000000000000000000000000000000000
000000000000000000000111111111111111111111111111111111111000000000000000000000000000000000000000000000000000000000000000000000000000000000000000000000
000000000000000000000111111111111111111111111111111111111000000000000000000000000000000000000000000000000000000000000000000000000000000000000000000000
000000000000000000000111111111111111111111111111111111111000000000000000000000000000000000000000000000000000000000000000000000000000000000000000000000
000000000000000000000111111111111111111111111111111111110000000000000000000000000000000000000000000000000000000000000000000000000000000000000000000000
000000000000000000000111111111111111111111111111111111110000000000000000000000000000000000000000000000000000000000000000000000000000000000000000000000
000000000000000000000001011011111111111111111111111111110000000000000000000000000000000000000000000000000000000000000000000000000000000000000000000000
000000000000000000000001011011111111111111111111111111110000000000000000000000000000000000000000000000000000000000000000000000000000000000000000000000
000000000000000000000000010011111111111111111111111111100000000000000000000000000000000000000000000000000000000000000000000000000000000000000000000000
000000000000000000000000010011111111111111111111111111100000000000000000000000000000000000000000000000000000000000000000000000000000000000000000000000
000000000000000000000000010111111111111111111111111111110000000000000000000000000000000000000000000000011111001000000000000000000000000000000000000000
000000000000000000000000010111111111111111111111111111110000000000000000000000000000000000000000000000011111001000000000000000000000000000000000000000
000000000000000000000000000000111111111111111111111111111000000000000000000000000000000000000000000001111111111100000000000000000000000000000000000000
000000000000000000000000000000111111111111111111111111111000000000000000000000000000000000000000000001111111111100000000000000000000000000000000000000
000000000000000000000000000000011111111111111111111111111111110000000000000000000000000000000000000011111111111111100000000000000000000000000000000000
000000000000000000000000000000011111111111111111111111111111110000000000000000000000000000000000000011111111111111100000000000000000000000000000000000
000000000000000000000000000000011111111111111111111111111111110000000000000000000000000000000000000111111111111111100000000000000000000000000000000000
000000000000000000000000000000011111111111111111111111111111110000000000000000000000000000000000000111111111111111100000000000000000000000000000000000
000000000000000000000000000000001111111111111111111111111111111100000000000000000000000000000000000111111111111111100000000000000000000000000000000000
000000000000000000000000000000001111111111111111111111111111111100000000000000000000000000000000000111111111111111100000000000000000000000000000000000
000000000000000000000000000000001111111111111111111111111111111111100000000000000000000000000000000111111111111111100000000000000000000000000000000000
000000000000000000000000000000001111111111111111111111111111111111100000000000000000000000000000000111111111111111100000000000000000000000000000000000
000000000000000000000000000000011111111111111111111111111111111111111111000000000000011111111111110111111111111111000000000000000000000000000000000000
000000000000000000000000000000011111111111111111111111111111111111111111000000000000011111111111110111111111111111000000000000000000000000000000000000
000000000000000000000000000000011111111111111111111111111111111111111111111111111111111111111111111111111111111110000000000000000000000000000000000000
000000000000000000000000000000011111111111111111111111111111111111111111111111111111111111111111111111111111111110000000000000000000000000000000000000
000000000000000000000000000000011111111111111111111111111111111111111111111111111111111111111111111111111111111100000000000000000000000000000000000000
000000000000000000000000000000011111111111111111111111111111111111111111111111111111111111111111111111111111111100000000000000000000000000000000000000
000000000000000000000000000000011111111111111111111111111111111111111111111111111111111111111111111111111111110000000000000000000000000000000000000000
000000000000000000000000000000011111111111111111111111111111111111111111111111111111111111111111111111111111110000000000000000000000000000000000000000
000000000000000000000000000000011111111111111111111111111111111111111111111111111111111111111111111111000000000000000000000000000000000000000000000000
000000000000000000000000000000011111111111111111111111111111111111111111111111111111111111111111111111000000000000000000000000000000000000000000000000
000000000000000000000000000000011111111111111111111111111111111111111111111111111111111111111111111111000000000000000000000000000000000000000000000000
000000000000000000000000000000011111111111111111111111111111111111111111111111111111111111111111111111000000000000000000000000000000000000000000000000
000000000000000000000000000000011111111111111111111111111111111111111111111111111111111111111111111111000000000000000000000000000000000000000000000000
000000000000000000000000000000011111111111111111111111111111111111111111111111111111111111111111111111000000000000000000000000000000000000000000000000
000000000000000000000000000000011111111111111111111111111111011111111111111111111111111111111111111111000000000000000000000000000000000000000000000000
000000000000000000000000000000011111111111111111111111111111011111111111111111111111111111111111111111000000000000000000000000000000000000000000000000
000000000000000000000000000000011111111111111111111111111111001111111111111111111111111111111111111111000000000000000000000000000000000000000000000000
000000000000000000000000000000011111111111111111111111111111001111111111111111111111111111111111111111000000000000000000000000000000000000000000000000
000000000000000000000000000000011111111111111111111111111111001111111111111111111111111111111111111111000000000000000000000000000000000000000000000000
000000000000000000000000000000011111111111111111111111111111001111111111111111111111111111111111111111000000000000000000000000000000000000000000000000
000000000000000000000000000000011111111111111111111111111111101111111111111111111111111111111111111111000000000000000000000000000000000000000000000000
000000000000000000000000000000011111111111111111111111111111101111111111111111111111111111111111111111000000000000000000000000000000000000000000000000
000000000000000000000000000000011111111111111111111111111111101111111111111111111111111111111111111111000000000000000000000000000000000000000000000000
000000000000000000000000000000011111111111111111111111111111101111111111111111111111111111111111111111000000000000000000000000000000000000000000000000
000000000000000000000000000000011111111111111111111111111111101111111111111111111111111111111111111111000000000000000000000000000000000000000000000000
000000000000000000000000000000011111111111111111111111111111101111111111111111111111111111111111111111000000000000000000000000000000000000000000000000
000000000000000000000000000000011111111111111111111111111111101111111111111111111111111111111111111111000000000000000000000000000000000000000000000000
000000000000000000000000000000011111111111111111111111111111101111111111111111111111111111111111111111000000000000000000000000000000000000000000000000
000000000000000000000000000000011111111111111111111111111111101111111111111111111111111111111111111110000000000000000000000000000000000000000000000000
000000000000000000000000000000011111111111111111111111111111101111111111111111111111111111111111111110000000000000000000000000000000000000000000000000
000000000000000000000000000000011111111111111111111111111111111111111111111111111111111111111111111110000000000000000000000000000000000000000000000000
000000000000000000000000000000011111111111111111111111111111111111111111111111111111111111111111111110000000000000000000000000000000000000000000000000
000000000000000000000000000000111111111111111111111111111111111111111111111111111111111111111111111100000000000000000000000000000000000000000000000000
000000000000000000000000000000111111111111111111111111111111111111111111111111111111111111111111111100000000000000000000000000000000000000000000000000
000000000000000000000000000000011111111111111111111111111111111111111111111111111111111111111111111100000000000000000000000000000000000000000000000000
000000000000000000000000000000011111111111111111111111111111111111111111111111111111111111111111111100000000000000000000000000000000000000000000000000
000000000000000000000000000000111111111111111111111111111111111111111111111111111111111111111111111000000000000000000000000000000000000000000000000000
000000000000000000000000000000111111111111111111111111111111111111111111111111111111111111111111111000000000000000000000000000000000000000000000000000
000000000000000000000000000001111111111111111111111111111111111111111111111111111111111111111111110000000000000000000000000000000000000000000000000000
000000000000000000000000000001111111111111111111111111111111111111111111111111111111111111111111110000000000000000000000000000000000000000000000000000
000000000000000000000000000001111111111111111111111111111111101111111111111111111111111111111111110000000000000000000000000000000000000000000000000000
000000000000000000000000000001111111111111111111111111111111101111111111111111111111111111111111110000000000000000000000000000000000000000000000000000
000000000000000000000000000111111111111111111111111111111110001111111111111111111111111111111111000000000000000000000000000000000000000000000000000000
000000000000000000000000000111111111111111111111111111111110001111111111111111111111111111111111000000000000000000000000000000000000000000000000000000
111111111111111111111111111111111111111111111111111111111111111111111111111111111111111111111111111111111111111111111111111111111111111111111111111111
111111111111111111111111111111111111111111111111111111111111111111111111111111111111111111111111111111111111111111111111111111111111111111111111111111
