000000000000000000000000000000000000000000000000000000000000000000000000000000000000000000000000000000000000000000000000000000000000000000000000000000
000000000000000000000000000000000000000000000000000000000000000000000000000000000000000000000000000000000000000000000000000000000000000000000000000000
000000000000000000000000000000000000000000000000000000000000000000000000000000000000000000000000000000000000000000000000000000000000000000000000000000
000000000000000000000000000000000000000000000000000000000000000000000000000000000000000000000000000000000000000000000000000000000000000000000000000000
000000000000000000000000000000000000000000000000000000000000000000000000000000000000000000000000000000000000000000000000000000000000000000000000000000
000000000000000000000000000000000000000000000000000000000000000000000000000000000000000000000000000000000000000000000000000000000000000000000000000000
000000000000000000000000000000000000000000000000000000000000000000000000000000000000000000000000000000000000000000000000000000000000000000000000000000
000000000000000000000000000000000000000000000000000000000000000000000000000000000000000000000000000000000000000000000000000000000000000000000000000000
000000000000000000000000000000000000000000000000000000000000000000000000000000000000000000000000000000000000000000000000000000000000000000000000000000
000000000000000000000000000000000000000000000000000000000000000000000000000000000000000000000000000000000000000000000000000000000000000000000000000000
000000000000000000000000000000000000000000000000000000000000000000000000000000000000000000000000000000000000000000000000000000000000000000000000000000
000000000000000000000000000000000000000000000000000000000000000000000000000000000000000000000000000000000000000000000000000000000000000000000000000000
000000000000000000000000000000000000000000000000000000000000000000000000000000000000000000000000000000000000000000000000000000000000000000000000000000
000000000000000000000000000000000000000000000000000000000000000000000000000000000000000000000000000000000000000000000000000000000000000000000000000000
000000000000000000000000000000000000000000000000000000000000000000000000000000000000000000000000000000000000000000000000000000000000000000000000000000
000000000000000000000000000000000000000000000000000000000000000000000000000000000000000000000000000000000000000000000000000000000000000000000000000000
000000000000000000000000000000000000000000000000000000000000000000000000000000000000000000000000000000000000000000000000000000000000000000000000000000
000000000000000000000000000000000000000000000000000000000000000000000000000000000000000000000000000000000000000000000000000000000000000000000000000000
000000000000000000000000000000000000000000000000000000000000000001111000000000000000000000000000000000000000000000000000000000000000000000000000000000
000000000000000000000000000000000000000000000000000000000000000001111000000000000000000000000000000000000000000000000000000000000000000000000000000000
000000000000000000000000000000000000000000000000000001111111111111111110000000000000000000000000000000000000000000000000000000000000000000000000000000
000000000000000000000000000000000000000000000000000001111111111111111110000000000000000000000000000000000000000000000000000000000000000000000000000000
000000000000000000000000000000000000000000000000000111111111111111111111000000000000000000000000000000000000000000000000000000000000000000000000000000
000000000000000000000000000000000000000000000000000111111111111111111111000000000000000000000000000000000000000000000000000000000000000000000000000000
000000000000000000000000000000000000000000000000001111111111111111111111100000000000000000000000000000000000000000000000000000000000000000000000000000
000000000000000000000000000000000000000000000000001111111111111111111111100000000000000000000000000000000000000000000000000000000000000000000000000000
000000000000000000000000000000000000000000000000011111111111111111111111100000000000000000000000000000000000000000000000000000000000000000000000000000
000000000000000000000000000000000000000000000000011111111111111111111111100000000000000000000000000000000000000000000000000000000000000000000000000000
000000000000000000000000000000000000000000000000111111111111111111111111111000000000000000000000000000000000000000000000000000000000000000000000000000
000000000000000000000000000000000000000000000000111111111111111111111111111000000000000000000000000000000000000000000000000000000000000000000000000000
000000000000000000000000000000000000000000000001111111111111111111111111111110000000000000000000000000000000000000000000000000000000000000000000000000
000000000000000000000000000000000000000000000001111111111111111111111111111110000000000000000000000000000000000000000000000000000000000000000000000000
000000000000000000000000000000000000000000000011111111111111111111111111111111000000000000000000000000000000000000000000000000000000000000000000000000
000000000000000000000000000000000000000000000011111111111111111111111111111111000000000000000000000000000000000000000000000000000000000000000000000000
000000000000000000000000000000000000000000000011111111111111111111111111111111100000000000000000000000000000000000000000000000000000000000000000000000
000000000000000000000000000000000000000000000011111111111111111111111111111111100000000000000000000000000000000000000000000000000000000000000000000000
000000000000000000000000000000000000000000000111111111111111111111111111111111100000000000000000000000000000000000000000000000000000000000000000000000
000000000000000000000000000000000000000000000111111111111111111111111111111111100000000000000000000000000000000000000000000000000000000000000000000000
000000000000000000000000000000000000000000000111111111111111111111111111111111100000000000000000000000000000000000000000000000000000000000000000000000
000000000000000000000000000000000000000000000111111111111111111111111111111111100000000000000000000000000000000000000000000000000000000000000000000000
000000000000000000000000000000000000000000001111111111111111111111111111111111000000000000000000000000000000000000000000000000000000000000000000000000
000000000000000000000000000000000000000000001111111111111111111111111111111111000000000000000000000000000000000000000000000000000000000000000000000000
000000000000000000000000000000000000000000001111111111111111111111111111111111000000000000000000000000000000000000000000000000000000000000000000000000
000000000000000000000000000000000000000000001111111111111111111111111111111111000000000000000000000000000000000000000000000000000000000000000000000000
000000000000000000000000000000000000000000001111111111111111111111111111111000000000000000000000000000000000000000000000000000000000000000000000000000
000000000000000000000000000000000000000000001111111111111111111111111111111000000000000000000000000000000000000000000000000000000000000000000000000000
000000000000000000000000000000000000000000001111111111111111111111111111000000000000000000000000000000000000000000000000000000000000000000000000000000
000000000000000000000000000000000000000000001111111111111111111111111111000000000000000000000000000000000000000000000000000000000000000000000000000000
000000000000000000000000000000000000000000001111111111111111111111111111100000000000000000000000000000000000000000000000000000000000000000000000000000
000000000000000000000000000000000000000000001111111111111111111111111111100000000000000000000000000000000000000000000000000000000000000000000000000000
000000000000000000000000000000000000000000001111111111111111111111111100000000000000000000000000000000000000000000000000000000000000000000000000000000
000000000000000000000000000000000000000000001111111111111111111111111100000000000000000000000000000000000000000000000000000000000000000000000000000000
000000000000000000000000000000000000000000001111111111111111110011111000000000000000000000000000000000000000000000000000000000000000000000000000000000
000000000000000000000000000000000000000000001111111111111111110011111000000000000000000000000000000000000000000000000000000000000000000000000000000000
000000000000000000000000000000000000000000001111111111111111110011111100000000000000000000000000000000000000000000000000000000000000000000000000000000
000000000000000000000000000000000000000000001111111111111111110011111100000000000000000000000000000000000000000000000000000000000000000000000000000000
000000000000000000000000000000000000000000011111111111111111111111111000000000000000000000000000000000000000000000000000000000000000000000000000000000
000000000000000000000000000000000000000000011111111111111111111111111000000000000000000000000000000000000000000000000000000000000000000000000000000000
000000000000000000000000000000000000000000010101011111111111111111111000000000000000000000000000000000000000000000000000000000000000000000000000000000
000000000000000000000000000000000000000000010101011111111111111111111000000000000000000000000000000000000000000000000000000000000000000000000000000000
000000000000000000000000000000000000000000000000011111111111111111110000000000000000000000000000000001111110000000000000000000000000000000000000000000
000000000000000000000000000000000000000000000000011111111111111111110000000000000000000000000000000001111110000000000000000000000000000000000000000000
000000000000000000000000000000000000000000000000100111111111111111111000000000000000000000000000000111111111100000000000000000000000000000000000000000
000000000000000000000000000000000000000000000000100111111111111111111000000000000000000000000000000111111111100000000000000000000000000000000000000000
000000000000000000000000000000000000000000000000001111111111111111111100000000000000000000000000001111111111111000000000000000000000000000000000000000
000000000000000000000000000000000000000000000000001111111111111111111100000000000000000000000000001111111111111000000000000000000000000000000000000000
000000000000000000000000000000000000000000000000001111111111111111111111010000000000000000000000001111111111111000000000000000000000000000000000000000
000000000000000000000000000000000000000000000000001111111111111111111111010000000000000000000000001111111111111000000000000000000000000000000000000000
000000000000000000000000000000000000000000000000000111111111111111111111110000000000000000000000001111111111110000000000000000000000000000000000000000
000000000000000000000000000000000000000000000000000111111111111111111111110000000000000000000000001111111111110000000000000000000000000000000000000000
000000000000000000000000000000000000000000000000000111111111111111111111111000000000000000000001101111111111110000000000000000000000000000000000000000
000000000000000000000000000000000000000000000000000111111111111111111111111000000000000000000001101111111111110000000000000000000000000000000000000000
000000000000000000000000000000000000000000000000011111111111111111111111111100000000000000111111111111111111100000000000000000000000000000000000000000
000000000000000000000000000000000000000000000000011111111111111111111111111100000000000000111111111111111111100000000000000000000000000000000000000000
000000000000000000000000000000000000000000000000000111111111111111111111111111100000011111111111111111111110000000000000000000000000000000000000000000
000000000000000000000000000000000000000000000000000111111111111111111111111111100000011111111111111111111110000000000000000000000000000000000000000000
000000000000000000000000000000000000000000000000000111111111111111111111111111111111111111111111111111000000000000000000000000000000000000000000000000
000000000000000000000000000000000000000000000000000111111111111111111111111111111111111111111111111111000000000000000000000000000000000000000000000000
000000000000000000000000000000000000000000000000000111111111111111111111111111111111111111111111111111000000000000000000000000000000000000000000000000
000000000000000000000000000000000000000000000000000111111111111111111111111111111111111111111111111111000000000000000000000000000000000000000000000000
000000000000000000000000000000000000000000000000000111111111111111111111111111111111111111111111111111100000000000000000000000000000000000000000000000
000000000000000000000000000000000000000000000000000111111111111111111111111111111111111111111111111111100000000000000000000000000000000000000000000000
000000000000000000000000000000000000000000000000000111111111111111111111111111111111111111111111111111110000000000000000000000000000000000000000000000
000000000000000000000000000000000000000000000000000111111111111111111111111111111111111111111111111111110000000000000000000000000000000000000000000000
000000000000000000000000000000000000000000000000000111111111111111111111111111111111111111111111111111110000000000000000000000000000000000000000000000
000000000000000000000000000000000000000000000000000111111111111111111111111111111111111111111111111111110000000000000000000000000000000000000000000000
000000000000000000000000000000000000000000000000000111111111111111111111111111111111111111111111111111111000000000000000000000000000000000000000000000
000000000000000000000000000000000000000000000000000111111111111111111111111111111111111111111111111111111000000000000000000000000000000000000000000000
000000000000000000000000000000000000000000000000001111111111111111111111101111111111111111111111111111111100000000000000000000000000000000000000000000
000000000000000000000000000000000000000000000000001111111111111111111111101111111111111111111111111111111100000000000000000000000000000000000000000000
000000000000000000000000000000000000000000000000011111111111111111111111101111111111111111111111111111111100000000000000000000000000000000000000000000
000000000000000000000000000000000000000000000000011111111111111111111111101111111111111111111111111111111100000000000000000000000000000000000000000000
000000000000000000000000000000000000000000000000011111111111111111111111110111111111111111111111111111111110000000000000000000000000000000000000000000
000000000000000000000000000000000000000000000000011111111111111111111111110111111111111111111111111111111110000000000000000000000000000000000000000000
000000000000000000000000000000000000000000000000011111111111111111111111110111111111111111111111111111111110000000000000000000000000000000000000000000
000000000000000000000000000000000000000000000000011111111111111111111111110111111111111111111111111111111110000000000000000000000000000000000000000000
000000000000000000000000000000000000000000000000111111111111111111111111110011111111111111111111111111111110000000000000000000000000000000000000000000
000000000000000000000000000000000000000000000000111111111111111111111111110011111111111111111111111111111110000000000000000000000000000000000000000000
000000000000000000000000000000000000000000000000111111111111111111111111110001111111111111111111111111111110000000000000000000000000000000000000000000
000000000000000000000000000000000000000000000000111111111111111111111111110001111111111111111111111111111110000000000000000000000000000000000000000000
000000000000000000000000000000000000000000000000111111111111111111111111110001111111111111111111111111111111000000000000000000000000000000000000000000
000000000000000000000000000000000000000000000000111111111111111111111111110001111111111111111111111111111111000000000000000000000000000000000000000000
000000000000000000000000000000000000000000000000111111111111111111111111100000111111111111111111111111111111000000000000000000000000000000000000000000
000000000000000000000000000000000000000000000000111111111111111111111111100000111111111111111111111111111111000000000000000000000000000000000000000000
000000000000000000000000000000000000000000000000111111111111111111111111000000111111111111111111111111111111000000000000000000000000000000000000000000
000000000000000000000000000000000000000000000000111111111111111111111111000000111111111111111111111111111111000000000000000000000000000000000000000000
000000000000000000000000000000000000000000000001111111111111111111111111000000011111111111111111111111111111000000000000000000000000000000000000000000
000000000000000000000000000000000000000000000001111111111111111111111111000000011111111111111111111111111111000000000000000000000000000000000000000000
000000000000000000000000000000000000000000000011111111111111111111111111000000001111111111111111111111111100000000000000000000000000000000000000000000
000000000000000000000000000000000000000000000011111111111111111111111111000000001111111111111111111111111100000000000000000000000000000000000000000000
000000000000000000000000000000000000000000000011111111111111111111111111000000000111111111111111111111111010000000000000000000000000000000000000000000
000000000000000000000000000000000000000000000011111111111111111111111111000000000111111111111111111111111010000000000000000000000000000000000000000000
000000000000000000000000000000000000000000000011111111111111111111111111000000000011111111111111110000000000000000000000000000000000000000000000000000
000000000000000000000000000000000000000000000011111111111111111111111111000000000011111111111111110000000000000000000000000000000000000000000000000000
111111111111111111111111111111111111111111111111111111111111111111111111111111111111111111111111111111111111111111111111111111111111111111111111111111
111111111111111111111111111111111111111111111111111111111111111111111111111111111111111111111111111111111111111111111111111111111111111111111111111111
