000000000000000000000000000000000000000000000000000000000000000000000000000000000000000000000000000000000000000000011111111111111111100000000000000000
000000000000000000000000000000000000000000000000000000000000000000000000000000000000000000000000000000000000000000011111111111111111100000000000000000
000000000000000000000000000000000000000000000000000000000000000000000000000000000000000000000000000000000000000001111111111111111111110000000000000000
000000000000000000000000000000000000000000000000000000000000000000000000000000000000000000000000000000000000000001111111111111111111110000000000000000
000000000000000000000000000000000000000000000000000000000000000000000000000000000000000000000000000000000000000111111111111111111111111000000000000000
000000000000000000000000000000000000000000000000000000000000000000000000000000000000000000000000000000000000000111111111111111111111111000000000000000
000000000000000000000000000000000000000000000000000000000000000000000000000000000000000000000000000000111111111111111111111111111111111100000000000000
000000000000000000000000000000000000000000000000000000000000000000000000000000000000000000000000000000111111111111111111111111111111111100000000000000
000000000000000000000000000000000000000000000000000000000000000000000000000000000000000000000000001111111111111111111111111111111111111100000000000000
000000000000000000000000000000000000000000000000000000000000000000000000000000000000000000000000001111111111111111111111111111111111111100000000000000
000000000000000000000000000000000000000000000000000000000000000000000000000000000000000000000011111111111111111111111111111111111111111100000000000000
000000000000000000000000000000000000000000000000000000000000000000000000000000000000000000000011111111111111111111111111111111111111111100000000000000
000000000000000000000000000000000000000000000000000000000000000000000000000000000000000000001111111111111111111111111111111111111111100000000000000000
000000000000000000000000000000000000000000000000000000000000000000000000000000000000000000001111111111111111111111111111111111111111100000000000000000
000000000000000000000000000000000000000000000000000000000000000000000000000000000000000000111111111111111111111111111111111111111100000000000000000000
000000000000000000000000000000000000000000000000000000000000000000000000000000000000000000111111111111111111111111111111111111111100000000000000000000
000000000000000000000000000000000000000000000000000000000000000000000000000000000000000001111111111111111111111111111111111111111111111110000000000000
000000000000000000000000000000000000000000000000000000000000000000000000000000000000000001111111111111111111111111111111111111111111111110000000000000
000000000000000000000000000000000000000000000000000000000000000000000000000000000000000111111111111111111111111111111111111111111111111111111000000000
000000000000000000000000000000000000000000000000000000000000000000000000000000000000000111111111111111111111111111111111111111111111111111111000000000
000000000000000000000000000000000000000000000000000000000000000000000000000000000000000111111111111111111111111111111111111111111111111111000000000000
000000000000000000000000000000000000000000000000000000000000000000000000000000000000000111111111111111111111111111111111111111111111111111000000000000
000000000000000000000000000000000000000000000000000000000000000000000000000000000000000111111111111111111111111111111111111111111111111100000000000000
000000000000000000000000000000000000000000000000000000000000000000000000000000000000000111111111111111111111111111111111111111111111111100000000000000
000000000000000000000000000000000000000000000000000000000000000000000000000000000000001111111111111111111111111111111111111111111111111000000000000000
000000000000000000000000000000000000000000000000000000000000000000000000000000000000001111111111111111111111111111111111111111111111111000000000000000
000000000000000000000000000000000000000000000000000000000000000000000000000000000000011111111111111111111111111111111111111111111111111000000000000000
000000000000000000000000000000000000000000000000000000000000000000000000000000000000011111111111111111111111111111111111111111111111111000000000000000
000000000000000000000000000000000000000000000000000000000000000000000000000000000001111111111111111111111111111111111111111111111111111000000000000000
000000000000000000000000000000000000000000000000000000000000000000000000000000000001111111111111111111111111111111111111111111111111111000000000000000
000000000000000000000000000000000000000000000000000000000000000000000000000000000111111111111111111111111111111111111111111111111111110000000000000000
000000000000000000000000000000000000000000000000000000000000000000000000000000000111111111111111111111111111111111111111111111111111110000000000000000
000000000000000000000000000000000000000000000000000000000000000000000000000111111111111111111111111111111111111111111111111111111111100000000000000000
000000000000000000000000000000000000000000000000000000000000000000000000000111111111111111111111111111111111111111111111111111111111100000000000000000
000000000000000000000000000000000000000000000000000000000000000000000000000111111111111111111111111111111111111111111111111111111111100000000000000000
000000000000000000000000000000000000000000000000000000000000000000000000000111111111111111111111111111111111111111111111111111111111100000000000000000
000000000000000000000000000000000000000000000000000000000000000000000000000101111111111111111111111111111111111111111111111111111111100000000000000000
000000000000000000000000000000000000000000000000000000000000000000000000000101111111111111111111111111111111111111111111111111111111100000000000000000
000000000000000000000000000000000000000000000000000000000000000000000000000000111110111111111111111111111111111111111111111111111111111000000000000000
000000000000000000000000000000000000000000000000000000000000000000000000000000111110111111111111111111111111111111111111111111111111111000000000000000
000000000000000000000000000000000000000000000000000000000000000000000000000000000000011111111111111111111111111111111111111111111111111100000000000000
000000000000000000000000000000000000000000000000000000000000000000000000000000000000011111111111111111111111111111111111111111111111111100000000000000
000000000000000000000000000000000000000000000000000000000000000000000000000000000000001110111111111111111111111111111111111111111111111111000000000000
000000000000000000000000000000000000000000000000000000000000000000000000000000000000001110111111111111111111111111111111111111111111111111000000000000
000000000000000000000000000000000000000000000000000000000000000000000000000000000000000000001111111111111111111111111111111111111111111111111000000000
000000000000000000000000000000000000000000000000000000000000000000000000000000000000000000001111111111111111111111111111111111111111111111111000000000
000000000000000000000000000000000000000000000000000000000000000000000000000000000000000000001111111111111111111111111111111111111111111100000000000000
000000000000000000000000000000000000000000000000000000000000000000000000000000000000000000001111111111111111111111111111111111111111111100000000000000
000000000000000000000000000000000000000000000000000000000000000000000000000000000000000000011111111111111111111111111111111111111111111100000000000000
000000000000000000000000000000000000000000000000000000000000000000000000000000000000000000011111111111111111111111111111111111111111111100000000000000
000000000000000000000000000000000000000000000000000000000000000000000000000000000000000000000011111111111111111111111111111111111111011111000000000000
000000000000000000000000000000000000000000000000000000000000000000000000000000000000000000000011111111111111111111111111111111111111011111000000000000
000000000000000000000000000000000000000000000000000000000000000000000000000000000000000000000001111111111111111111111111111111111111100000111100000000
000000000000000000000000000000000000000000000000000000000000000000000000000000000000000000000001111111111111111111111111111111111111100000111100000000
000000000000000000000000000000000000000000000000000000000000000000000000000000000000000000000000011111111111111111111111111111110000000000111111000000
000000000000000000000000000000000000000000000000000000000000000000000000000000000000000000000000011111111111111111111111111111110000000000111111000000
000000000000000000000000000000000000000000000000000000000000000000000000000000000000000000000000001101111011111111111111111110111000000000111111110000
000000000000000000000000000000000000000000000000000000000000000000000000000000000000000000000000001101111011111111111111111110111000000000111111110000
000000000000000000000000000000000000000000000000000000000000000000000000000000000000000000000000000000000011111111111111011110000000000000111111111000
000000000000000000000000000000000000000000000000000000000000000000000000000000000000000000000000000000000011111111111111011110000000000000111111111000
000000000000000000000000000000000000000000000000000000000000000000000000000000000000000000000000000000000111111111111110000000000000000001111111111111
000000000000000000000000000000000000000000000000000000000000000000000000000000000000000000000000000000000111111111111110000000000000000001111111111111
000000000000000000000000000000000000000000000000000000000000000000000000000000000000000000000000000000111111111111111110000000000000000011111111111111
000000000000000000000000000000000000000000000000000000000000000000000000000000000000000000000000000000111111111111111110000000000000000011111111111111
000000000000000000000000000000000000000000000000000000000000000000000000000000000000000000000000000011111111111111111111000000000000000011111111111111
000000000000000000000000000000000000000000000000000000000000000000000000000000000000000000000000000011111111111111111111000000000000000011111111111111
000000000000000000000000000000000000000001111111111111111111111100000000000000000000000000000000001111111111111111111111100000000000000111111111111111
000000000000000000000000000000000000000001111111111111111111111100000000000000000000000000000000001111111111111111111111100000000000000111111111111111
000000000000000000000000000000000000000001111111111111111111111111110000000000000000000000000001111111111111111111111111100000000000000111111111111111
000000000000000000000000000000000000000001111111111111111111111111110000000000000000000000000001111111111111111111111111100000000000000111111111111111
000000000000000000000000000000000000000000111111111111111111111111111100000000000000000000011111111111111111111111111111110000000000001111111111111111
000000000000000000000000000000000000000000111111111111111111111111111100000000000000000000011111111111111111111111111111110000000000001111111111111111
000000000000000000000000000000000000000000011111111111111111111111111111000000000000000000011111111111111111111111111111110000000000011111111111110001
000000000000000000000000000000000000000000011111111111111111111111111111000000000000000000011111111111111111111111111111110000000000011111111111110001
000000000000000000000000000000000000000000001111111111111111111111111111110000000000000000001111111111111111111111111111110000000001111111111111100000
000000000000000000000000000000000000000000001111111111111111111111111111110000000000000000001111111111111111111111111111110000000001111111111111100000
000000000000000000000000000000000000000000000011111111111111111111111111111000000000000111111111111111111111111111111111111000000111111111111000000000
000000000000000000000000000000000000000000000011111111111111111111111111111000000000000111111111111111111111111111111111111000000111111111111000000000
000000000000000000000000000000000000000000000001111111111111111111111111111110000000000011111111111111111111111111111111111111111111111111111000000000
000000000000000000000000000000000000000000000001111111111111111111111111111110000000000011111111111111111111111111111111111111111111111111111000000000
000000000000000000000000000000000000000000000000000111111110011111111111111111000000001111111111111111111111111111111111111111111111111111110000000000
000000000000000000000000000000000000000000000000000111111110011111111111111111000000001111111111111111111111111111111111111111111111111111110000000000
000000000000000000000000000000000000000000000000000000000000000111111111111111110000111111111111111111111111111111111111111111111111111110000000000000
000000000000000000000000000000000000000000000000000000000000000111111111111111110000111111111111111111111111111111111111111111111111111110000000000000
000000000000000000000000000000000000000000000000000000000000000011111111111111111111111111111111111111111111111111111111111111111111111110000000000000
000000000000000000000000000000000000000000000000000000000000000011111111111111111111111111111111111111111111111111111111111111111111111110000000000000
000000000000000000000000000000000000000000000000000000000000000000111111111111111111111111111111111111111111111111111111111111111111111100000000000000
000000000000000000000000000000000000000000000000000000000000000000111111111111111111111111111111111111111111111111111111111111111111111100000000000000
000000000000000000000000000000000000000000000000000000000000000000011111111111111111111111111111111111111111111111111111111111111111111101111100000000
000000000000000000000000000000000000000000000000000000000000000000011111111111111111111111111111111111111111111111111111111111111111111101111100000000
000000000000000000000000000000000000000000000000000000000000000000001111111111111111111111111111111111111111111111110000000001111111111111111111111111
000000000000000000000000000000000000000000000000000000000000000000001111111111111111111111111111111111111111111111110000000001111111111111111111111111
000000000000000000000000000000000000000000000000000000000000000000000111111111111111111111111111111111111111111111100000000000000011111111111111111111
000000000000000000000000000000000000000000000000000000000000000000000111111111111111111111111111111111111111111111100000000000000011111111111111111111
000000000000000000000000000000000000000000000000000000000000000000000011111111111111111111111111111111111111111111000000000000000000111111111111111111
000000000000000000000000000000000000000000000000000000000000000000000011111111111111111111111111111111111111111111000000000000000000111111111111111111
000000000000000000000000000000000000000000000000000000000000000000000000111111111111111111111111111111111111111110000000000000000000001111111111111111
000000000000000000000000000000000000000000000000000000000000000000000000111111111111111111111111111111111111111110000000000000000000001111111111111111
000000000000000000000000000000000000000000000000000000000000000000000000011111111111111111111111111111111111111110000000000000000000000111111111111111
000000000000000000000000000000000000000000000000000000000000000000000000011111111111111111111111111111111111111110000000000000000000000111111111111111
000000000000000000000000000000000000000000000000000000000000000000000000001111111111111111111111111111111111111100000000000000000000000001111111111111
000000000000000000000000000000000000000000000000000000000000000000000000001111111111111111111111111111111111111100000000000000000000000001111111111111
000000000000000000000000000000000000000000000000000000000000000000000000000011111111111111111111111111111111111100000000000000000000000000011111111111
000000000000000000000000000000000000000000000000000000000000000000000000000011111111111111111111111111111111111100000000000000000000000000011111111111
000000000000000000000000000000000000000000000000000000000000000000000000000000111111110111111111111111111111111100000000000000000000000000001111111111
000000000000000000000000000000000000000000000000000000000000000000000000000000111111110111111111111111111111111100000000000000000000000000001111111111
000000000000000000000000000000000000000000000000000000000000000000000000000000000000000111111111111111111111111100000000000000000000000000000011111111
000000000000000000000000000000000000000000000000000000000000000000000000000000000000000111111111111111111111111100000000000000000000000000000011111111
000000000000000000000000000000000000000000000000000000000000000000000000000000000000000111111111111111111111111100000000000000000000000000000001111111
000000000000000000000000000000000000000000000000000000000000000000000000000000000000000111111111111111111111111100000000000000000000000000000001111111
000000000000000000000000000000000000000000000000000000000000000000000000000000000000000111111111111111111111111100000000000000000000000000000000111111
000000000000000000000000000000000000000000000000000000000000000000000000000000000000000111111111111111111111111100000000000000000000000000000000111111
000000000000000000000000000000000000000000000000000000000000000000000000000000000000001111111111111111111111111110000000000000000000000000000000001111
000000000000000000000000000000000000000000000000000000000000000000000000000000000000001111111111111111111111111110000000000000000000000000000000001111
111111111111111111111111111111111111111111111111111111111111111111111111111111111111111111111111111111111111111111111111111111111111111111111111111111
111111111111111111111111111111111111111111111111111111111111111111111111111111111111111111111111111111111111111111111111111111111111111111111111111111
