000000000000000000000000000000000000000000000000000000000000000000000000000000000000000000000000000000000000000000000000000000000000000000000000011111
000000000000000000000000000000000000000000000000000000000000000000000000000000000000000000000000000000000000000000000000000000000000000000000000011111
000000000000000000000000000000000000000000000000000000000000000000000000000000000000000000000000000000000000000000000000000000000000000000000111111111
000000000000000000000000000000000000000000000000000000000000000000000000000000000000000000000000000000000000000000000000000000000000000000000111111111
000000000000000000000000000000000000000000000000000000000000000000000000000000000000000000000000000000000000000000000000000001111111111111111111111111
000000000000000000000000000000000000000000000000000000000000000000000000000000000000000000000000000000000000000000000000000001111111111111111111111111
000000000000000000000000000000000000000000000000000000000000000000000000000000000000000000000000000000000000000000000011111111111111111111111111111111
000000000000000000000000000000000000000000000000000000000000000000000000000000000000000000000000000000000000000000000011111111111111111111111111111111
000000000000000000000000000000000000000000000000000000000000000000000000000000000000000000000000000000000000000000011111111111111111111111111111111111
000000000000000000000000000000000000000000000000000000000000000000000000000000000000000000000000000000000000000000011111111111111111111111111111111111
000000000000000000000000000000000000000000000000000000000000000000000000000000000000000000000000000000000000000111111111111111111111111111111111111111
000000000000000000000000000000000000000000000000000000000000000000000000000000000000000000000000000000000000000111111111111111111111111111111111111111
000000000000000000000000000000000000000000000000000000000000000000000000000000000000000000000000000000000000011111111111111111111111111111111111111111
000000000000000000000000000000000000000000000000000000000000000000000000000000000000000000000000000000000000011111111111111111111111111111111111111111
000000000000000000000000000000000000000000000000000000000000000000000000000000000000000000000000000000000001111111111111111111111111111111111111111111
000000000000000000000000000000000000000000000000000000000000000000000000000000000000000000000000000000000001111111111111111111111111111111111111111111
000000000000000000000000000000000000000000000000000000000000000000000000000000000000000000000000000000000011111111111111111111111111111111111111111111
000000000000000000000000000000000000000000000000000000000000000000000000000000000000000000000000000000000011111111111111111111111111111111111111111111
000000000000000000000000000000000000000000000000000000000000000000000000000000000000000000000000000000000111111111111111111111111111111111111111111111
000000000000000000000000000000000000000000000000000000000000000000000000000000000000000000000000000000000111111111111111111111111111111111111111111111
000000000000000000000000000000000000000000000000000000000000000000000000000000000000000000000000000000001111111111111111111111111111111111111111111111
000000000000000000000000000000000000000000000000000000000000000000000000000000000000000000000000000000001111111111111111111111111111111111111111111111
000000000000000000000000000000000000000000000000000000000000000000000000000000000000000000000000000000111111111111111111111111111111111111111111111111
000000000000000000000000000000000000000000000000000000000000000000000000000000000000000000000000000000111111111111111111111111111111111111111111111111
000000000000000000000000000000000000000000000000000000000000000000000000000000000000000000000000001111111111111111111111111111111111111111111111111111
000000000000000000000000000000000000000000000000000000000000000000000000000000000000000000000000001111111111111111111111111111111111111111111111111111
000000000000000000000000000000000000000000000000000000000000000000000000000000000000000001111111111111111111111111111111111111111111111111111111111111
000000000000000000000000000000000000000000000000000000000000000000000000000000000000000001111111111111111111111111111111111111111111111111111111111111
000000000000000000000000000000000000000000000000000000000000000000000000000000000000000011111111111111111111111111111111111111111111111111111111111111
000000000000000000000000000000000000000000000000000000000000000000000000000000000000000011111111111111111111111111111111111111111111111111111111111111
000000000000000000000000000000000000000000000000000000000000000000000000000000000000000111111111111111111111111111111111111111111111111111111111111111
000000000000000000000000000000000000000000000000000000000000000000000000000000000000000111111111111111111111111111111111111111111111111111111111111111
000000000000000000000000000000000000000000000000000000000000000000000000000000000000000001111111111111111111111111111111111111111111111111111111111111
000000000000000000000000000000000000000000000000000000000000000000000000000000000000000001111111111111111111111111111111111111111111111111111111111111
000000000000000000000000000000000000000000000000000000000000000000000000000000000000000000111111111111111111111111111111111111111111111111111111111111
000000000000000000000000000000000000000000000000000000000000000000000000000000000000000000111111111111111111111111111111111111111111111111111111111111
000000000000000000000000000000000000000000000000000000000000000000000000000000000000000000000000011111111111111111111111111111111111111111111111111111
000000000000000000000000000000000000000000000000000000000000000000000000000000000000000000000000011111111111111111111111111111111111111111111111111111
000000000000000000000000000000000000000000000000000000000000000000000000000000000000000000000000011111111111111111111111111111111111111111111111111111
000000000000000000000000000000000000000000000000000000000000000000000000000000000000000000000000011111111111111111111111111111111111111111111111111111
000000000000000000000000000000000000000000000000000000000000000000000000000000000000000000000000001110111111111111111111111111111111111111111111111111
000000000000000000000000000000000000000000000000000000000000000000000000000000000000000000000000001110111111111111111111111111111111111111111111111111
000000000000000000000000000000000000000000000000000000000000000000000000000000000000000000000000000111011111111111111111111111111111111111111111111111
000000000000000000000000000000000000000000000000000000000000000000000000000000000000000000000000000111011111111111111111111111111111111111111111111111
000000000000000000000000000000000000000000000000000000000000000000000000000000000000000000000000000000001111111111111111111111111111111111111111111111
000000000000000000000000000000000000000000000000000000000000000000000000000000000000000000000000000000001111111111111111111111111111111111111111111111
000000000000000000000000000000000000000000000000000000000000000000000000000000000000000000000000000000001111111111111111111111111111111111111111111111
000000000000000000000000000000000000000000000000000000000000000000000000000000000000000000000000000000001111111111111111111111111111111111111111111111
000000000000000000000000000000000000000000000000000000000000000000000000000000000000000000000000000000111111111111111111111111111111111111111111111111
000000000000000000000000000000000000000000000000000000000000000000000000000000000000000000000000000000111111111111111111111111111111111111111111111111
000000000000000000000000000000000000000000000000000000000000000000000000000000000000000000000000000000111111111111111111111111111111111111111111111111
000000000000000000000000000000000000000000000000000000000000000000000000000000000000000000000000000000111111111111111111111111111111111111111111111111
000000000000000000000000000000000000000000000000000000000000000000000000000000000000000000000000000000001111111111111111111111111111111111111111111111
000000000000000000000000000000000000000000000000000000000000000000000000000000000000000000000000000000001111111111111111111111111111111111111111111111
000000000000000000000000000000000000000000000000000000000000000000000000000000000000000000000000000000001111111111111111111111111111111111111111111111
000000000000000000000000000000000000000000000000000000000000000000000000000000000000000000000000000000001111111111111111111111111111111111111111111111
000000000000000000000000000000111111111111111111111100000000000000000000000000000000000000000000000000000011111111111111111111111111111111111111111111
000000000000000000000000000000111111111111111111111100000000000000000000000000000000000000000000000000000011111111111111111111111111111111111111111111
000000000000000000000000000001111111111111111111111111111000000000000000000000000000000000000000000000000001111111111111111111111111111111111111111111
000000000000000000000000000001111111111111111111111111111000000000000000000000000000000000000000000000000001111111111111111111111111111111111111111111
000000000000000000000000000000111111111111111111111111111111111100000000000000000000000000000000000000000000111111111111111111111111111111111111111111
000000000000000000000000000000111111111111111111111111111111111100000000000000000000000000000000000000000000111111111111111111111111111111111111111111
000000000000000000000000000000011111111111111111111111111111111111000000000000000000000000000000000000000000000100011001111111111111111111111111111111
000000000000000000000000000000011111111111111111111111111111111111000000000000000000000000000000000000000000000100011001111111111111111111111111111111
000000000000000000000000000000000111111111111111111111111111111111110000000000000000000000000000000000000000000000000000111111111111111111111111111111
000000000000000000000000000000000111111111111111111111111111111111110000000000000000000000000000000000000000000000000000111111111111111111111111111111
000000000000000000000000000000000001111111111111111111111111111111111100000000000000000000000000000000000000000000000000111111111111111111111111100110
000000000000000000000000000000000001111111111111111111111111111111111100000000000000000000000000000000000000000000000000111111111111111111111111100110
000000000000000000000000000000000001111111111111111111111111111111111110000000000000000000000000000000000000000000000011111111111111111111100111000000
000000000000000000000000000000000001111111111111111111111111111111111110000000000000000000000000000000000000000000000011111111111111111111100111000000
000000000000000000000000000000000001111111111111111111111111111111111111100000000000000000000000000000000000000000000011111111111111111111100011000001
000000000000000000000000000000000001111111111111111111111111111111111111100000000000000000000000000000000000000000000011111111111111111111100011000001
000000000000000000000000000000000000000111111111111111111111111111111111110000000000000000000000000000010111100000011111111111111111111010000000000001
000000000000000000000000000000000000000111111111111111111111111111111111110000000000000000000000000000010111100000011111111111111111111010000000000001
000000000000000000000000000000000000000000011111111110111111111111111111111100000000000000000000000000111111111111111111111111111111111100000000000001
000000000000000000000000000000000000000000011111111110111111111111111111111100000000000000000000000000111111111111111111111111111111111100000000000001
000000000000000000000000000000000000000000000000000000001111111111111111111111000000000000000000000000011111111111111111111111111111111110000000000001
000000000000000000000000000000000000000000000000000000001111111111111111111111000000000000000000000000011111111111111111111111111111111110000000000001
000000000000000000000000000000000000000000000000000000000111111111111111111111100000000000000000111111111111111111111111111111111111111111000000000011
000000000000000000000000000000000000000000000000000000000111111111111111111111100000000000000000111111111111111111111111111111111111111111000000000011
000000000000000000000000000000000000000000000000000000000001111111111111111111111000000000000000111111111111111111111111111111111111111111000000000111
000000000000000000000000000000000000000000000000000000000001111111111111111111111000000000000000111111111111111111111111111111111111111111000000000111
000000000000000000000000000000000000000000000000000000000000111111111111111111111100000011111111111111111111111111111111111111111111111111000000000111
000000000000000000000000000000000000000000000000000000000000111111111111111111111100000011111111111111111111111111111111111111111111111111000000000111
000000000000000000000000000000000000000000000000000000000000011111111111111111111110111111111111111111111111111111111111111111111111111111100000000111
000000000000000000000000000000000000000000000000000000000000011111111111111111111110111111111111111111111111111111111111111111111111111111100000000111
000000000000000000000000000000000000000000000000000000000000000111111111111111111111111111111111111111111111111111111111111111111111111111100000001111
000000000000000000000000000000000000000000000000000000000000000111111111111111111111111111111111111111111111111111111111111111111111111111100000001111
000000000000000000000000000000000000000000000000000000000000000011111111111111111111111111111111111111111111111111111111111111111111111111100000001111
000000000000000000000000000000000000000000000000000000000000000011111111111111111111111111111111111111111111111111111111111111111111111111100000001111
000000000000000000000000000000000000000000000000000000000000000000111111111111111111111111111111111111111111111111111111111111111111111111100000011111
000000000000000000000000000000000000000000000000000000000000000000111111111111111111111111111111111111111111111111111111111111111111111111100000011111
000000000000000000000000000000000000000000000000000000000000000000011111111111111111111111111111111111111111111111111111111111111111111111111111111111
000000000000000000000000000000000000000000000000000000000000000000011111111111111111111111111111111111111111111111111111111111111111111111111111111111
000000000000000000000000000000000000000000000000000000000000000000000111111111111111111111111111111111111111111111111111111111111111111111111111111111
000000000000000000000000000000000000000000000000000000000000000000000111111111111111111111111111111111111111111111111111111111111111111111111111111111
000000000000000000000000000000000000000000000000000000000000000000000011111111111111111111111111111111111111111111111111111111111111111111111111111111
000000000000000000000000000000000000000000000000000000000000000000000011111111111111111111111111111111111111111111111111111111111111111111111111111111
000000000000000000000000000000000000000000000000000000000000000000000000011111111111111111111111111111111111111111111111111111111111111111111111111111
000000000000000000000000000000000000000000000000000000000000000000000000011111111111111111111111111111111111111111111111111111111111111111111111111111
000000000000000000000000000000000000000000000000000000000000000000000000000011111111111111111000001111111111111111111111111111111111111111111111111111
000000000000000000000000000000000000000000000000000000000000000000000000000011111111111111111000001111111111111111111111111111111111111111111111111111
000000000000000000000000000000000000000000000000000000000000000000000000000000000000000000000000001111111111111111111111111111111111111111111111111111
000000000000000000000000000000000000000000000000000000000000000000000000000000000000000000000000001111111111111111111111111111111111111111111111111111
000000000000000000000000000000000000000000000000000000000000000000000000000000000000000000000000001111111111111111111111111111111111111111111111111111
000000000000000000000000000000000000000000000000000000000000000000000000000000000000000000000000001111111111111111111111111111111111111111111111111111
000000000000000000000000000000000000000000000000000000000000000000000000000000000000000000000000001111111111111111111111111111111110000011111111111111
000000000000000000000000000000000000000000000000000000000000000000000000000000000000000000000000001111111111111111111111111111111110000011111111111111
000000000000000000000000000000000000000000000000000000000000000000000000000000000000000000000000001111111111111111111111111111111100000000000000011111
000000000000000000000000000000000000000000000000000000000000000000000000000000000000000000000000001111111111111111111111111111111100000000000000011111
000000000000000000000000000000000000000000000000000000000000000000000000000000000000000000000000001111111111111111111111111111111100000000000000000111
000000000000000000000000000000000000000000000000000000000000000000000000000000000000000000000000001111111111111111111111111111111100000000000000000111
000000000000000000000000000000000000000000000000000000000000000000000000000000000000000000000000001111111111111111111111111111111000000000000000000001
000000000000000000000000000000000000000000000000000000000000000000000000000000000000000000000000001111111111111111111111111111111000000000000000000001
111111111111111111111111111111111111111111111111111111111111111111111111111111111111111111111111111111111111111111111111111111111111111111111111111111
111111111111111111111111111111111111111111111111111111111111111111111111111111111111111111111111111111111111111111111111111111111111111111111111111111
