111111111111111111111111111111111111111111111111111111111111111111111111111111111111111111111111111111111111111111111111111111111111111111111111111111
111111111111111111111111111111111111111111111111111111111111111111111111111111111111111111111111111111111111111111111111111111111111111111111111111111
111111111111111111111111111111111111111111111111111111111111111111111111111111111111111111111111111111111111111111111111111111111111111111111111111111
111111111111111111111111111111111111111111111111111111111111111111111111111111111111111111111111111111111111111111111111111111111111111111111111111111
111111111111111111111111111111111111111111111111111111111111111111111111111111111111111111111111111111111111111111111111111111111111111111111111111111
111111111111111111111111111111111111111111111111111111111111111111111111111111111111111111111111111111111111111111111111111111111111111111111111111111
111111111111111111111111111111111111111111111111111111111111111111111111111111111111111111111111111111111111111111111111111111111111111111111111111111
111111111111111111111111111111111111111111111111111111111111111111111111111111111111111111111111111111111111111111111111111111111111111111111111111111
111111111111111111111111111111111111111111111111111111111111111111111111111111111111111111111111111111111111111111111111111111111111111111111111111111
111111111111111111111111111111111111111111111111111111111111111111111111111111111111111111111111111111111111111111111111111111111111111111111111111111
111111111111111111111111111111111111111111111111111111111111111111111111111111111111111111111111111111111111111111111111111111111111111111111111111111
111111111111111111111111111111111111111111111111111111111111111111111111111111111111111111111111111111111111111111111111111111111111111111111111111111
111111111111111111111111111111111111111111111111111111111111111111111111111111111111111111111111111111111111111111111111111111111111111111111111111111
111111111111111111111111111111111111111111111111111111111111111111111111111111111111111111111111111111111111111111111111111111111111111111111111111111
111111111111111111111111111111111111111111111111111111111111111111111111111111111111111111111111111111111111111111111111111111111111111111111111111111
111111111111111111111111111111111111111111111111111111111111111111111111111111111111111111111111111111111111111111111111111111111111111111111111111111
111111111111111111111111111111111111111111111111111111111111111111111111111111111111111111111111111111111111111111111111111111111111111111111111111111
111111111111111111111111111111111111111111111111111111111111111111111111111111111111111111111111111111111111111111111111111111111111111111111111111111
111111111111111111111111111111111111111111111111111111111111111111111111111111111111111111111111111111111111111111111111111111111111111111111111111111
111111111111111111111111111111111111111111111111111111111111111111111111111111111111111111111111111111111111111111111111111111111111111111111111111111
111111111111111111111111111111111111111111111111111111111111111111111111111111111111111111111111111111111111111111111111111111111111111111111111111111
111111111111111111111111111111111111111111111111111111111111111111111111111111111111111111111111111111111111111111111111111111111111111111111111111111
111111111111111111111111111111111111111111111111111111111111111111111111111111111111111111111111111111111111111111111111111111111111111111111111111111
111111111111111111111111111111111111111111111111111111111111111111111111111111111111111111111111111111111111111111111111111111111111111111111111111111
111111111111111111111111111111111111111111111111111111111111111111111111111111111111111111111111111111111111111111111111111111111111111111111111111111
111111111111111111111111111111111111111111111111111111111111111111111111111111111111111111111111111111111111111111111111111111111111111111111111111111
111111111111111111111111111111111111111111111111111111111111111111111111111001111111111111111111111111111111111111111111111111111111111111111111111111
111111111111111111111111111111111111111111111111111111111111111111111111111001111111111111111111111111111111111111111111111111111111111111111111111111
111111111111111111111111111111111111111111111111111111111111111111111100000000010001111111111111111111111111111111111111111111111111111111111111111111
111111111111111111111111111111111111111111111111111111111111111111111100000000010001111111111111111111111111111111111111111111111111111111111111111111
111111111111111111111111111111111111111111111111111111111111111111111000000000000000000001111111111111111111111111111111111111111111111111111111111111
111111111111111111111111111111111111111111111111111111111111111111111000000000000000000001111111111111111111111111111111111111111111111111111111111111
111111111111111111111111111111111111111111111111111111111111111111110000000000000000000001111111111111111111111111111111111111111111111111111111111111
111111111111111111111111111111111111111111111111111111111111111111110000000000000000000001111111111111111111111111111111111111111111111111111111111111
111111111111111111111111111111111111111111111111111111111111111111110000000000000000000000111111111111111111111111111111111111111111111111111111111111
111111111111111111111111111111111111111111111111111111111111111111110000000000000000000000111111111111111111111111111111111111111111111111111111111111
111111111111111111111111111111111111111111111111111111111111111111110000000000000000000000011111111111111111111111111111111111111111111111111111111111
111111111111111111111111111111111111111111111111111111111111111111110000000000000000000000011111111111111111111111111111111111111111111111111111111111
111111111111111111111111111111111111111111111111111111111111111111110000000000000000000000011111111111111111111111111111111111111111111111111111111111
111111111111111111111111111111111111111111111111111111111111111111110000000000000000000000011111111111111111111111111111111111111111111111111111111111
111111111111111111111111111111111111111111111111111111111111111111100000000000000000000000011111111111111111111111111111111111111111111111111111111111
111111111111111111111111111111111111111111111111111111111111111111100000000000000000000000011111111111111111111111111111111111111111111111111111111111
111111111111111111111111111111111111111111111111111111111111111111110000000000000000000000011111111111111111111111111111111111111111111111111111111111
111111111111111111111111111111111111111111111111111111111111111111110000000000000000000000011111111111111111111111111111111111111111111111111111111111
111111111111111111111111111111111111111111111111111111111111111111111000000000000000000000011111111111111111111111111111111111111111111111111111111111
111111111111111111111111111111111111111111111111111111111111111111111000000000000000000000011111111111111111111111111111111111111111111111111111111111
111111111111111111111111111111111111111111111111111111111111111111111000000000000000000000011111111111111111111111111111111111111111111111111111111111
111111111111111111111111111111111111111111111111111111111111111111111000000000000000000000011111111111111111111111111111111111111111111111111111111111
111111111111111111111111111111111111111111111111111111111111111111111100000000000000000000011111111111111111111111111111111111111111111111111111111111
111111111111111111111111111111111111111111111111111111111111111111111100000000000000000000011111111111111111111111111111111111111111111111111111111111
111111111111111111111111111111111111111111111111111111111111111111111101000000000000000000111111111111111111111111111111111111111111111111111111111111
111111111111111111111111111111111111111111111111111111111111111111111101000000000000000000111111111111111111111111111111111111111111111111111111111111
111111111111111111111111111111111111111111111111111111111111111111111111010100000000001001111111111111111111111111111111111111111111111111111111111111
111111111111111111111111111111111111111111111111111111111111111111111111010100000000001001111111111111111111111111111111111111111111111111111111111111
111111111111111111111111111111111111111111111111111111111111101111111111000000000001011111111111111111111111111111111111111111111111111111111111111111
111111111111111111111111111111111111111111111111111111111111101111111111000000000001011111111111111111111111111111111111111111111111111111111111111111
111111111111111111111111111111111111111111111111111111111100000011000000000000000000000011111111111111111111111111111111111111111111111111111111111111
111111111111111111111111111111111111111111111111111111111100000011000000000000000000000011111111111111111111111111111111111111111111111111111111111111
111111111111111111111111111111111111111111111111111111110000000000000000000000000000000001111111111111111111111111111111111111111111111111111111111111
111111111111111111111111111111111111111111111111111111110000000000000000000000000000000001111111111111111111111111111111111111111111111111111111111111
111111111111111111111111111111111111111111111111111110000000000000000000000000000000000001111111111111111111111111111111111111111111111111111111111111
111111111111111111111111111111111111111111111111111110000000000000000000000000000000000001111111111111111111111111111111111111111111111111111111111111
111111111111111111111111111111111111111111111111111111100000000000000000000000000000000001111111111111111111111111111111111111111111111111111111111111
111111111111111111111111111111111111111111111111111111100000000000000000000000000000000001111111111111111111111111111111111111111111111111111111111111
111111111111111111111111111111111111111111111111111111100000000000000000000000000000000001111111111111111111111111111111111111111111111111111111111111
111111111111111111111111111111111111111111111111111111100000000000000000000000000000000001111111111111111111111111111111111111111111111111111111111111
111111111111111111111111111111111111111111111111111110000000000000000000000000000000000011111111111111111111111111111111111111111111111111111111111111
111111111111111111111111111111111111111111111111111110000000000000000000000000000000000011111111111111111111111111111111111111111111111111111111111111
111111111111111111111111111111111111111111111111111110000000000000000000000000000000001111111111111111111111111111111111111111111111111111111111111111
111111111111111111111111111111111111111111111111111110000000000000000000000000000000001111111111111111111111111111111111111111111111111111111111111111
111111111111111111111111111111111111111111111111111100000000010000000000000000000000111111111111111111111111111111111111111111111111111111111111111111
111111111111111111111111111111111111111111111111111100000000010000000000000000000000111111111111111111111111111111111111111111111111111111111111111111
111111111111111111111111111111111111111111111111111111000000000000000000000000000000111111111111111111111111111111111111111111111111111111111111111111
111111111111111111111111111111111111111111111111111111000000000000000000000000000000111111111111111111111111111111111111111111111111111111111111111111
111111111111111111111111111111111111111111111101111100000000000000000000000000000001111111111111111111111111111111111111111111111111111111111111111111
111111111111111111111111111111111111111111111101111100000000000000000000000000000001111111111111111111111111111111111111111111111111111111111111111111
111111111111111111111111111111111111111111111100000000000000000000000000000000000001111111111111111111111111111111111111111111111111111111111111111111
111111111111111111111111111111111111111111111100000000000000000000000000000000000001111111111111111111111111111111111111111111111111111111111111111111
111111111111111111111111111111111111111111111111111111110000001000000000000000000011111111111111111111111111111111111111111111111111111111111111111111
111111111111111111111111111111111111111111111111111111110000001000000000000000000011111111111111111111111111111111111111111111111111111111111111111111
111111111111111111111111111111111111111111111111111111111111111100000000000000000011111111111111111111111111111111111111111111111111111111111111111111
111111111111111111111111111111111111111111111111111111111111111100000000000000000011111111111111111111111111111111111111111111111111111111111111111111
111111111111111111111111111111111111111111111111111111111111111100000000000000000001111111111111111111111111111111111111111111111111111111111111111111
111111111111111111111111111111111111111111111111111111111111111100000000000000000001111111111111111111111111111111111111111111111111111111111111111111
111111111111111111111111111111111111111111111111111111111111111000000000000000000000000111111111111111111111111111111111111111111111111111111111111111
111111111111111111111111111111111111111111111111111111111111111000000000000000000000000111111111111111111111111111111111111111111111111111111111111111
111111111111111111111111111111111111111111111111111111111111111000000000000000000000000000011111111111111111111111111111111111111111111111111111111111
111111111111111111111111111111111111111111111111111111111111111000000000000000000000000000011111111111111111111111111111111111111111111111111111111111
111111111111111111111111111111111111111111111111111111111111110000000000000000000000000000000011111111111111111111111111111111111111111111111111111111
111111111111111111111111111111111111111111111111111111111111110000000000000000000000000000000011111111111111111111111111111111111111111111111111111111
111111111111111111111111111111111111111111111111111111111111100000000000000000000000000000000001111111111111111111111111111111111111111111111111111111
111111111111111111111111111111111111111111111111111111111111100000000000000000000000000000000001111111111111111111111111111111111111111111111111111111
111111111111111111111111111111111111111111111111111111111111000000000000000000000000000000000011111111111111111111111111111111111111111111111111111111
111111111111111111111111111111111111111111111111111111111111000000000000000000000000000000000011111111111111111111111111111111111111111111111111111111
111111111111111111111111111111111111111111111111111111111111000000000000000000000000000000001111111111111111111111111111111111111111111111111111111111
111111111111111111111111111111111111111111111111111111111111000000000000000000000000000000001111111111111111111111111111111111111111111111111111111111
111111111111111111111111111111111111111111111111111111111110000000000000000000000000000000111111111111111111111111111111111111111111111111111111111111
111111111111111111111111111111111111111111111111111111111110000000000000000000000000000000111111111111111111111111111111111111111111111111111111111111
111111111111111111111111111111111111111111111111111111111110000000000000000000000000000011111111111111111111111111111111111111111111111111111111111111
111111111111111111111111111111111111111111111111111111111110000000000000000000000000000011111111111111111111111111111111111111111111111111111111111111
111111111111111111111111111111111111111111111111111111111100000000000000000000000000000001111111111111111111111111111111111111111111111111111111111111
111111111111111111111111111111111111111111111111111111111100000000000000000000000000000001111111111111111111111111111111111111111111111111111111111111
111111111111111111111111111111111111111111111111111111111000000000000000000000000000000000111111111111111111111111111111111111111111111111111111111111
111111111111111111111111111111111111111111111111111111111000000000000000000000000000000000111111111111111111111111111111111111111111111111111111111111
111111111111111111111111111111111111111111111111111111111000000000000000000000000000000000011111111111111111111111111111111111111111111111111111111111
111111111111111111111111111111111111111111111111111111111000000000000000000000000000000000011111111111111111111111111111111111111111111111111111111111
111111111111111111111111111111111111111111111111111111111000000000000000000000000000000000001111111111111111111111111111111111111111111111111111111111
111111111111111111111111111111111111111111111111111111111000000000000000000000000000000000001111111111111111111111111111111111111111111111111111111111
111111111111111111111111111111111111111111111111111111110000000000000000000000000000000000000011111111111111111111111111111111111111111111111111111111
111111111111111111111111111111111111111111111111111111110000000000000000000000000000000000000011111111111111111111111111111111111111111111111111111111
111111111111111111111111111111111111111111111111111111100000000000000000000000000000000000100000111111111111111111111111111111111111111111111111111111
111111111111111111111111111111111111111111111111111111100000000000000000000000000000000000100000111111111111111111111111111111111111111111111111111111
111111111111111111111111111111111111111111111111111111000000000000000000000000000000000000011100000111111111111111111111111111111111111111111111111111
111111111111111111111111111111111111111111111111111111000000000000000000000000000000000000011100000111111111111111111111111111111111111111111111111111
111111111111111111111111111111111111111111111111111111111111111111111111111111111111111111111111111111111111111111111111111111111111111111111111111111
111111111111111111111111111111111111111111111111111111111111111111111111111111111111111111111111111111111111111111111111111111111111111111111111111111
