111111111111111111111111111111111111111111111111111111111111111111111111111111111111111111111111111111111111111111111111111111111111111011111111111111
111111111111111111111111111111111111111111111111111111111111111111111111111111111111111111111111111111111111111111111111111111111111111011111111111111
111111111111111111111111111111111111111111111111111111111111111111111111111111111111111111111111111111111111111111111111111111111111111001111111111111
111111111111111111111111111111111111111111111111111111111111111111111111111111111111111111111111111111111111111111111111111111111111111001111111111111
111111111111111111111111111111111111111111111111111111111111111111111111111111111111111111111111111111111111111111111111111111111111111000111111111111
111111111111111111111111111111111111111111111111111111111111111111111111111111111111111111111111111111111111111111111111111111111111111000111111111111
111111111111111111111111111111111111111111111111111111111111111111111111111111111111111110011110001111111111111111111111111111111111111000111111111111
111111111111111111111111111111111111111111111111111111111111111111111111111111111111111110011110001111111111111111111111111111111111111000111111111111
111111111111111111111111111111111111111111111111111111111111111111111111111111111111111110000000000000000011111111111111111111111111111000011111111111
111111111111111111111111111111111111111111111111111111111111111111111111111111111111111110000000000000000011111111111111111111111111111000011111111111
111111111111111111111111111111111111111111111111111111111111111111111111111111111100000000000000000000000000000001111111111111111111111100011111111111
111111111111111111111111111111111111111111111111111111111111111111111111111111111100000000000000000000000000000001111111111111111111111100011111111111
111111111111111111111111111111111111111111111111111111111111111111111111111111111100000000000000000000000000000000000111111111111111111110001111111111
111111111111111111111111111111111111111111111111111111111111111111111111111111111100000000000000000000000000000000000111111111111111111110001111111111
111111111111111111111111111111111111111111111111111111111111111111111111111111111111000000000000000000000000000000000000111111111111111110000111111111
111111111111111111111111111111111111111111111111111111111111111111111111111111111111000000000000000000000000000000000000111111111111111110000111111111
111111111111111111111111111111111111111111111111111111111111111111111111111111111100000000000000000000000000000000000000011111111111111111000111111111
111111111111111111111111111111111111111111111111111111111111111111111111111111111100000000000000000000000000000000000000011111111111111111000111111111
111111111111111111111111111111111111111111111111111111111111111111111111111111110000000000000000000000000000000000000000001111111111111111000011111111
111111111111111111111111111111111111111111111111111111111111111111111111111111110000000000000000000000000000000000000000001111111111111111000011111111
111111111111111111111111111111111111111111111111111111111111111111111111111111111000000000000000000000000000000000000000000111111111111111100011111111
111111111111111111111111111111111111111111111111111111111111111111111111111111111000000000000000000000000000000000000000000111111111111111100011111111
111111111111111111111111111111111111111111111111111111111111111111111111111111111110000000000000000000000000000000000000000011111111111111100000001111
111111111111111111111111111111111111111111111111111111111111111111111111111111111110000000000000000000000000000000000000000011111111111111100000001111
111111111111111111111111111111111111111111111111111111111111111111111111111111111110000000000000000000000000000000000000000011111111111110000001111111
111111111111111111111111111111111111111111111111111111111111111111111111111111111110000000000000000000000000000000000000000011111111111110000001111111
111111111111111111111111111111111111111111111111111111111111111111111111111111111100000000000000000000000000000000000000000001111111111110111000000011
111111111111111111111111111111111111111111111111111111111111111111111111111111111100000000000000000000000000000000000000000001111111111110111000000011
111111111111111111111111111111111111111111111111111111111111111111111111111111111000000000000000000000000000000000000000000001111111111111110000000001
111111111111111111111111111111111111111111111111111111111111111111111111111111111000000000000000000000000000000000000000000001111111111111110000000001
111111111111111111111111111111111111111111111111111111111111111111111111111111111000000000000000000000000000000000000000000001111111111111110000000001
111111111111111111111111111111111111111111111111111111111111111111111111111111111000000000000000000000000000000000000000000001111111111111110000000001
111111111111111111111111111111111111111111111111111111111111111111111111111111111000000000000000000000000000000000000000000000111111111111111000000000
111111111111111111111111111111111111111111111111111111111111111111111111111111111000000000000000000000000000000000000000000000111111111111111000000000
111111111111111111111111111111111111111111111111111111111111111111111111111111111100000000000000000000000000000000000000000000111111111111111000000000
111111111111111111111111111111111111111111111111111111111111111111111111111111111100000000000000000000000000000000000000000000111111111111111000000000
111111111111111111111111111111111111111111111111111111111111111111111111111111111100000000000000000000000000000000000000000000001111111111111000000000
111111111111111111111111111111111111111111111111111111111111111111111111111111111100000000000000000000000000000000000000000000001111111111111000000000
111111111111111111111111111111111111111111111111111111111111111111111111111111111111000000000000000000000000000000000000000000000111111111111000000000
111111111111111111111111111111111111111111111111111111111111111111111111111111111111000000000000000000000000000000000000000000000111111111111000000000
111111111111111111111111111111111111111111111111111111111111111111111111111111111111111001000000000000000000000000000000000000111111111111111100000000
111111111111111111111111111111111111111111111111111111111111111111111111111111111111111001000000000000000000000000000000000000111111111111111100000000
111111111111111111111111111111111111111111111111111111111111111111111111111111111111111111000000000000000000000000000000000000111111111111111110000000
111111111111111111111111111111111111111111111111111111111111111111111111111111111111111111000000000000000000000000000000000000111111111111111110000000
111111111111111111111111111111111111111111111111111111111111111111111111111111111111111111100000000000000000000000000000000010111111111111111100000000
111111111111111111111111111111111111111111111111111111111111111111111111111111111111111111100000000000000000000000000000000010111111111111111100000000
111111111111111111111111111111111111111111111111111111111111111111111111111111111111111111100000000000000000000000000001010111111111111111111100000000
111111111111111111111111111111111111111111111111111111111111111111111111111111111111111111100000000000000000000000000001010111111111111111111100000000
111111111111111111111111111111111111111111111111111111111111111111111111111111111111111111100100000000000000000000000001111111111111111111111000000000
111111111111111111111111111111111111111111111111111111111111111111111111111111111111111111100100000000000000000000000001111111111111111111111000000000
111111111111111111111111111111111111111111111111111111111111111111111111111111111111111111100101011100000000000000001111111111111111111111000000000000
111111111111111111111111111111111111111111111111111111111111111111111111111111111111111111100101011100000000000000001111111111111111111111000000000000
111111111111111111111111111111111111111111111111111111111111111111111111111111111111111111110100000000000000000000000000001111111111111111000000000000
111111111111111111111111111111111111111111111111111111111111111111111111111111111111111111110100000000000000000000000000001111111111111111000000000000
111111111111111111111111111111111111111111111111111111111111111111111111111111111111111111110000000000000000000000000000000001111111111111000000000000
111111111111111111111111111111111111111111111111111111111111111111111111111111111111111111110000000000000000000000000000000001111111111111000000000000
111111111111111111111111111111111111111111111111111111111111111111111111111111111111111111100000000000000000000000000000000000111111111100000000000000
111111111111111111111111111111111111111111111111111111111111111111111111111111111111111111100000000000000000000000000000000000111111111100000000000000
111111111111111111111111111111111111111111111111111111111111111111111111111111111111111111100000000000000000000000000000000000011111110000000000000000
111111111111111111111111111111111111111111111111111111111111111111111111111111111111111111100000000000000000000000000000000000011111110000000000000000
111111111111111111111111111111111111111111111111111111111111111111111111111111111111111111100000000000000000000000000000000000011111100000000000000111
111111111111111111111111111111111111111111111111111111111111111111111111111111111111111111100000000000000000000000000000000000011111100000000000000111
111111111111111111111111111111111111111111111111111111111111111111111111111111111111111111100000000000000000000000000000000000001110000000000000001111
111111111111111111111111111111111111111111111111111111111111111111111111111111111111111111100000000000000000000000000000000000001110000000000000001111
111111111111111111111111111111111111111111111111111111111111111111111111111111111111111111100000000000000000000000000000000000001000000000000000011111
111111111111111111111111111111111111111111111111111111111111111111111111111111111111111111100000000000000000000000000000000000001000000000000000011111
111111111111111111111111111111111111111111111111111111111111111111111111111111111111111111100000000000000000000000000000000000000000000000000001111111
111111111111111111111111111111111111111111111111111111111111111111111111111111111111111111100000000000000000000000000000000000000000000000000001111111
111111111111111111111111111111111111111111111111111111111111111111111111111111111111111111100000000000000000000000000000000000000000000000000011111111
111111111111111111111111111111111111111111111111111111111111111111111111111111111111111111100000000000000000000000000000000000000000000000000011111111
111111111111111111111111111111111111111111111111111111111111111111111111111111111111111111110000000000000000000000000000000000000000000000000111111111
111111111111111111111111111111111111111111111111111111111111111111111111111111111111111111110000000000000000000000000000000000000000000000000111111111
111111111111111111111111111111111111111111111111111111111111111111111111111111111111111111110000000000000000000000000000000000000000000000011111111111
111111111111111111111111111111111111111111111111111111111111111111111111111111111111111111110000000000000000000000000000000000000000000000011111111111
111111111111111111111111111111111111111111111111111111111111111111111111111111111111111111111000000000000000000000000000000000000000000000111111111111
111111111111111111111111111111111111111111111111111111111111111111111111111111111111111111111000000000000000000000000000000000000000000000111111111111
111111111111111111111111111111111111111111111111111111111111111111111111111111111111111111111000000000000000000000000000000000000000000011111111111111
111111111111111111111111111111111111111111111111111111111111111111111111111111111111111111111000000000000000000000000000000000000000000011111111111111
111111111111111111111111111111111111111111111111111111111111111111111111111111111111111111111100000000000000000000000000000000000011111111111111111111
111111111111111111111111111111111111111111111111111111111111111111111111111111111111111111111100000000000000000000000000000000000011111111111111111111
111111111111111111111111111111111111111111111111111111111111111111111111111111111111111111111100000000000000000000000000000000000011111111111111111111
111111111111111111111111111111111111111111111111111111111111111111111111111111111111111111111100000000000000000000000000000000000011111111111111111111
111111111111111111111111111111111111111111111111111111111111111111111111111111111111111111111100000000000000000000000000000000000011111111111111111111
111111111111111111111111111111111111111111111111111111111111111111111111111111111111111111111100000000000000000000000000000000000011111111111111111111
111111111111111111111111111111111111111111111111111111111111111111111111111111111111111111111100000000000000000000000000000000000011111111111111111111
111111111111111111111111111111111111111111111111111111111111111111111111111111111111111111111100000000000000000000000000000000000011111111111111111111
111111111111111111111111111111111111111111111111111111111111111111111111111111111111111111111100000000000000000000000000000000000111111111111111111111
111111111111111111111111111111111111111111111111111111111111111111111111111111111111111111111100000000000000000000000000000000000111111111111111111111
111111111111111111111111111111111111111111111111111111111111111111111111111111111111111111111110000000000000000000000000000000000011111111111111111111
111111111111111111111111111111111111111111111111111111111111111111111111111111111111111111111110000000000000000000000000000000000011111111111111111111
111111111111111111111111111111111111111111111111111111111111111111111111111111111111111111111110000000000000000000000000000000000000001111111111111111
111111111111111111111111111111111111111111111111111111111111111111111111111111111111111111111110000000000000000000000000000000000000001111111111111111
111111111111111111111111111111111111111111111111111111111111111111111111111111111111111111111110000000000000000000000000000000000000000111111111111111
111111111111111111111111111111111111111111111111111111111111111111111111111111111111111111111110000000000000000000000000000000000000000111111111111111
111111111111111111111111111111111111111111111111111111111111111111111111000000000000000000000000000000000000000000000000000000000000000111111111111111
111111111111111111111111111111111111111111111111111111111111111111111111000000000000000000000000000000000000000000000000000000000000000111111111111111
111111111111111111111111111111111111111111111111111111111111111111111111100000000000000000000000000000000000000000000000000000000000000001111111111111
111111111111111111111111111111111111111111111111111111111111111111111111100000000000000000000000000000000000000000000000000000000000000001111111111111
111111111111111111111111111111111111111111111111111111111111111111111111110000000000000000000000000000000000000000000000000000000000000001111111111111
111111111111111111111111111111111111111111111111111111111111111111111111110000000000000000000000000000000000000000000000000000000000000001111111111111
111111111111111111111111111111111111111111111111111111111111111111111111111000000000000000000000000000000000000000000000000000000000001111111111111111
111111111111111111111111111111111111111111111111111111111111111111111111111000000000000000000000000000000000000000000000000000000000001111111111111111
111111111111111111111111111111111111111111111111111111111111111111111111111110000000000000000000000000000000000000000000000000000000000111111111111111
111111111111111111111111111111111111111111111111111111111111111111111111111110000000000000000000000000000000000000000000000000000000000111111111111111
111111111111111111111111111111111111111111111111111111111111111111111111111111000000000000000000000000000000000000000000000000000000000111111111111111
111111111111111111111111111111111111111111111111111111111111111111111111111111000000000000000000000000000000000000000000000000000000000111111111111111
111111111111111111111111111111111111111111111111111111111111111111111111111111100000000000000000000000000000000000000000000011011000011111111111111111
111111111111111111111111111111111111111111111111111111111111111111111111111111100000000000000000000000000000000000000000000011011000011111111111111111
111111111111111111111111111111111111111111111111111111111111111111111111111111111000000000000000000000000000000000000000000011111111111111111111111111
111111111111111111111111111111111111111111111111111111111111111111111111111111111000000000000000000000000000000000000000000011111111111111111111111111
111111111111111111111111111111111111111111111111111111111111111111111111111111111000000000000000000000000000000000000000000011111111111111111111111111
111111111111111111111111111111111111111111111111111111111111111111111111111111111000000000000000000000000000000000000000000011111111111111111111111111
111111111111111111111111111111111111111111111111111111111111111111111111111111110000000000000000000000000000000000000000000011111111111111111111111111
111111111111111111111111111111111111111111111111111111111111111111111111111111110000000000000000000000000000000000000000000011111111111111111111111111
111111111111111111111111111111111111111111111111111111111111111111111111111111111111111111111111111111111111111111111111111111111111111111111111111111
111111111111111111111111111111111111111111111111111111111111111111111111111111111111111111111111111111111111111111111111111111111111111111111111111111
