111111111111111111111111111111111111111111111111111111111111111111111111111111111111111111111111111111111111111111111111111111111111111111111111111111
111111111111111111111111111111111111111111111111111111111111111111111111111111111111111111111111111111111111111111111111111111111111111111111111111111
111111111111111111111111111111111111111111111111111111111111111111111111111111111111111111111111111111111111111111111111111111111111111111111111111111
111111111111111111111111111111111111111111111111111111111111111111111111111111111111111111111111111111111111111111111111111111111111111111111111111111
111111111111111111111111111111111111111111111111111111111111111111111111111111111111111111111111111111111111111111111111111111111111111111111111111111
111111111111111111111111111111111111111111111111111111111111111111111111111111111111111111111111111111111111111111111111111111111111111111111111111111
111111111111111111111111111111111111111111111111111111111111111111111111111111111111111111111111111111111111111111111111111111111111111111111111111111
111111111111111111111111111111111111111111111111111111111111111111111111111111111111111111111111111111111111111111111111111111111111111111111111111111
111111111111111111111111111111111111111111111111111111111111111111111111111111111111111111111111111111111111111111111111111111111111111111111111111111
111111111111111111111111111111111111111111111111111111111111111111111111111111111111111111111111111111111111111111111111111111111111111111111111111111
111111111111111111111111111111111111111111111111111111111111111111111111111111111111111111111111111111111111111111111111111111111111111111111111111111
111111111111111111111111111111111111111111111111111111111111111111111111111111111111111111111111111111111111111111111111111111111111111111111111111111
111111111111111111111111111111111111111111111111111111111111111111111111111111111111111111111111111111111111111111111111111111111111111111111111111111
111111111111111111111111111111111111111111111111111111111111111111111111111111111111111111111111111111111111111111111111111111111111111111111111111111
111111111111111111111111111111111111111111111111111111111111111111111111111111111111111111111111111111111111111111111111111111111111111111111111111111
111111111111111111111111111111111111111111111111111111111111111111111111111111111111111111111111111111111111111111111111111111111111111111111111111111
111111111111111111111111111111111111111111111111111111111111111111111111111111111111111111111111111111111111111111111111111111111111111111111111111111
111111111111111111111111111111111111111111111111111111111111111111111111111111111111111111111111111111111111111111111111111111111111111111111111111111
111111111111111111111111111111111111111111111111111111111111111111111111111111111111111111111111111111111111111111111111111111111111111111111111111111
111111111111111111111111111111111111111111111111111111111111111111111111111111111111111111111111111111111111111111111111111111111111111111111111111111
111111111111111111111111111111111111111111111111111111111111111111111111111111111111111111111111111111111111111111111111111111111111111111111111111111
111111111111111111111111111111111111111111111111111111111111111111111111111111111111111111111111111111111111111111111111111111111111111111111111111111
111111111111111111111111111111111111111111111111111111111111111111111111111111111111111111111111111111111111111111111111111111111111111111111111111111
111111111111111111111111111111111111111111111111111111111111111111111111111111111111111111111111111111111111111111111111111111111111111111111111111111
111111111111111111111111111111111111111111111111111111111111111111111111111111111111111111111111111111111111111111111111111111111111111111111111111111
111111111111111111111111111111111111111111111111111111111111111111111111111111111111111111111111111111111111111111111111111111111111111111111111111111
111111111111111111111111111111111111111111111111111111111111111111111111111111111111111111111111111111111111111111111111111111111111111111111111111111
111111111111111111111111111111111111111111111111111111111111111111111111111111111111111111111111111111111111111111111111111111111111111111111111111111
111111111111111111111111111111111111111111111111111111111111111111111111111111111111111111111111111111111111111111111111111111111111111111111111111111
111111111111111111111111111111111111111111111111111111111111111111111111111111111111111111111111111111111111111111111111111111111111111111111111111111
111111111111111111111111111111111111111111111111111111111111111111111111111111111111111111111111111111111111111111111111111111111111111111111111111111
111111111111111111111111111111111111111111111111111111111111111111111111111111111111111111111111111111111111111111111111111111111111111111111111111111
111111111111111111111111111111111111111111111111111111111111111111111111111111111111111111111111111111111111111111111111111111000000000001111111111111
111111111111111111111111111111111111111111111111111111111111111111111111111111111111111111111111111111111111111111111111111111000000000001111111111111
111111111111111111111111111111111111111111111111111111111111111111111111111111111111111111111111111111111111111111111111110000000000000000011111111111
111111111111111111111111111111111111111111111111111111111111111111111111111111111111111111111111111111111111111111111111110000000000000000011111111111
111111111111111111111111111111111111111111111111111111111111111111111111111111111111111111111111111111111111111111111110000000000000000000000111111111
111111111111111111111111111111111111111111111111111111111111111111111111111111111111111111111111111111111111111111111110000000000000000000000111111111
111111111111111111111111111111111111111111111111111111111111111111111111111111111111111111111111111111111111111111110000000000000000000000000001111111
111111111111111111111111111111111111111111111111111111111111111111111111111111111111111111111111111111111111111111110000000000000000000000000001111111
111111111111111111111111111111111111111111111111111111111111111111111111111111111111111111111111111111111111111000000000000000000100000000000000011111
111111111111111111111111111111111111111111111111111111111111111111111111111111111111111111111111111111111111111000000000000000000100000000000000011111
111111111111111111111111111111111111111111111111111111111111111111111111111111111111111111111111111111111111000000000000000000011111000000000000000111
111111111111111111111111111111111111111111111111111111111111111111111111111111111111111111111111111111111111000000000000000000011111000000000000000111
111111111111111111111111111111111111111111111111111111111111111111111111111111111111111111111111111111100000000000000000000011111111110000000000000000
111111111111111111111111111111111111111111111111111111111111111111111111111111111111111111111111111111100000000000000000000011111111110000000000000000
111111111111111111111111111111111111111111111111111111111111111111111111111111111111111111111111110000000000000000000000000011111111111100000000000000
111111111111111111111111111111111111111111111111111111111111111111111111111111111111111111111111110000000000000000000000000011111111111100000000000000
111111111111111111111111111111111111111111111111111111111111111111111111111111111111111111110000000000000000000000000000000011111111111111000000000000
111111111111111111111111111111111111111111111111111111111111111111111111111111111111111111110000000000000000000000000000000011111111111111000000000000
111111111111111111111111111111111111111111111111111111111111111111111111111111111111110000000000000000000000000000000000000011111111111111110000000000
111111111111111111111111111111111111111111111111111111111111111111111111111111111111110000000000000000000000000000000000000011111111111111110000000000
111111111111111111111111111111111111111111111111111111111111111111111111111111000000000000000000000000000000000110000000000000111111111111110000000000
111111111111111111111111111111111111111111111111111111111111111111111111111111000000000000000000000000000000000110000000000000111111111111110000000000
111111111111111111111111111111111111111111111111111111111111111111111000000000000000000000000000000000000001111100000000000000001111111111100000000000
111111111111111111111111111111111111111111111111111111111111111111111000000000000000000000000000000000000001111100000000000000001111111111100000000000
111111111111111111111111111111111111111111111111111111110000000000000000000000000000000000000000000000111111111000000000000000001111111111000000000000
111111111111111111111111111111111111111111111111111111110000000000000000000000000000000000000000000000111111111000000000000000001111111111000000000000
111111111111111111111111111111111111111111000000000000000000000000000000000000000000000000000000111111111111110000000000000000000111111100000000000000
111111111111111111111111111111111111111111000000000000000000000000000000000000000000000000000000111111111111110000000000000000000111111100000000000000
111111111111111111100000000000000000000000000000000000000000000000000000000000001100000000000111111111111111100000000000000000000011111000000000000000
111111111111111111100000000000000000000000000000000000000000000000000000000000001100000000000111111111111111100000000000000000000011111000000000000000
000000000000000000000000000000000000000000000000000000000000000000000111111111111110000000001111111111111111000000000000000000000001111000000000000000
000000000000000000000000000000000000000000000000000000000000000000000111111111111110000000001111111111111111000000000000000000000001111000000000000000
000000000000000000000000000000000000000000000000000000000000111111111111111111111000000000000001111111111111000000000000000000000001110000000000000000
000000000000000000000000000000000000000000000000000000000000111111111111111111111000000000000001111111111111000000000000000000000001110000000000000000
000000000000000000000000000000000000000000011111100000000000111111111111111111110000000000000000111111111111100000000000000000000011100000000000000000
000000000000000000000000000000000000000000011111100000000000111111111111111111110000000000000000111111111111100000000000000000000011100000000000000000
111111111111110000000000111111111111111111111111100000000001111111111111111111100000000000000000011111111111100000000000000000000011100000000000000000
111111111111110000000000111111111111111111111111100000000001111111111111111111100000000000000000011111111111100000000000000000000011100000000000000000
111111111111110000000000111111111111111111111110000000000000011111111111111111000000000000000000001111111111100000000000000000000011110000000000000000
111111111111110000000000111111111111111111111110000000000000011111111111111111000000000000000000001111111111100000000000000000000011110000000000000000
111111111111100000000000011111111111111111111100000000000000001111111111111111000000000000000000001111111111110000000000000000000111110000000000000000
111111111111100000000000011111111111111111111100000000000000001111111111111111000000000000000000001111111111110000000000000000000111110000000000000000
111111111110000000000000000111111111111111111000000000000000000111111111111110000000000000000000000111111111111000000000000000000111111000000000000000
111111111110000000000000000111111111111111111000000000000000000111111111111110000000000000000000000111111111111000000000000000000111111000000000000000
111111111100000000000000000011111111111111110000000000000000000111111111111110000000000000000000000111111111111000000000000000001111111000000000000000
111111111100000000000000000011111111111111110000000000000000000111111111111110000000000000000000000111111111111000000000000000001111111000000000000000
111111111000000000000000000001111111111111110000000000000000000011111111111110000000000000000000000111111111111100000000000000001111111100000000000000
111111111000000000000000000001111111111111110000000000000000000011111111111110000000000000000000000111111111111100000000000000001111111100000000000000
111111111000000000000000000001111111111111100000000000000000000001111111111111000000000000000000000111111111111100000000000000001111111100000000000000
111111111000000000000000000001111111111111100000000000000000000001111111111111000000000000000000000111111111111100000000000000001111111100000000000000
111111110000000000000000000000111111111111000000000000000000000001111111111111000000000000000000001111111111111100000000000000011111111110000000000000
111111110000000000000000000000111111111111000000000000000000000001111111111111000000000000000000001111111111111100000000000000011111111110000000000000
111111110000000000000000000000011111111111100000000000000000000001111111111111100000000000000000001111111111111110000000000000111111111110000000000000
111111110000000000000000000000011111111111100000000000000000000001111111111111100000000000000000001111111111111110000000000000111111111110000000000000
111111100000000000000000000000011111111111100000000000000000000001111111111111100000000000000000011111111111111110000000000000111111111111000000000000
111111100000000000000000000000011111111111100000000000000000000001111111111111100000000000000000011111111111111110000000000000111111111111000000000000
111111110000000000000000000000111111111111110000000000000000000011111111111111100000000000000000011111111111111111000000000001111111111111000000000000
111111110000000000000000000000111111111111110000000000000000000011111111111111100000000000000000011111111111111111000000000001111111111111000000000000
111111110000000000000000000000111111111111110000000000000000000011111111111111110000000000000000111111111111111111000000000001111111111111100000000000
111111110000000000000000000000111111111111110000000000000000000011111111111111110000000000000000111111111111111111000000000001111111111111100000000000
111111111000000000000000000001111111111111111000000000000000000111111111111111111000000000000000111111111111111111100000000001111111111111100000000000
111111111000000000000000000001111111111111111000000000000000000111111111111111111000000000000000111111111111111111100000000001111111111111100000000000
111111111000000000000000000001111111111111111000000000000000000111111111111111111000000000000001111111111111111111100000000011111111111111110000000000
111111111000000000000000000001111111111111111000000000000000000111111111111111111000000000000001111111111111111111100000000011111111111111110000000000
111111111000000000000000000011111111111111111100000000000000001111111111111111111100000000000001111111111111111111110000000011111111111111110000000000
111111111000000000000000000011111111111111111100000000000000001111111111111111111100000000000001111111111111111111110000000011111111111111110000000000
111111111100000000000000000011111111111111111100000000000000001111111111111111111100000000000001111111111111111111110000111111111111111111111000000001
111111111100000000000000000011111111111111111100000000000000001111111111111111111100000000000001111111111111111111110000111111111111111111111000000001
111111111100000000000000000111111111111111111110000000000000011111111111111111111100000000000011111111111111111111111001111111111111111111111000011111
111111111100000000000000000111111111111111111110000000000000011111111111111111111100000000000011111111111111111111111001111111111111111111111000011111
111111111110000000000000000111111111111111111110000000000000011111111111111111111110000000000011111111111111111111111111111111111111111111111100111111
111111111110000000000000000111111111111111111110000000000000011111111111111111111110000000000011111111111111111111111111111111111111111111111100111111
111111111111000000000000001111111111111111111110000000000000011111111111111111111110000000000111111111111111111111111111111111111111111111111111111111
111111111111000000000000001111111111111111111110000000000000011111111111111111111110000000000111111111111111111111111111111111111111111111111111111111
111111111111000000000000001111111111111111111111000000000000111111111111111111111111000000000111111111111111111111111111111111111111111111111111111111
111111111111000000000000001111111111111111111111000000000000111111111111111111111111000000000111111111111111111111111111111111111111111111111111111111
111111111111100000000000011111111111111111111111000000000000111111111111111111111111000000001111111111111111111111111111111111111111111111111111111111
111111111111100000000000011111111111111111111111000000000000111111111111111111111111000000001111111111111111111111111111111111111111111111111111111111
111111111111100000000000011111111111111111111111100000000001111111111111111111111111100000001111111111111111111111111111111111111111111111111111111111
111111111111100000000000011111111111111111111111100000000001111111111111111111111111100000001111111111111111111111111111111111111111111111111111111111
111111111111100000000000011111111111111111111111100000000001111111111111111111111111100011111111111111111111111111111111111111111111111111111111111111
111111111111100000000000011111111111111111111111100000000001111111111111111111111111100011111111111111111111111111111111111111111111111111111111111111
111111111111111111111111111111111111111111111111111111111111111111111111111111111111111111111111111111111111111111111111111111111111111111111111111111
111111111111111111111111111111111111111111111111111111111111111111111111111111111111111111111111111111111111111111111111111111111111111111111111111111
