111111111111111111111111111111111111111111111111111111111111111111111111111111111111111111111111111111111111111111111111111111111111111111111111111111
111111111111111111111111111111111111111111111111111111111111111111111111111111111111111111111111111111111111111111111111111111111111111111111111111111
111111111111111111111111111111111111111111111111111111111111111111111111111111111111111111111111111111111111111111111111111111111111111111111111111111
111111111111111111111111111111111111111111111111111111111111111111111111111111111111111111111111111111111111111111111111111111111111111111111111111111
111111111111111111111111111111111111111111111111111111111111111111111111111111111111111111111111111111111111111111111111111111111111111111111111111111
111111111111111111111111111111111111111111111111111111111111111111111111111111111111111111111111111111111111111111111111111111111111111111111111111111
111111111111111111111111111111111111111111111111111111111111111111111111111111111111111111111111111111111111111111111111111111111111111111111111111111
111111111111111111111111111111111111111111111111111111111111111111111111111111111111111111111111111111111111111111111111111111111111111111111111111111
111111111111111111111111111111111111111111111111111111111111111111111111111111111111111111111111111111111111111111111111111111111111111111111111111111
111111111111111111111111111111111111111111111111111111111111111111111111111111111111111111111111111111111111111111111111111111111111111111111111111111
111111111111111111111111111111111111111111111111111111111111111111111111111111111111111110000000000000000000000000011111111111111111111111111111111111
111111111111111111111111111111111111111111111111111111111111111111111111111111111111111110000000000000000000000000011111111111111111111111111111111111
111111111111111111111111111111111111111111111111111111111111111111111111111111111111110000000000000000000000000000000111111111111111111111111111111111
111111111111111111111111111111111111111111111111111111111111111111111111111111111111110000000000000000000000000000000111111111111111111111111111111111
111111111111111111111111111111111111111111111111111111111111111111111111111000011111100000000000000000000000000000000011111111111111111111111111111111
111111111111111111111111111111111111111111111111111111111111111111111111111000011111100000000000000000000000000000000011111111111111111111111111111111
111111111111111111111111111111111111111111111111111111111111111111111111100000000110000000000000000000000000000000000001111111111111111111111111111111
111111111111111111111111111111111111111111111111111111111111111111111111100000000110000000000000000000000000000000000001111111111111111111111111111111
111111111111111111111111111111111111111111111111111111111111111111111100000000000100000000000000000000000000000000000000111111111111111111111111111111
111111111111111111111111111111111111111111111111111111111111111111111100000000000100000000000000000000000000000000000000111111111111111111111111111111
111111111111111111111111111111111111111111111111111111111111111111111000000000000000000000000000000000000000000000000000111111111111111111111111111111
111111111111111111111111111111111111111111111111111111111111111111111000000000000000000000000000000000000000000000000000111111111111111111111111111111
111111111111111111111111111111111111111111111111111111111111111111110000000000000000000000000000000000000000000000000000011111111111111111111111111111
111111111111111111111111111111111111111111111111111111111111111111110000000000000000000000000000000000000000000000000000011111111111111111111111111111
111111111111111111111111111111111111111111111111111111111111111111110000000000000000000000000000000000000000000000000000011111111111111111111111111111
111111111111111111111111111111111111111111111111111111111111111111110000000000000000000000000000000000000000000000000000011111111111111111111111111111
111111111111111111111111111111111111111111111111111111111111111111110000000000000000000000000000000000000000000000000000011111111111111111111111111111
111111111111111111111111111111111111111111111111111111111111111111110000000000000000000000000000000000000000000000000000011111111111111111111111111111
111111111111111111111111111111111111111111111111111111111111111111100000000000000000000000000000000000000000000000000000111111111111111111111111111111
111111111111111111111111111111111111111111111111111111111111111111100000000000000000000000000000000000000000000000000000111111111111111111111111111111
111111111111111111111111111111111111111111111111111111111111111111110000000000000000000000000000000000000000000000000000011111111111111111111111111111
111111111111111111111111111111111111111111111111111111111111111111110000000000000000000000000000000000000000000000000000011111111111111111111111111111
111111111111111111111111111111111111111111111111111111111111111111111111110000000000000000000000000000000000000000000000001111111111111111111111111111
111111111111111111111111111111111111111111111111111111111111111111111111110000000000000000000000000000000000000000000000001111111111111111111111111111
111111111111111111111111111111111111111111111111111111111111111111111111100000000000000000000000000000000000000000000000000111111111111111111111111111
111111111111111111111111111111111111111111111111111111111111111111111111100000000000000000000000000000000000000000000000000111111111111111111111111111
111111111111111111111111111111111111111111111111111111111111111111111110000000000100000000000000000000000000000000000000000011111111111111111111111111
111111111111111111111111111111111111111111111111111111111111111111111110000000000100000000000000000000000000000000000000000011111111111111111111111111
111111111111111111111111111111111111111111111111111111111111111111111100000000011100000000000000000000000000000000000000000011111111111111111111111111
111111111111111111111111111111111111111111111111111111111111111111111100000000011100000000000000000000000000000000000000000011111111111111111111111111
111111111111111111111111111111111111111111111111111111111111111111111100000000011100000000000000000000000000000000000000001111111111111111111111111111
111111111111111111111111111111111111111111111111111111111111111111111100000000011100000000000000000000000000000000000000001111111111111111111111111111
111111111111111111111111111111111111111111111111111111111111111111111000000000011000000000000000000000000000000000000000011111111111111111111111111111
111111111111111111111111111111111111111111111111111111111111111111111000000000011000000000000000000000000000000000000000011111111111111111111111111111
111111111111111111111111111111111111111111111111111111111111111111100000000000001100000000000000000000000000000000000001011111111111111111111111111111
111111111111111111111111111111111111111111111111111111111111111111100000000000001100000000000000000000000000000000000001011111111111111111111111111111
111111111111111111111111111111111111111111111111111111111111111111110000000000001111110000000000000000000000000000010011111111111111111111111111111111
111111111111111111111111111111111111111111111111111111111111111111110000000000001111110000000000000000000000000000010011111111111111111111111111111111
111111111111111111111111100000111111111111111111111111111111111111110000000000001111111000000000000000000000000001110111111111111111111111111111111111
111111111111111111111111100000111111111111111111111111111111111111110000000000001111111000000000000000000000000001110111111111111111111111111111111111
111111111111111111111100000000001111111111111111111111111111111111110000000000001111111000000000000000000000000001111111111111111111111111111111111111
111111111111111111111100000000001111111111111111111111111111111111110000000000001111111000000000000000000000000001111111111111111111111111111111111111
111111111111111111000000000000000001111111111111111111111111111111110000000000011111111100001100000000000000000011111111111111111111111111111111111111
111111111111111111000000000000000001111111111111111111111111111111110000000000011111111100001100000000000000000011111111111111111111111111111111111111
111111111111110000000000111110000000011111111111111111111111111111110000000000011111111111101111100000000000000111111111111111111111111111111111111111
111111111111110000000000111110000000011111111111111111111111111111110000000000011111111111101111100000000000000111111111111111111111111111111111111111
111111110000000000000111111111100000000011111111111111111111111111111000000000111111111111101111000000000000000111111111111111111111111111111111111111
111111110000000000000111111111100000000011111111111111111111111111111000000000111111111111101111000000000000000111111111111111111111111111111111111111
111000000000000000000011111111111100000000111111111111111111111111111010000001111111111111110000000000000000000000111111111111111111111111111111111111
111000000000000000000011111111111100000000111111111111111111111111111010000001111111111111110000000000000000000000111111111111111111111111111111111111
000000000000001110000011111111111110000000001111111111111111111111111110000001111111111000000000000000000000000000000001111111111111111111111111111111
000000000000001110000011111111111110000000001111111111111111111111111110000001111111111000000000000000000000000000000001111111111111111111111111111111
000000000111111000000000111111111100000000000001111111111111111111111111001111111111100000000000000000000000000000000000011111111111111111111111111111
000000000111111000000000111111111100000000000001111111111111111111111111001111111111100000000000000000000000000000000000011111111111111111111111111111
000011111111110000000000011111111000000001100000111111111111111111111111111111111110000000000000000000000000000000000000001111111111111111111111111111
000011111111110000000000011111111000000001100000111111111111111111111111111111111110000000000000000000000000000000000000001111111111111111111111111111
011111111111110000000000011111110000000000111100000111111111111111111111111111111100000000000000000000000000000000000000000111111111111111111111111111
011111111111110000000000011111110000000000111100000111111111111111111111111111111100000000000000000000000000000000000000000111111111111111111111111111
000111111111110000000000011111100000000000011110000011111111111111111111111111111000000000000000000000000000000000000000000011111111111111111111111111
000111111111110000000000011111100000000000011110000011111111111111111111111111111000000000000000000000000000000000000000000011111111111111111111111111
000011111111110000000000011111100000000000011111100000011111111111111111111111110000000000000000000000000000000000000000000001111111111111111111111111
000011111111110000000000011111100000000000011111100000011111111111111111111111110000000000000000000000000000000000000000000001111111111111111111111111
000001111111110000000000011111100000000000111111110000000001111111111111111111100000000000000000000000000000000000000000000000111111110000111111111000
000001111111110000000000011111100000000000111111110000000001111111111111111111100000000000000000000000000000000000000000000000111111110000111111111000
000001111111111000000000111111110000000000111111110000000000000000000000000000000000000000000000000000000000000000000000000000000000000000000000000000
000001111111111000000000111111110000000000111111110000000000000000000000000000000000000000000000000000000000000000000000000000000000000000000000000000
000001111111111000000001111111110000000001111111000000011111100000000000000000000000000000000000000000000000000000000000000000000000000000000000111111
000001111111111000000001111111110000000001111111000000011111100000000000000000000000000000000000000000000000000000000000000000000000000000000000111111
000001111111111100000001111111111000000001111110000000001111111110000100111111110000000000000000000000000000000000000000000000111111111111100000011111
000001111111111100000001111111111000000001111110000000001111111110000100111111110000000000000000000000000000000000000000000000111111111111100000011111
000011111111111110000001111111111100000011111100000000000111111000000011111111100000000000000000000000000000000000000000000000001111111111000000001111
000011111111111110000001111111111100000011111100000000000111111000000011111111100000000000000000000000000000000000000000000000001111111111000000001111
000011111111111110000011111111111100000011111100000000000111110000000001111111110000000000000000000000000000000000000000000000000111111110000000000111
000011111111111110000011111111111100000011111100000000000111110000000001111111110000000000000000000000000000000000000000000000000111111110000000000111
000111111111111110000011111111111100000111111100000000000111110000000000111111100000000000000000000000000000000000000000000000000111111100000000000111
000111111111111110000011111111111100000111111100000000000111110000000000111111100000000000000000000000000000000000000000000000000111111100000000000111
001111111111111111000111111111111110000111111110000000001111100000000000111111100000000000000000000000000000000000000000000000000011111100000000000111
001111111111111111000111111111111110000111111110000000001111100000000000111111100000000000000000000000000000000000000000000000000011111100000000000111
001111111111111111000111111111111110001111111110000000001111110000000000111111100000000000000000000000000000000000000000000000000111111110000000000111
001111111111111111000111111111111110001111111110000000001111110000000000111111100000000000000000000000000000000000000000000000000111111110000000000111
001111111111111111101111111111111111001111111111000000011111110000000000111111110000000000000000000000000000000000000000000000000111111110000000000111
001111111111111111101111111111111111001111111111000000011111110000000000111111110000000000000000000000000000000000000000000000000111111110000000000111
011111111111111111111111111111111111111111111111000000011111111000000001111111110000000000000000000000000000000000000000000000001111111111000000001111
011111111111111111111111111111111111111111111111000000011111111000000001111111110000000000000000000000000000000000000000000000001111111111000000001111
011111111111111111111111111111111111111111111111100000111111111000000011111111110000000000000000000000000000000000000000000000001111111111000000001111
011111111111111111111111111111111111111111111111100000111111111000000011111111110000000000000000000000000000000000000000000000001111111111000000001111
111111111111111111111111111111111111111111111111100000111111111100000011111111100000000000000000000000000000000000000000000000011111111111100000011111
111111111111111111111111111111111111111111111111100000111111111100000011111111100000000000000000000000000000000000000000000000011111111111100000011111
111111111111111111111111111111111111111111111111100001111111111100000011111111100000000000000000000000000000000000000000000000011111111111100000011111
111111111111111111111111111111111111111111111111100001111111111100000011111111100000000000000000000000000000000000000000000000011111111111100000011111
111111111111111111111111111111111111111111111111110001111111111100000111111111100000000000000000000000000000000000000000000000111111111111110000111111
111111111111111111111111111111111111111111111111110001111111111100000111111111100000000000000000000000000000000000000000000000111111111111110000111111
111111111111111111111111111111111111111111111111111011111111111110000111111111000000000000000000000000000000000000000000000000111111111111110000111111
111111111111111111111111111111111111111111111111111011111111111110000111111111000000000000000000000000000000000000000000000000111111111111110000111111
111111111111111111111111111111111111111111111111111111111111111110001111111111000000000000000000000000000000000000000000000000111111111111111001111111
111111111111111111111111111111111111111111111111111111111111111110001111111111000000000000000000000000000000000000000000000000111111111111111001111111
111111111111111111111111111111111111111111111111111111111111111111001111111111000000000000000000000000000000000000000000000000111111111111111111111111
111111111111111111111111111111111111111111111111111111111111111111001111111111000000000000000000000000000000000000000000000000111111111111111111111111
111111111111111111111111111111111111111111111111111111111111111111111111111111000000000000000000000000000000000000000000000000111111111111111111111111
111111111111111111111111111111111111111111111111111111111111111111111111111111000000000000000000000000000000000000000000000000111111111111111111111111
111111111111111111111111111111111111111111111111111111111111111111111111111111000000000000000000000000000000000000000000000000111111111111111111111111
111111111111111111111111111111111111111111111111111111111111111111111111111111000000000000000000000000000000000000000000000000111111111111111111111111
111111111111111111111111111111111111111111111111111111111111111111111111111111000000000000000000000000000000000000000000000000111111111111111111111111
111111111111111111111111111111111111111111111111111111111111111111111111111111000000000000000000000000000000000000000000000000111111111111111111111111
111111111111111111111111111111111111111111111111111111111111111111111111111111111111111111111111111111111111111111111111111111111111111111111111111111
111111111111111111111111111111111111111111111111111111111111111111111111111111111111111111111111111111111111111111111111111111111111111111111111111111
