111111111111111111111111111111111111111111111111111111111111111111111111111111111111111111111111111111111111111111111111111111111111111111111111111111
111111111111111111111111111111111111111111111111111111111111111111111111111111111111111111111111111111111111111111111111111111111111111111111111111111
111111111111111111111111111111111111111111111111111111111111111111111111111111111111111111111111111111111111111111111111111111111111111111111111111111
111111111111111111111111111111111111111111111111111111111111111111111111111111111111111111111111111111111111111111111111111111111111111111111111111111
111111111111111111111111111111111111111111111111111111111111111111111111111111111111111111111111111111111111111111111111111111111111111111111111111111
111111111111111111111111111111111111111111111111111111111111111111111111111111111111111111111111111111111111111111111111111111111111111111111111111111
111111111111111111111111111111111111111111111111111111111111111111111111111111111111111111111111111111111111111111111111111111111111111111111111111111
111111111111111111111111111111111111111111111111111111111111111111111111111111111111111111111111111111111111111111111111111111111111111111111111111111
111111111111111111111111111111111111111111111111111111111111111111111111111111111111111111111111111111111111111111111111111111111111111111111111111111
111111111111111111111111111111111111111111111111111111111111111111111111111111111111111111111111111111111111111111111111111111111111111111111111111111
111111111111111111111111111111111111111111111111111111111111111111111111111111111111111111111111111111111111111111111111111111111111111111111111111111
111111111111111111111111111111111111111111111111111111111111111111111111111111111111111111111111111111111111111111111111111111111111111111111111111111
111111111111111111111111111111111111111111111111111111111111111000000000000000000000001111111111111111111111111111111111111111111111111111111111111111
111111111111111111111111111111111111111111111111111111111111111000000000000000000000001111111111111111111111111111111111111111111111111111111111111111
111111111111111111111111111111111111111111111111111111111111000000000000000000000000000011111111111111111111111111111111111111111111111111111111111111
111111111111111111111111111111111111111111111111111111111111000000000000000000000000000011111111111111111111111111111111111111111111111111111111111111
111111111111111111111111111111111111111111111111111111111110000000000000000000000000000001111111111111111111111111111111111111111111111111111111111111
111111111111111111111111111111111111111111111111111111111110000000000000000000000000000001111111111111111111111111111111111111111111111111111111111111
111111111111111111111111111111111111111111111111111111111110000000000000000000000000000000000000011111111111111111111111111111111111111111111111111111
111111111111111111111111111111111111111111111111111111111110000000000000000000000000000000000000011111111111111111111111111111111111111111111111111111
111111111111111111111111111111111111111111111111111111111100000000000000000000000000000000000000000111111111111111111111111111111111111111111111111111
111111111111111111111111111111111111111111111111111111111100000000000000000000000000000000000000000111111111111111111111111111111111111111111111111111
111111111111111111111111111111111111111111111111111111111100000000000000000000000000000000000000000011111111111111111111111111111111111111111111111111
111111111111111111111111111111111111111111111111111111111100000000000000000000000000000000000000000011111111111111111111111111111111111111111111111111
111111111111111111111111111111111111111111111111111111111100000000000000000000000000000000000000000001111111111111111111111111111111111111111111111111
111111111111111111111111111111111111111111111111111111111100000000000000000000000000000000000000000001111111111111111111111111111111111111111111111111
111111111111111111111111111111111111111111111111111111111110000000000000000000000000000000000000000001111111111111111111111111111111111111111111111111
111111111111111111111111111111111111111111111111111111111110000000000000000000000000000000000000000001111111111111111111111111111111111111111111111111
111111111111111111111111111111111111111111111111111111111100000000000000000000000000000000000000000000111111111111111111111111111111111111111111111111
111111111111111111111111111111111111111111111111111111111100000000000000000000000000000000000000000000111111111111111111111111111111111111111111111111
111111111111111111111111111111111111111111111111111111111000000000000000000000000000000000000000000011111111111111111111111111111111111111111111111111
111111111111111111111111111111111111111111111111111111111000000000000000000000000000000000000000000011111111111111111111111111111111111111111111111111
111111111111111111111111111111111111111111111111111111100000000000000000000000000000000000110000000111111111111111111111111111111111111111111111111111
111111111111111111111111111111111111111111111111111111100000000000000000000000000000000000110000000111111111111111111111111111111111111111111111111111
111111111111111111111111111111111111111111111111111110000000000000000000000000000000000000110000000111111111111111111111111111111111111111111111111111
111111111111111111111111111111111111111111111111111110000000000000000000000000000000000000110000000111111111111111111111111111111111111111111111111111
111111111111111111111111111111111111111111111111111111111111000000000000000000000000000001110000000011111111111111111111111111111111111111111111111111
111111111111111111111111111111111111111111111111111111111111000000000000000000000000000001110000000011111111111111111111111111111111111111111111111111
111111111111111111111111111111111111111111111111111111111100000000000000000000000000000000000000000011111111111111111111111111111111111111111111111111
111111111111111111111111111111111111111111111111111111111100000000000000000000000000000000000000000011111111111111111111111111111111111111111111111111
111111111111111111111111111111111111111111111111111111111111100000000000000000000000000101100000000011111111111111111111111111111111111111111111111111
111111111111111111111111111111111111111111111111111111111111100000000000000000000000000101100000000011111111111111111111111111111111111111111111111111
111111111111111111111111111111111111111111111111111111111111111000000000000000000000001111100000000001111111111111111111111111111111111111111111111111
111111111111111111111111111111111111111111111111111111111111111000000000000000000000001111100000000001111111111111111111111111111111111111111111111111
111111111111111111111111111111111111111111111111111111111111111000010000000000000100011111100000000001111111111111111111111111111111111111111111111111
111111111111111111111111111111111111111111111111111111111111111000010000000000000100011111100000000001111111111111111111111111111111111111111111111111
111111111111111111111111111111111111111111111111111111111111111100011100000000011001011111100000000001111111111111111111111111111111111111111111111111
111111111111111111111111111111111111111111111111111111111111111100011100000000011001011111100000000001111111111111111111111111111111111111111111111111
111111111111111111111111111111111111111111111111111111111111111111111100000000011001111111110000000011111111111111111111111111111000111111111111111111
111111111111111111111111111111111111111111111111111111111111111111111100000000011001111111110000000011111111111111111111111111111000111111111111111111
111111111111111111111111111111111111111111111111111111111111111111100000000000000001111111110000000111111111111111111111111110000000001111111111111111
111111111111111111111111111111111111111111111111111111111111111111100000000000000001111111110000000111111111111111111111111110000000001111111111111111
111111111111111000000011111111111111111111111111111111111111111000000000000000000000000111111100001111111111111111111111100000001111000011111111111111
111111111111111000000011111111111111111111111111111111111111111000000000000000000000000111111100001111111111111111111111100000001111000011111111111111
111111111111110000100000000111111111111111111111111111111111110000000000000000000000000001111111011111111111111111111000000001111111100000111111111111
111111111111110000100000000111111111111111111111111111111111110000000000000000000000000001111111011111111111111111111000000001111111100000111111111111
111111111111000011111110000000001111111111111111111111111111000000000000000000000000000000111111111111111111111111000000000011111111000000000111111111
111111111111000011111110000000001111111111111111111111111111000000000000000000000000000000111111111111111111111111000000000011111111000000000111111111
111111111100000011111111100001000001111111111111111111111110000000000000000000000000000000011111001111111111110000001000000001111100000010000000111111
111111111100000011111111100001000001111111111111111111111110000000000000000000000000000000011111001111111111110000001000000001111100000010000000111111
111111100000010000111111100000011100000011111111000000000000000000000000000000000000000000000000000000000000000001111000000001110000000011110000000011
111111100000010000111111100000011100000011111111000000000000000000000000000000000000000000000000000000000000000001111000000001110000000011110000000011
111100000011100000000111100000001111000000000000000000000000000000000000000000000000000000000111000001111110000001110000000011110000000111111110000000
111100000011100000000111100000001111000000000000000000000000000000000000000000000000000000000111000001111110000001110000000011110000000111111110000000
100000001111100000000111100000001111000000111111000001110000000000000000000000000000000000011100000000111100000001110000001111110000001111111000001110
100000001111100000000111100000001111000000111111000001110000000000000000000000000000000000011100000000111100000001110000001111110000001111111000001110
000000111111110000000011111000000111000000001111000000011000000000000000000000000000000000000000000001111000000001110000111111100000011111100000000111
000000111111110000000011111000000111000000001111000000011000000000000000000000000000000000000000000001111000000001110000111111100000011111100000000111
111100000111111000000011111100000111100000001111000000000000000000000000000000000000000000000000000011110000000011100001111111100000111111100000000111
111100000111111000000011111100000111100000001111000000000000000000000000000000000000000000000000000011110000000011100001111111100000111111100000000111
111000000001111111000011111111000011110000000111100000000000000000000000000000000000000000000000011111100000011111100111111111000011111111000000001111
111000000001111111000011111111000011110000000111100000000000000000000000000000000000000000000000011111100000011111100111111111000011111111000000001111
111000000001111111100001111111110011111100000011111000000000000000000000000000000000000000000011111111100001111111001111111111000111111111000000011111
111000000001111111100001111111110011111100000011111000000000000000000000000000000000000000000011111111100001111111001111111111000111111111000000011111
111100000000111111111001111111111101111111000011111110000000000000000000000000000000000000000111111111000111111111111111111111011111111111000001111111
111100000000111111111001111111111101111111000011111110000000000000000000000000000000000000000111111111000111111111111111111111011111111111000001111111
111111000000111111111110111111111111111111110001111111100000000000000000000000000000000000000111111110011111111111111111111111111111111110000011111111
111111000000111111111110111111111111111111110001111111100000000000000000000000000000000000000111111110011111111111111111111111111111111110000011111111
011111110000011111111111111111111111111111111101111111110000001000000000000000000000000000000011111111111111111111111111111111111111111110001111111111
011111110000011111111111111111111111111111111101111111110000001000000000000000000000000000000011111111111111111111111111111111111111111110001111111111
011111111100011111111111111111111111111111111111111111100000001000000000000000000000000000000011111111111111111111111111111111111111111110011111111111
011111111100011111111111111111111111111111111111111111100000001000000000000000000000000000000011111111111111111111111111111111111111111110011111111111
011111111111001111111111111111111111111111111111111100000000011100000000000000000000000000000011111111111111111111111111111111111111111111111111111110
011111111111001111111111111111111111111111111111111100000000011100000000000000000000000000000011111111111111111111111111111111111111111111111111111110
001111111111111111111111111111111111111111111111100000000000111100000000000000000000000100000001111111111111111111111111111111111111111111111111111110
001111111111111111111111111111111111111111111111100000000000111100000000000000000000000100000001111111111111111111111111111111111111111111111111111110
001111111111111111111111111111111111111111111110000000000011111000000000000000000000000010000000111111111111111111111111111111111111111111111111111111
001111111111111111111111111111111111111111111110000000000011111000000000000000000000000010000000111111111111111111111111111111111111111111111111111111
100111111111111111111111111111111111111111110000000000001111111000000000000000000000000010000000111111111111111111111111111111111111111111111111111111
100111111111111111111111111111111111111111110000000000001111111000000000000000000000000010000000111111111111111111111111111111111111111111111111111111
111111111111111111111111111111111000000011000000000011111111111000000000000000000000000011000000011111111111111111111111111111111111111111111111111111
111111111111111111111111111111111000000011000000000011111111111000000000000000000000000011000000011111111111111111111111111111111111111111111111111111
111111111111111111111111111111110100000000000000011111111111110000000000000000000000000001000000001111111111111111111111111111111111111111111111111111
111111111111111111111111111111110100000000000000011111111111110000000000000000000000000001000000001111111111111111111111111111111111111111111111111111
111111111111111111111111111111110000000000000011111111111111100000000000000000000000000000100000001111111111111111111111111111111111111111111111111111
111111111111111111111111111111110000000000000011111111111111100000000000000000000000000000100000001111111111111111111111111111111111111111111111111111
111111111111111111111100000000000000000000111111111111111111100000000000000000000000000000010000001111111111111111111111111111111111111111111111111111
111111111111111111111100000000000000000000111111111111111111100000000000000000000000000000010000001111111111111111111111111111111111111111111111111111
111111111111111111111111100000000000111111111111111111111111000000000000000000000000000000010000000111111111111111111111111111111111111111111111111111
111111111111111111111111100000000000111111111111111111111111000000000000000000000000000000010000000111111111111111111111111111111111111111111111111111
111111111111111111111111111111111111111111111111111111111110000000000000000000000000000000001100000111111111111111111111111111111111111111111111111111
111111111111111111111111111111111111111111111111111111111110000000000000000000000000000000001100000111111111111111111111111111111111111111111111111111
111111111111111111111111111111111111111111111111111111111110000000000000000000000000000000000100000011111111111111111111111111111111111111111111111111
111111111111111111111111111111111111111111111111111111111110000000000000000000000000000000000100000011111111111111111111111111111111111111111111111111
111111111111111111111111111111111111111111111111111111111100000000000000000000000000000000000110000011111111111111111111111111111111111111111111111111
111111111111111111111111111111111111111111111111111111111100000000000000000000000000000000000110000011111111111111111111111111111111111111111111111111
111111111111111111111111111111111111111111111111111111111100000000000000000000000000000000000010000011111111111111111111111111111111111111111111111111
111111111111111111111111111111111111111111111111111111111100000000000000000000000000000000000010000011111111111111111111111111111111111111111111111111
111111111111111111111111111111111111111111111111111111111000000000000000000000000000000000000010000001111111111111111111111111111111111111111111111111
111111111111111111111111111111111111111111111111111111111000000000000000000000000000000000000010000001111111111111111111111111111111111111111111111111
111111111111111111111111111111111111111111111111111111110000000000000000000000000000000000000000000001111111111111111111111111111111111111111111111111
111111111111111111111111111111111111111111111111111111110000000000000000000000000000000000000000000001111111111111111111111111111111111111111111111111
111111111111111111111111111111111111111111111111111111110000000000000000000000000000000000000000000000111111111111111111111111111111111111111111111111
111111111111111111111111111111111111111111111111111111110000000000000000000000000000000000000000000000111111111111111111111111111111111111111111111111
111111111111111111111111111111111111111111111111111111111111111111111111111111111111111111111111111111111111111111111111111111111111111111111111111111
111111111111111111111111111111111111111111111111111111111111111111111111111111111111111111111111111111111111111111111111111111111111111111111111111111
