111111111111111111111111111111111111111111111111111111111111111111111111111111111111111111111111111111111111111111111111111111111111111111111111111111
111111111111111111111111111111111111111111111111111111111111111111111111111111111111111111111111111111111111111111111111111111111111111111111111111111
111111111111111111111111111111111111111111111111111111111111111111111111111111111111111111111111111111111111111111111111111111111111111111111111111111
111111111111111111111111111111111111111111111111111111111111111111111111111111111111111111111111111111111111111111111111111111111111111111111111111111
111111111111111111111111111111111111111111111111111111111111111111111111111111111111111111111111111111111111111111111111111111111111111111111111111111
111111111111111111111111111111111111111111111111111111111111111111111111111111111111111111111111111111111111111111111111111111111111111111111111111111
111111111111111111111111111111111111111111111111111111111111111111111111111111111111111111111111111111111111111111111111111111111111111111111111111111
111111111111111111111111111111111111111111111111111111111111111111111111111111111111111111111111111111111111111111111111111111111111111111111111111111
111111111111111111111111111111111111111111111111111111111111111111111111111111111111111111111111111111111111111111111111111111111111111111111111111111
111111111111111111111111111111111111111111111111111111111111111111111111111111111111111111111111111111111111111111111111111111111111111111111111111111
111111111111111111111111111111111111111111111111111111111111111111111111111111111111111111111111111111111111111111111111111111111111111111111111111111
111111111111111111111111111111111111111111111111111111111111111111111111111111111111111111111111111111111111111111111111111111111111111111111111111111
111111111111111111111111111111111111111111111111111111111111111000000000000000000000001111111111111111111111111111111111111111111111111111111111111111
111111111111111111111111111111111111111111111111111111111111111000000000000000000000001111111111111111111111111111111111111111111111111111111111111111
111111111111111111111111111111111111111111111111111111111111100000000000000000000000000001111111111111111111111111111111111111111111111111111111111111
111111111111111111111111111111111111111111111111111111111111100000000000000000000000000001111111111111111111111111111111111111111111111111111111111111
111111111111111111111111111111111111111111111111111111111111000000000000000000000000000000110011111111111111111111111111111111111111111111111111111111
111111111111111111111111111111111111111111111111111111111111000000000000000000000000000000110011111111111111111111111111111111111111111111111111111111
111111111111111111111111111111111111111111111111111111111110000000000000000000000000000000000000001111111111111111111111111111111111111111111111111111
111111111111111111111111111111111111111111111111111111111110000000000000000000000000000000000000001111111111111111111111111111111111111111111111111111
111111111111111111111111111111111111111111111111111111111110000000000000000000000000000000000000000111111111111111111111111111111111111111111111111111
111111111111111111111111111111111111111111111111111111111110000000000000000000000000000000000000000111111111111111111111111111111111111111111111111111
111111111111111111111111111111111111111111111111111111111100000000000000000000000000000000000000000011111111111111111111111111111111111111111111111111
111111111111111111111111111111111111111111111111111111111100000000000000000000000000000000000000000011111111111111111111111111111111111111111111111111
111111111111111111111111111111111111111111111111111111111100000000000000000000000000000000000000000001111111111111111111111111111111111111111111111111
111111111111111111111111111111111111111111111111111111111100000000000000000000000000000000000000000001111111111111111111111111111111111111111111111111
111111111111111111111111111111111111111111111111111111111110000000000000000000000000000000000000000000111111111111111111111111111111111111111111111111
111111111111111111111111111111111111111111111111111111111110000000000000000000000000000000000000000000111111111111111111111111111111111111111111111111
111111111111111111111111111111111111111111111111111111111110000000000000000000000000000000000000000000111111111111111111111111111111111111111111111111
111111111111111111111111111111111111111111111111111111111110000000000000000000000000000000000000000000111111111111111111111111111111111111111111111111
111111111111111111111111111111111111111111111111111111111000000000000000000000000000000000000000000011111111111111111111111111111111111111111111111111
111111111111111111111111111111111111111111111111111111111000000000000000000000000000000000000000000011111111111111111111111111111111111111111111111111
111111111111111111111111111111111111111111111111111111100000000000000000000000000000000000010000000111111111111111111111111111111111111111111111111111
111111111111111111111111111111111111111111111111111111100000000000000000000000000000000000010000000111111111111111111111111111111111111111111111111111
111111111111111111111111111111111111111111111111111111000000000000000000000000000000000000110000000011111111111111111111111111111111111111111111111111
111111111111111111111111111111111111111111111111111111000000000000000000000000000000000000110000000011111111111111111111111111111111111111111111111111
111111111111111111111111111111111111111111111111111111111111000000000000000000000000000000110000000011111111111111111111111111111111111111111111111111
111111111111111111111111111111111111111111111111111111111111000000000000000000000000000000110000000011111111111111111111111111111111111111111111111111
111111111111111111111111111111111111111111111111111111111110000000000000000000000000000000100000000001111111111111111111111111111111111111111111111111
111111111111111111111111111111111111111111111111111111111110000000000000000000000000000000100000000001111111111111111111111111111111111111111111111111
111111111111111111111111111111111111111111111111111111111111110000000000000000000000001110100000000001111111111111111111111111111111111111111111111111
111111111111111111111111111111111111111111111111111111111111110000000000000000000000001110100000000001111111111111111111111111111111111111111111111111
111111111111111111111111111111111111111111111111111111111111111000000000000000000000001111100000000001111111111111111111111111111111111111111111111111
111111111111111111111111111111111111111111111111111111111111111000000000000000000000001111100000000001111111111111111111111111111111111111111111111111
111111111111111111111111111111111111111111111111111111111111111000010000000000000100011111110000000000111111111111111111111111111111111111111111111111
111111111111111111111111111111111111111111111111111111111111111000010000000000000100011111110000000000111111111111111111111111111111111111111111111111
111111111111111111111111111111111111111111111111111111111111111100111100000000011001011111110100000001111111111111111111111111111111111111111111111111
111111111111111111111111111111111111111111111111111111111111111100111100000000011001011111110100000001111111111111111111111111111111111111111111111111
111111111111111111111111111111111111111111111111111111111111111111111100000000011011111111111000000001111111111111111111111111111000111111111111111111
111111111111111111111111111111111111111111111111111111111111111111111100000000011011111111111000000001111111111111111111111111111000111111111111111111
111111111111111111111111111111111111111111111111111111111111111111100000000000000001111111111000000011111111111111111111111111000000001111111111111111
111111111111111111111111111111111111111111111111111111111111111111100000000000000001111111111000000011111111111111111111111111000000001111111111111111
111111111111111000000001111111111111111111111111111111111111111100000000000000000000000111111110001111111111111111111111100000000111000011111111111111
111111111111111000000001111111111111111111111111111111111111111100000000000000000000000111111110001111111111111111111111100000000111000011111111111111
111111111111110000100000000111111111111111111111111111111111110000000000000000000000000001111111001111111111111111111100000001111111100000111111111111
111111111111110000100000000111111111111111111111111111111111110000000000000000000000000001111111001111111111111111111100000001111111100000111111111111
111111111111000011111111000000001111111111111111111111111111000000000000000000000000000000111111111111111111111111000001000001111111100000000111111111
111111111111000011111111000000001111111111111111111111111111000000000000000000000000000000111111111111111111111111000001000001111111100000000111111111
111111111100000011111111100001000000111111111111111111111110000000000000000000000000000000011111001111111111111000001110000000111110000000000000111111
111111111100000011111111100001000000111111111111111111111110000000000000000000000000000000011111001111111111111000001110000000111110000000000000111111
111111100000010000111111000000011100000001111110000000000000000000000000000000000000000000000000000000000000000001111110000000111100000000110000000011
111111100000010000111111000000011100000001111110000000000000000000000000000000000000000000000000000000000000000001111110000000111100000000110000000011
111100000011100000001110000000011111000000000000000000000000000000000000000000000000000000000111000000111111000000111110000001111100000000111110000000
111100000011100000001110000000011111000000000000000000000000000000000000000000000000000000000111000000111111000000111110000001111100000000111110000000
100000001111100000001111100000011111000000111111000000110000000000000000000000000000000000011100000000111110000000111110000001111100000001111100000110
100000001111100000001111100000011111000000111111000000110000000000000000000000000000000000011100000000111110000000111110000001111100000001111100000110
000000111111110000001111110000011111000000011111000000001000000000000000000000000000000000000000000001111110000000111110000011111110000011111100000001
000000111111110000001111110000011111000000011111000000001000000000000000000000000000000000000000000001111110000000111110000011111110000011111100000001
111000000111111000001111111000011111000000001111100000000000000000000000000000000000000000000000000011111100000001111110000111111110000011111000000001
111000000111111000001111111000011111000000001111100000000000000000000000000000000000000000000000000011111100000001111110000111111110000011111000000001
110000000011111100001111111110011111110000001111110000000000000000000000000000000000000000000000001111111100000011111110001111111111000111111100000001
110000000011111100001111111110011111110000001111110000000000000000000000000000000000000000000000001111111100000011111110001111111111000111111100000001
110000000011111111001111111111011111111000001111111100000000000000000000000000000000000000000000111111111100000111111111011111111111001111111100000011
110000000011111111001111111111011111111000001111111100000000000000000000000000000000000000000000111111111100000111111111011111111111001111111100000011
111100000011111111101111111111111111111110001111111111100000000000000000000000000000000000000111111111111100011111111111111111111111101111111110000011
111100000011111111101111111111111111111110001111111111100000000000000000000000000000000000000111111111111100011111111111111111111111101111111110000011
111110000011111111111111111111111111111111100111111111110000000000000000000000000000000000000111111111111000111111111111111111111111111111111110000111
111110000011111111111111111111111111111111100111111111110000000000000000000000000000000000000111111111111000111111111111111111111111111111111110000111
111111100011111111111111111111111111111111111111111111110000000000000000000000000000000000000011111111111111111111111111111111111111111111111111000111
111111100011111111111111111111111111111111111111111111110000000000000000000000000000000000000011111111111111111111111111111111111111111111111111000111
111111111001111111111111111111111111111111111111111111100000000100000000000000000000000000000011111111111111111111111111111111111111111111111111100111
111111111001111111111111111111111111111111111111111111100000000100000000000000000000000000000011111111111111111111111111111111111111111111111111100111
111111111111111111111111111111111111111111111111111100000000001100000000000000000000000100000001111111111111111111111111111111111111111111111111111111
111111111111111111111111111111111111111111111111111100000000001100000000000000000000000100000001111111111111111111111111111111111111111111111111111111
111111111111111111111111111111111111111111111111100000000000111100000000000000000000000000000001111111111111111111111111111111111111111111111111111111
111111111111111111111111111111111111111111111111100000000000111100000000000000000000000000000001111111111111111111111111111111111111111111111111111111
111111111111111111111111111111111111111111111110000000000011111000000000000000000000000010000000111111111111111111111111111111111111111111111111111111
111111111111111111111111111111111111111111111110000000000011111000000000000000000000000010000000111111111111111111111111111111111111111111111111111111
111111111111111111111111111111111111111111111000000000001111111000000000000000000000000010000000111111111111111111111111111111111111111111111111111111
111111111111111111111111111111111111111111111000000000001111111000000000000000000000000010000000111111111111111111111111111111111111111111111111111111
111111111111111111111111111111111111001111000000000011111111111100000000000000000000000011000000011111111111111111111111111111111111111111111111111111
111111111111111111111111111111111111001111000000000011111111111100000000000000000000000011000000011111111111111111111111111111111111111111111111111111
111111111111111111111111111111100000000000000000011111111111110000000000000000000000000001000000001111111111111111111111111111111111111111111111111111
111111111111111111111111111111100000000000000000011111111111110000000000000000000000000001000000001111111111111111111111111111111111111111111111111111
111111111111111111111111111111111000000000000011111111111111100000000000000000000000000000100000001111111111111111111111111111111111111111111111111111
111111111111111111111111111111111000000000000011111111111111100000000000000000000000000000100000001111111111111111111111111111111111111111111111111111
111111111111111111111000000000000000000000111111111111111111100000000000000000000000000000010000000111111111111111111111111111111111111111111111111111
111111111111111111111000000000000000000000111111111111111111100000000000000000000000000000010000000111111111111111111111111111111111111111111111111111
111111111111111111111111000000000000011111111111111111111111000000000000000000000000000000000000000111111111111111111111111111111111111111111111111111
111111111111111111111111000000000000011111111111111111111111000000000000000000000000000000000000000111111111111111111111111111111111111111111111111111
111111111111111111111111111111111111111111111111111111111110000000000000000000000000000000001100000111111111111111111111111111111111111111111111111111
111111111111111111111111111111111111111111111111111111111110000000000000000000000000000000001100000111111111111111111111111111111111111111111111111111
111111111111111111111111111111111111111111111111111111111110000000000000000000000000000000000100000011111111111111111111111111111111111111111111111111
111111111111111111111111111111111111111111111111111111111110000000000000000000000000000000000100000011111111111111111111111111111111111111111111111111
111111111111111111111111111111111111111111111111111111111100000000000000000000000000000000000110000011111111111111111111111111111111111111111111111111
111111111111111111111111111111111111111111111111111111111100000000000000000000000000000000000110000011111111111111111111111111111111111111111111111111
111111111111111111111111111111111111111111111111111111111100000000000000000000000000000000000010000011111111111111111111111111111111111111111111111111
111111111111111111111111111111111111111111111111111111111100000000000000000000000000000000000010000011111111111111111111111111111111111111111111111111
111111111111111111111111111111111111111111111111111111111000000000000000000000000000000000000000000001111111111111111111111111111111111111111111111111
111111111111111111111111111111111111111111111111111111111000000000000000000000000000000000000000000001111111111111111111111111111111111111111111111111
111111111111111111111111111111111111111111111111111111110000000000000000000000000000000000000000000001111111111111111111111111111111111111111111111111
111111111111111111111111111111111111111111111111111111110000000000000000000000000000000000000000000001111111111111111111111111111111111111111111111111
111111111111111111111111111111111111111111111111111111110000000000000000000000000000000000000000000000111111111111111111111111111111111111111111111111
111111111111111111111111111111111111111111111111111111110000000000000000000000000000000000000000000000111111111111111111111111111111111111111111111111
111111111111111111111111111111111111111111111111111111111111111111111111111111111111111111111111111111111111111111111111111111111111111111111111111111
111111111111111111111111111111111111111111111111111111111111111111111111111111111111111111111111111111111111111111111111111111111111111111111111111111
