111111111111111111111111111111111111111111111111111111111111111111111111111111111111111111111111111111111111111111111111111111111111111111111111111111
111111111111111111111111111111111111111111111111111111111111111111111111111111111111111111111111111111111111111111111111111111111111111111111111111111
111111111111111111111111111111111111111111111111111111111111111111111111111111111111111111111111111111111111111111111111111111111111111111111111111111
111111111111111111111111111111111111111111111111111111111111111111111111111111111111111111111111111111111111111111111111111111111111111111111111111111
111111111111111111111111111111111111111111111111111111111111111111111111111111111111111111111111111111111111111111111111111111111111111111111111111111
111111111111111111111111111111111111111111111111111111111111111111111111111111111111111111111111111111111111111111111111111111111111111111111111111111
111111111111111111111111111111111111111111111111111111111111111111111111111111111111111111111111111111111111111111111111111111111111111111111111111111
111111111111111111111111111111111111111111111111111111111111111111111111111111111111111111111111111111111111111111111111111111111111111111111111111111
111111111111111111111111111111111111111111111111111111111111111111111111111111111111111111111111111111111111111111111111111111111111111111111111111111
111111111111111111111111111111111111111111111111111111111111111111111111111111111111111111111111111111111111111111111111111111111111111111111111111111
111111111111111111111111111111111111111111111111111111111111111100000000000000000000000001111111111111111111111111111111111111111111111111111111111111
111111111111111111111111111111111111111111111111111111111111111100000000000000000000000001111111111111111111111111111111111111111111111111111111111111
111111111111111111111111111111111111111111111111111111111111110000000000000000000000000000011111111111111111111111111111111111111111111111111111111111
111111111111111111111111111111111111111111111111111111111111110000000000000000000000000000011111111111111111111111111111111111111111111111111111111111
111111111111111111111111111111111111111111111111111111111111100000000000000000000000000000001111111111111111111111111111111111111111111111111111111111
111111111111111111111111111111111111111111111111111111111111100000000000000000000000000000001111111111111111111111111111111111111111111111111111111111
111111111111111111111111111111111111111111111111111111111111000000000000000000000000000000000100000111111111111111111111111111111111111111111111111111
111111111111111111111111111111111111111111111111111111111111000000000000000000000000000000000100000111111111111111111111111111111111111111111111111111
111111111111111111111111111111111111111111111111111111111111000000000000000000000000000000000000000000111111111111111111111111111111111111111111111111
111111111111111111111111111111111111111111111111111111111111000000000000000000000000000000000000000000111111111111111111111111111111111111111111111111
111111111111111111111111111111111111111111111111111111111110000000000000000000000000000000000000000000011111111111111111111111111111111111111111111111
111111111111111111111111111111111111111111111111111111111110000000000000000000000000000000000000000000011111111111111111111111111111111111111111111111
111111111111111111111111111111111111111111111111111111111110000000000000000000000000000000000000000000001111111111111111111111111111111111111111111111
111111111111111111111111111111111111111111111111111111111110000000000000000000000000000000000000000000001111111111111111111111111111111111111111111111
111111111111111111111111111111111111111111111111111111111111000000000000000000000000000000000000000000001111111111111111111111111111111111111111111111
111111111111111111111111111111111111111111111111111111111111000000000000000000000000000000000000000000001111111111111111111111111111111111111111111111
111111111111111111111111111111111111111111111111111111111111000000000000000000000000000000000000000000001111111111111111111111111111111111111111111111
111111111111111111111111111111111111111111111111111111111111000000000000000000000000000000000000000000001111111111111111111111111111111111111111111111
111111111111111111111111111111111111111111111111111111111110000000000000000000000000000000000000000000000111111111111111111111111111111111111111111111
111111111111111111111111111111111111111111111111111111111110000000000000000000000000000000000000000000000111111111111111111111111111111111111111111111
111111111111111111111111111111111111111111111111111111111000000000000000000000000000000000000010000000011111111111111111111111111111111111111111111111
111111111111111111111111111111111111111111111111111111111000000000000000000000000000000000000010000000011111111111111111111111111111111111111111111111
111111111111111111111111111111111111111111111111111111000000000000000000000000000000000000000110000000011111111111111111111111111111111111111111111111
111111111111111111111111111111111111111111111111111111000000000000000000000000000000000000000110000000011111111111111111111111111111111111111111111111
111111111111111111111111111111111111111111111111111111111000100000000000000000000000000000001110000000011111111111111111111111111111111111111111111111
111111111111111111111111111111111111111111111111111111111000100000000000000000000000000000001110000000011111111111111111111111111111111111111111111111
111111111111111111111111111111111111111111111111111111111111100000000000000000000000000000001110000000001111111111111111111111111111111111111111111111
111111111111111111111111111111111111111111111111111111111111100000000000000000000000000000001110000000001111111111111111111111111111111111111111111111
111111111111111111111111111111111111111111111111111111111110000000000000000000000000000000000110000000001111111111111111111111111111111111111111111111
111111111111111111111111111111111111111111111111111111111110000000000000000000000000000000000110000000001111111111111111111111111111111111111111111111
111111111111111111111111111111111111111111111111111111111111101000000000000000000000000000101110000000000111111111111111111111111111111111111111111111
111111111111111111111111111111111111111111111111111111111111101000000000000000000000000000101110000000000111111111111111111111111111111111111111111111
111111111111111111111111111111111111111111111111111111111111111110000000000000000000000011111111000000000111111111111111111111111111111111111111111111
111111111111111111111111111111111111111111111111111111111111111110000000000000000000000011111111000000000111111111111111111111111111111111111111111111
111111111111111111111111111111111111111111111111111111111111111110100100000000000001100011111110000000000111111111111111111111111111111111111111111111
111111111111111111111111111111111111111111111111111111111111111110100100000000000001100011111110000000000111111111111111111111111111111111111111111111
111111111111111111111111111111111111111111111111111111111111111110100111000000000011111111111111000000001111111111111111111111111111111111111111111111
111111111111111111111111111111111111111111111111111111111111111110100111000000000011111111111111000000001111111111111111111111111111111111111111111111
111111111111111000011111111111111111111111111111111111111111111111111111000000000111001111111111000000001111111111111111111111111111111111111111111111
111111111111111000011111111111111111111111111111111111111111111111111111000000000111001111111111000000001111111111111111111111111111111111111111111111
111111111111110000000001111111111111111111111111111111111111111111111000000000000001111111111111100000111111111111111111111111111111111111111111111111
111111111111110000000001111111111111111111111111111111111111111111111000000000000001111111111111100000111111111111111111111111111111111111111111111111
111111111110000011100000000111111111111111111111111111111111111110000000000000000000000111111111100000111111111111111111111111111111110011111111111111
111111111110000011100000000111111111111111111111111111111111111110000000000000000000000111111111100000111111111111111111111111111111110011111111111111
111111111000001111111110000000011111111111111111111111111111111000000000000000000000000001111111111101111111111111111111111111111000000000111111111111
111111111000001111111110000000011111111111111111111111111111111000000000000000000000000001111111111101111111111111111111111111111000000000111111111111
111111000000000111111110000010000011111111111111111111111111100000000000000000000000000000011111111111111111111111111111111100000000011100001111111111
111111000000000111111110000010000011111111111111111111111111100000000000000000000000000000011111111111111111111111111111111100000000011100001111111111
111100000011000001111110000001110000001111111111111111111111000000000000000000000000000000001111111111111111111111111111000000000111111110000011111111
111100000011000001111110000001110000001111111111111111111111000000000000000000000000000000001111111111111111111111111111000000000111111110000011111111
000000001110000000111100000000111110000000000000000000000000000000000000000000000000000000000011111011111111111111110000011100000111111110000000111111
000000001110000000111100000000111110000000000000000000000000000000000000000000000000000000000011111011111111111111110000011100000111111110000000111111
000011111100000000111100000000111111000111111111000111000000000000000000000000000000000000000000000000000000000000000011110000000111110000011000000111
000011111100000000111100000000111111000111111111000111000000000000000000000000000000000000000000000000000000000000000011110000000111110000011000000111
100011111110000000111110000000111110000011111110000011110000000000000000000000000000000000000000111110000111100000001111110000000111100000001110000000
100011111110000000111110000000111110000011111110000011110000000000000000000000000000000000000000111110000111100000001111110000000111100000001110000000
000000111111000000111111000000111100000000111100000011111000000000000000000000000000000000000000111100000011111000000111110000000111000000001111100000
000000111111000000111111000000111100000000111100000011111000000000000000000000000000000000000000111100000011111000000111110000000111000000001111100000
000000011111100000111111100000111100000000111000000001110000000000000000000000000000000000000001111000000011110000000111110000001111000000011111111000
000000011111100000111111100000111100000000111000000001110000000000000000000000000000000000000001111000000011110000000111110000001111000000011111111000
000000011111110000111111110000111110000001111000000011111000000000000000000000000000000000000000111000000001110000000011110000111111000000111111100000
000000011111110000111111110000111110000001111000000011111000000000000000000000000000000000000000111000000001110000000011110000111111000000111111100000
000000011111111000111111110001111110000001111100000011111000000000000000000000000000000000000011111100000011110000000111110001111111000001111110000000
000000011111111000111111110001111110000001111100000011111000000000000000000000000000000000000011111100000011110000000111110001111111000001111110000000
100000011111111000111111111001111111000001111100000111110000000000000000000000000000000000000001111100000011110000001111110011111111000111111100000000
100000011111111000111111111001111111000001111100000111110000000000000000000000000000000000000001111100000011110000001111110011111111000111111100000000
110000011111111110111111111111111111000011111100000111110000000000000000000000000000000000000001111110000011111000011111110111111111001111111100000000
110000011111111110111111111111111111000011111100000111110000000000000000000000000000000000000001111110000011111000011111110111111111001111111100000000
111000011111111111111111111111111111100011111100001111100000000000000000000000000000000000000000111111000111111000111111111111111111011111111100000011
111000011111111111111111111111111111100011111100001111100000000000000000000000000000000000000000111111000111111000111111111111111111011111111100000011
111100011111111111111111111111111111110011111110011111100000000000000000000000000000000000000000111111001111111001111111111111111111111111111000001111
111100011111111111111111111111111111110011111110011111100000000000000000000000000000000000000000111111001111111001111111111111111111111111111000001111
111110111111111111111111111111111111111011111110011110000000011000000000000000000000000010000000001111101111111011111111111111111111111111111000111111
111110111111111111111111111111111111111011111110011110000000011000000000000000000000000010000000001111101111111011111111111111111111111111111000111111
111110111111111111111111111111111111111111111111111000000000011000000000000000000000000011000000000011111111111111111111111111111111111111111001111111
111110111111111111111111111111111111111111111111111000000000011000000000000000000000000011000000000011111111111111111111111111111111111111111001111111
111111111111111111111111111111111111111111111111000000000001111000000000000000000000000011100000000000011111111111111111111111111111111111111111111111
111111111111111111111111111111111111111111111111000000000001111000000000000000000000000011100000000000011111111111111111111111111111111111111111111111
111111111111111111111111111111111111111111111100000000000111111000000000000000000000000001111000000000000011111111111111111111111111111111111111111111
111111111111111111111111111111111111111111111100000000000111111000000000000000000000000001111000000000000011111111111111111111111111111111111111111111
111111111111111111111111111111111111111111100000000000011111110000000000000000000000000001111111000000000000011111111111111111111111111111111111111111
111111111111111111111111111111111111111111100000000000011111110000000000000000000000000001111111000000000000011111111111111111111111111111111111111111
111111111111111111111111111111111000111100000000000111111111110000000000000000000000000001111111111100000000000000000001111111111111111111111111111111
111111111111111111111111111111111000111100000000000111111111110000000000000000000000000001111111111100000000000000000001111111111111111111111111111111
111111111111111111111111111110000000000000000000111111111111110000000000000000000000000001111111111111100000000000000100111111111111111111111111111111
111111111111111111111111111110000000000000000000111111111111110000000000000000000000000001111111111111100000000000000100111111111111111111111111111111
111111111111111111111111111111100000000000000111111111111111100000000000000000000000000000111111111111111110000000000001111111111111111111111111111111
111111111111111111111111111111100000000000000111111111111111100000000000000000000000000000111111111111111110000000000001111111111111111111111111111111
111111111111111111111111111000000000000000111111111111111111000000000000000000000000000000011111111111111111111100000000001111111111111111111111111111
111111111111111111111111111000000000000000111111111111111111000000000000000000000000000000011111111111111111111100000000001111111111111111111111111111
111111111111111111110000000000000000111111111111111111111110000000000000000000000000000000001111111111111111111111110000000000000011111111111111111111
111111111111111111110000000000000000111111111111111111111110000000000000000000000000000000001111111111111111111111110000000000000011111111111111111111
111111111111111111111111100000001111111111111111111111111110000000000000000000000000000000001111111111111111111111111110000000000111111111111111111111
111111111111111111111111100000001111111111111111111111111110000000000000000000000000000000001111111111111111111111111110000000000111111111111111111111
111111111111111111111111111111111111111111111111111111111100000000000000000000000000000000000111111111111111111111111111111111111111111111111111111111
111111111111111111111111111111111111111111111111111111111100000000000000000000000000000000000111111111111111111111111111111111111111111111111111111111
111111111111111111111111111111111111111111111111111111111000000000000000000000000000000000000011111111111111111111111111111111111111111111111111111111
111111111111111111111111111111111111111111111111111111111000000000000000000000000000000000000011111111111111111111111111111111111111111111111111111111
111111111111111111111111111111111111111111111111111111111000000000000000000000000000000000000011111111111111111111111111111111111111111111111111111111
111111111111111111111111111111111111111111111111111111111000000000000000000000000000000000000011111111111111111111111111111111111111111111111111111111
111111111111111111111111111111111111111111111111111111111000000000000000000000000000000000000001111111111111111111111111111111111111111111111111111111
111111111111111111111111111111111111111111111111111111111000000000000000000000000000000000000001111111111111111111111111111111111111111111111111111111
111111111111111111111111111111111111111111111111111111110000000000000000000000000000000000000001111111111111111111111111111111111111111111111111111111
111111111111111111111111111111111111111111111111111111110000000000000000000000000000000000000001111111111111111111111111111111111111111111111111111111
111111111111111111111111111111111111111111111111111111111111111111111111111111111111111111111111111111111111111111111111111111111111111111111111111111
111111111111111111111111111111111111111111111111111111111111111111111111111111111111111111111111111111111111111111111111111111111111111111111111111111
