111111111111111111111111111111111111111111111111111111111111111111111111111111111111111111111111111111111111111111111111111111111111111111111111111111
111111111111111111111111111111111111111111111111111111111111111111111111111111111111111111111111111111111111111111111111111111111111111111111111111111
111111111111111111111111111111111111111111111111111111111111111111111111111111111111111111111111111111111111111111111111111111111111111111111111111111
111111111111111111111111111111111111111111111111111111111111111111111111111111111111111111111111111111111111111111111111111111111111111111111111111111
111111111111111111111111111111111111111111111111111111111111111111111111111111111111111111111111111111111111111111111111111111111111111111111111111111
111111111111111111111111111111111111111111111111111111111111111111111111111111111111111111111111111111111111111111111111111111111111111111111111111111
111111111111111111111111111111111111111111111111111111111111111111111111111111111111111111111111111111111111111111111111111111111111111111111111111111
111111111111111111111111111111111111111111111111111111111111111111111111111111111111111111111111111111111111111111111111111111111111111111111111111111
111111111111111111111111111111111111111111111111111111111111111111000000000000000000001111111111111111111111111111111111111111111111111111111111111111
111111111111111111111111111111111111111111111111111111111111111111000000000000000000001111111111111111111111111111111111111111111111111111111111111111
111111111111111111111111111111111111111111111111111111111111110000000000000000000000000000111111111111111111111111111111111111111111111111111111111111
111111111111111111111111111111111111111111111111111111111111110000000000000000000000000000111111111111111111111111111111111111111111111111111111111111
111111111111111111111111111111111111111111111111111111111111000000000000000000000000000000011111111111111111111111111111111111111111111111111111111111
111111111111111111111111111111111111111111111111111111111111000000000000000000000000000000011111111111111111111111111111111111111111111111111111111111
111111111111111111111111111111111111111111111111111111111110000000000000000000000000000000001100001111111111111111111111111111111111111111111111111111
111111111111111111111111111111111111111111111111111111111110000000000000000000000000000000001100001111111111111111111111111111111111111111111111111111
111111111111111111111111111111111111111111111111111111111110000000000000000000000000000000000000000011111111111111111111111111111111111111111111111111
111111111111111111111111111111111111111111111111111111111110000000000000000000000000000000000000000011111111111111111111111111111111111111111111111111
111111111111111111111111111111111111111111111111111111111100000000000000000000000000000000000000000000011111111111111111111111111111111111111111111111
111111111111111111111111111111111111111111111111111111111100000000000000000000000000000000000000000000011111111111111111111111111111111111111111111111
111111111111111111111111111111111111111111111111111111111100000000000000000000000000000000000000000000001111111111111111111111111111111111111111111111
111111111111111111111111111111111111111111111111111111111100000000000000000000000000000000000000000000001111111111111111111111111111111111111111111111
111111111111111111111111111111111111111111111111111111111100000000000000000000000000000000000000000000001111111111111111111111111111111111111111111111
111111111111111111111111111111111111111111111111111111111100000000000000000000000000000000000000000000001111111111111111111111111111111111111111111111
111111111111111111111111111111111111111111111111111111111110000000000000000000000000000000000000000000000111111111111111111111111111111111111111111111
111111111111111111111111111111111111111111111111111111111110000000000000000000000000000000000000000000000111111111111111111111111111111111111111111111
111111111111111111111111111111111111111111111111111111111110000000000000000000000000000000000000000000000111111111111111111111111111111111111111111111
111111111111111111111111111111111111111111111111111111111110000000000000000000000000000000000000000000000111111111111111111111111111111111111111111111
111111111111111111111111111111111111111111111111111111111000000000000000000000000000000000000000000000000011111111111111111111111111111111111111111111
111111111111111111111111111111111111111111111111111111111000000000000000000000000000000000000000000000000011111111111111111111111111111111111111111111
111111111111111111111111111111111111111111111111111111110000000000000000000000000000000000000000000000011111111111111111111111111111111111111111111111
111111111111111111111111111111111111111111111111111111110000000000000000000000000000000000000000000000011111111111111111111111111111111111111111111111
111111111111111111111111111111111111111111111111111110000000000000000000000000000000000000000110000000011111111111111111111111111111111111111111111111
111111111111111111111111111111111111111111111111111110000000000000000000000000000000000000000110000000011111111111111111111111111111111111111111111111
111111111111111111111111111111111111111111111111111111010000000000000000000000000000000000001110000000011111111111111111111111111111111111111111111111
111111111111111111111111111111111111111111111111111111010000000000000000000000000000000000001110000000011111111111111111111111111111111111111111111111
111111111111111111111111111111111111111111111111111111111110000000000000000000000000000000001110000000001111111111111111111111111111111111111111111111
111111111111111111111111111111111111111111111111111111111110000000000000000000000000000000001110000000001111111111111111111111111111111111111111111111
111111111111111111111111111111111111111111111111111111111101000000000000000000000000000000001110000000001111111111111111111111111111111111111111111111
111111111111111111111111111111111111111111111111111111111101000000000000000000000000000000001110000000001111111111111111111111111111111111111111111111
111111111111111111111111111111111111111111111111111111111111110000000000000000000000000000101100000000000111111111111111111111111111111111111111111111
111111111111111111111111111111111111111111111111111111111111110000000000000000000000000000101100000000000111111111111111111111111111111111111111111111
111111111111111111111111111111111111111111111111111111111111111100000000000000000000000011111100000000000111111111111111111111111111111111111111111111
111111111111111111111111111111111111111111111111111111111111111100000000000000000000000011111100000000000111111111111111111111111111111111111111111111
111111111111111111111111111111111111111111111111111111111111111100001000000000000001000111111110000000000011111111111111111111111111111111111111111111
111111111111111111111111111111111111111111111111111111111111111100001000000000000001000111111110000000000011111111111111111111111111111111111111111111
111111111111111111111111111111111111111111111111111111111111111101001100000000000111000111111110000000000111111111111111111111111111111111111111111111
111111111111111111111111111111111111111111111111111111111111111101001100000000000111000111111110000000000111111111111111111111111111111111111111111111
111111111111111111111111111111111111111111111111111111111111111101101110000000000111011111111111000000001111111111111111111111111111111111111111111111
111111111111111111111111111111111111111111111111111111111111111101101110000000000111011111111111000000001111111111111111111111111111111111111111111111
111111111111100001111111111111111111111111111111111111111111111111111000000000000001111111111111000000101111111111111111111111111111111111111111111111
111111111111100001111111111111111111111111111111111111111111111111111000000000000001111111111111000000101111111111111111111111111111111111111111111111
111111111110000000000011111111111111111111111111111111111111111100000000000000000000000111111111100000111111111111111111111111111111100000011111111111
111111111110000000000011111111111111111111111111111111111111111100000000000000000000000111111111100000111111111111111111111111111111100000011111111111
111111111000001110000000001111111111111111111111111111111111110000000000000000000000000001111111111000111111111111111111111111110000000000001111111111
111111111000001110000000001111111111111111111111111111111111110000000000000000000000000001111111111000111111111111111111111111110000000000001111111111
111111100000111111111100000000111111111111111111111111111111100000000000000000000000000000111111111101111111111111111111111100000000111111000011111111
111111100000111111111100000000111111111111111111111111111111100000000000000000000000000000111111111101111111111111111111111100000000111111000011111111
111110000000011111111100001100000111111111111111111111111111000000000000000000000000000000001111111111111111111111111111000000000111111111100000011111
111110000000011111111100001100000111111111111111111111111111000000000000000000000000000000001111111111111111111111111111000000000111111111100000011111
110000000100000111111000000111100000001111111111100000011100000000000000000000000000000000000111111011111111111111110000011110000011111111000000000111
110000000100000111111000000111100000001111111111100000011100000000000000000000000000000000000111111011111111111111110000011110000011111111000000000111
000000111000000011110000000011111100000000000000000000000000000000000000000000000000000000000000000000000000000000000011111100000001111100000010000000
000000111000000011110000000011111100000000000000000000000000000000000000000000000000000000000000000000000000000000000011111100000001111100000010000000
000111111000000001110000000011111100001111111110011111100000000000000000000000000000000000000000011111000111111000000111111000000000111000000001100000
000111111000000001110000000011111100001111111110011111100000000000000000000000000000000000000000011111000111111000000111111000000000111000000001100000
001111111000000001111000000011111000000011111100000011110000000000000000000000000000000000000000111100000011111100000011111100000001111000000001111110
001111111000000001111000000011111000000011111100000011110000000000000000000000000000000000000000111100000011111100000011111100000001111000000001111110
000011111100000001111100000011111000000011111000000001110000000000000000000000000000000000000001111000000011111000000001111100000011111000000011111110
000011111100000001111100000011111000000011111000000001110000000000000000000000000000000000000001111000000011111000000001111100000011111000000011111110
000001111110000011111110000011111000000011111000000001100000000000000000000000000000000000000000110000000011111000000001111100000011111000000011111000
000001111110000011111110000011111000000011111000000001100000000000000000000000000000000000000000110000000011111000000001111100000011111000000011111000
000000111111000011111110000111111100000011111100000001111000000000000000000000000000000000000011110000000011111000000001111100000111111000000111110000
000000111111000011111110000111111100000011111100000001111000000000000000000000000000000000000011110000000011111000000001111100000111111000000111110000
000001111111100011111111100111111100000011111110000001110000000000000000000000000000000000000001110000000111111000000111111110001111111100000111110000
000001111111100011111111100111111100000011111110000001110000000000000000000000000000000000000001110000000111111000000111111110001111111100000111110000
000001111111100011111111100111111110000011111110000011100000000000000000000000000000000000000001110000001111111000000111111110001111111100001111110000
000001111111100011111111100111111110000011111110000011100000000000000000000000000000000000000001110000001111111000000111111110001111111100001111110000
000001111111110111111111111111111111000011111111000011100000000000000000000000000000000000000000111000011111111100001111111110011111111100011111110000
000001111111110111111111111111111111000011111111000011100000000000000000000000000000000000000000111000011111111100001111111110011111111100011111110000
100001111111111111111111111111111111100011111111100011100000000000000000000000000000000000000000111000111111111100011111111111111111111110111111111000
100001111111111111111111111111111111100011111111100011100000000000000000000000000000000000000000111000111111111100011111111111111111111110111111111000
110001111111111111111111111111111111110111111111110011000000010000000000000000000000000000000000111001111111111100011111111111111111111111111111111000
110001111111111111111111111111111111110111111111110011000000010000000000000000000000000000000000111001111111111100011111111111111111111111111111111000
110001111111111111111111111111111111111111111111111000000000010000000000000000000000000000000000000011111111111100111111111111111111111111111111111000
110001111111111111111111111111111111111111111111111000000000010000000000000000000000000000000000000011111111111100111111111111111111111111111111111000
111101111111111111111111111111111111111111111111100000000000110000000000000000000000000001100000000000111111111111111111111111111111111111111111111000
111101111111111111111111111111111111111111111111100000000000110000000000000000000000000001100000000000111111111111111111111111111111111111111111111000
111111111111111111111111111111111111111111111110000000000001110000000000000000000000000001110000000000000111111111111111111111111111111111111111111100
111111111111111111111111111111111111111111111110000000000001110000000000000000000000000001110000000000000111111111111111111111111111111111111111111100
111111111111111111111111111111111111111111110000000000001111110000000000000000000000000001111110000000000000111111111111111111111111111111111111111111
111111111111111111111111111111111111111111110000000000001111110000000000000000000000000001111110000000000000111111111111111111111111111111111111111111
111111111111111111111111111111111111111110000000000001111111110000000000000000000000000001111111110000000000000110000111111111111111111111111111111111
111111111111111111111111111111111111111110000000000001111111110000000000000000000000000001111111110000000000000110000111111111111111111111111111111111
111111111111111111111111111110000000111000000000001111111111110000000000000000000000000001111111111111000000000000000000011111111111111111111111111111
111111111111111111111111111110000000111000000000001111111111110000000000000000000000000001111111111111000000000000000000011111111111111111111111111111
111111111111111111111111111101100000000000000001111111111111100000000000000000000000000000111111111111111000000000000001111111111111111111111111111111
111111111111111111111111111101100000000000000001111111111111100000000000000000000000000000111111111111111000000000000001111111111111111111111111111111
111111111111111111111111111111000000000000001111111111111111000000000000000000000000000000011111111111111111100000000000011111111111111111111111111111
111111111111111111111111111111000000000000001111111111111111000000000000000000000000000000011111111111111111100000000000011111111111111111111111111111
111111111111111100011100000000000000000011111111111111111111000000000000000000000000000000001111111111111111111111000000000001111111111111111111111111
111111111111111100011100000000000000000011111111111111111111000000000000000000000000000000001111111111111111111111000000000001111111111111111111111111
111111111111111111000000000000000001111111111111111111111110000000000000000000000000000000001111111111111111111111111000000000000000011111111111111111
111111111111111111000000000000000001111111111111111111111110000000000000000000000000000000001111111111111111111111111000000000000000011111111111111111
111111111111111111111110000000111111111111111111111111111100000000000000000000000000000000000111111111111111111111111111100000000011111111111111111111
111111111111111111111110000000111111111111111111111111111100000000000000000000000000000000000111111111111111111111111111100000000011111111111111111111
111111111111111111111111111111111111111111111111111111111000000000000000000000000000000000000011111111111111111111111111111111111111111111111111111111
111111111111111111111111111111111111111111111111111111111000000000000000000000000000000000000011111111111111111111111111111111111111111111111111111111
111111111111111111111111111111111111111111111111111111111000000000000000000000000000000000000011111111111111111111111111111111111111111111111111111111
111111111111111111111111111111111111111111111111111111111000000000000000000000000000000000000011111111111111111111111111111111111111111111111111111111
111111111111111111111111111111111111111111111111111111110000000000000000000000000000000000000001111111111111111111111111111111111111111111111111111111
111111111111111111111111111111111111111111111111111111110000000000000000000000000000000000000001111111111111111111111111111111111111111111111111111111
111111111111111111111111111111111111111111111111111111110000000000000000000000000000000000000001111111111111111111111111111111111111111111111111111111
111111111111111111111111111111111111111111111111111111110000000000000000000000000000000000000001111111111111111111111111111111111111111111111111111111
111111111111111111111111111111111111111111111111111111111111111111111111111111111111111111111111111111111111111111111111111111111111111111111111111111
111111111111111111111111111111111111111111111111111111111111111111111111111111111111111111111111111111111111111111111111111111111111111111111111111111
