111111111111111111111111111111111111111111111111111111111111111111111111111111111111111111111111111111111111111111111111111111111111111111111111111111
111111111111111111111111111111111111111111111111111111111111111111111111111111111111111111111111111111111111111111111111111111111111111111111111111111
111111111111111111111111111111111111111111111111111111111111111111111111111111111111111111111111111111111111111111111111111111111111111111111111111111
111111111111111111111111111111111111111111111111111111111111111111111111111111111111111111111111111111111111111111111111111111111111111111111111111111
111111111111111111111111111111111111111111111111111111111111111111111111111111111111111111111111111111111111111111111111111111111111111111111111111111
111111111111111111111111111111111111111111111111111111111111111111111111111111111111111111111111111111111111111111111111111111111111111111111111111111
111111111111111111111111111111111111111111111111111111111111111100000000000000000000001111111111111111111111111111111111111111111111111111111111111111
111111111111111111111111111111111111111111111111111111111111111100000000000000000000001111111111111111111111111111111111111111111111111111111111111111
111111111111111111111111111111111111111111111111111111111111100000000000000000000000000001111111111111111111111111111111111111111111111111111111111111
111111111111111111111111111111111111111111111111111111111111100000000000000000000000000001111111111111111111111111111111111111111111111111111111111111
111111111111111111111111111111111111111111111111111111111110000000000000000000000000000000011111111111111111111111111111111111111111111111111111111111
111111111111111111111111111111111111111111111111111111111110000000000000000000000000000000011111111111111111111111111111111111111111111111111111111111
111111111111111111111111111111111111111111111111111111111100000000000000000000000000000000001111111111111111111111111111111111111111111111111111111111
111111111111111111111111111111111111111111111111111111111100000000000000000000000000000000001111111111111111111111111111111111111111111111111111111111
111111111111111111111111111111111111111111111111111111111000000000000000000000000000000000000100001100111111111111111111111111111111111111111111111111
111111111111111111111111111111111111111111111111111111111000000000000000000000000000000000000100001100111111111111111111111111111111111111111111111111
111111111111111111111111111111111111111111111111111111111000000000000000000000000000000000000000000000001111111111111111111111111111111111111111111111
111111111111111111111111111111111111111111111111111111111000000000000000000000000000000000000000000000001111111111111111111111111111111111111111111111
111111111111111111111111111111111111111111111111111111111000000000000000000000000000000000000000000000001111111111111111111111111111111111111111111111
111111111111111111111111111111111111111111111111111111111000000000000000000000000000000000000000000000001111111111111111111111111111111111111111111111
111111111111111111111111111111111111111111111111111111111000000000000000000000000000000000000000000000000111111111111111111111111111111111111111111111
111111111111111111111111111111111111111111111111111111111000000000000000000000000000000000000000000000000111111111111111111111111111111111111111111111
111111111111111111111111111111111111111111111111111111111000000000000000000000000000000000000000000000000111111111111111111111111111111111111111111111
111111111111111111111111111111111111111111111111111111111000000000000000000000000000000000000000000000000111111111111111111111111111111111111111111111
111111111111111111111111111111111111111111111111111111111000000000000000000000000000000000000000000000000111111111111111111111111111111111111111111111
111111111111111111111111111111111111111111111111111111111000000000000000000000000000000000000000000000000111111111111111111111111111111111111111111111
111111111111111111111111111111111111111111111111111111110000000000000000000000000000000000000000000000000111111111111111111111111111111111111111111111
111111111111111111111111111111111111111111111111111111110000000000000000000000000000000000000000000000000111111111111111111111111111111111111111111111
111111111111111111111111111111111111111111111111111111100000000000000000000000000000000000000000000000000011111111111111111111111111111111111111111111
111111111111111111111111111111111111111111111111111111100000000000000000000000000000000000000000000000000011111111111111111111111111111111111111111111
111111111111111111111111111111111111111111111111111100000000000000000000000000000000000000000010000000011111111111111111111111111111111111111111111111
111111111111111111111111111111111111111111111111111100000000000000000000000000000000000000000010000000011111111111111111111111111111111111111111111111
111111111111111111111111111111111111111111111111111100000000000000000000000000000000000000000110000000001111111111111111111111111111111111111111111111
111111111111111111111111111111111111111111111111111100000000000000000000000000000000000000000110000000001111111111111111111111111111111111111111111111
111111111111111111111111111111111111111111111111111111000100000000000000000000000000000000000110000000000111111111111111111111111111111111111111111111
111111111111111111111111111111111111111111111111111111000100000000000000000000000000000000000110000000000111111111111111111111111111111111111111111111
111111111111111111111111111111111111111111111111111111111100000000000000000000000000000000000110000000000011111111111111111111111111111111111111111111
111111111111111111111111111111111111111111111111111111111100000000000000000000000000000000000110000000000011111111111111111111111111111111111111111111
111111111111111111111111111111111111111111111111111111111000000000000000000000000000000000000010000000000011111111111111111111111111111111111111111111
111111111111111111111111111111111111111111111111111111111000000000000000000000000000000000000010000000000011111111111111111111111111111111111111111111
111111111111111111111111111111111111111111111111111111111110000000000000000000000000000000001110000000000011111111111111111111111111111111111111111111
111111111111111111111111111111111111111111111111111111111110000000000000000000000000000000001110000000000011111111111111111111111111111111111111111111
111111111111111111111111111111111111111111111111111111111111100000000000000000000000000000110110000000000001111111111111111111111111111111111111111111
111111111111111111111111111111111111111111111111111111111111100000000000000000000000000000110110000000000001111111111111111111111111111111111111111111
111111111111111111111111111111111111111111111111111111111111110000000000000000000000000011111111000000000011111111111111111111111111111111111111111111
111111111111111111111111111111111111111111111111111111111111110000000000000000000000000011111111000000000011111111111111111111111111111111111111111111
111111111111111111111111111111111111111111111111111111111111111010110100000000000001001111111111000000000011111111111111111111111111111111111111111111
111111111111111111111111111111111111111111111111111111111111111010110100000000000001001111111111000000000011111111111111111111111111111111111111111111
111111111111111111111111111111111111111111111111111111111111111111111100000000000110111111111111100000000011111111111111111111111111111111111111111111
111111111111111111111111111111111111111111111111111111111111111111111100000000000110111111111111100000000011111111111111111111111111111111111111111111
111111111111111111111111111111111111111111111111111111111111111111111100000000001111111111111111110000001111111111111111111111111111111111111111111111
111111111111111111111111111111111111111111111111111111111111111111111100000000001111111111111111110000001111111111111111111111111111111111111111111111
111111111111111111111111111111111111111111111111111111111111111111000000000000000000011111111111111000001111111111111111111111111111111110000111111111
111111111111111111111111111111111111111111111111111111111111111111000000000000000000011111111111111000001111111111111111111111111111111110000111111111
111111111000000011111111111111111111111111111111111111111111111000000000000000000000000011111111111000111111111111111111111111111111100000000001111111
111111111000000011111111111111111111111111111111111111111111111000000000000000000000000011111111111000111111111111111111111111111111100000000001111111
111111100000000000000111111111111111111111111111111111111111100000000000000000000000000000111111111110111111111111111111111111111000000001110000011111
111111100000000000000111111111111111111111111111111111111111100000000000000000000000000000111111111110111111111111111111111111111000000001110000011111
111110000011111000000000011111111111111111111111111111111110000000000000000000000000000000011111111111111111111111111111111110000000001111111000000111
111110000011111000000000011111111111111111111111111111111110000000000000000000000000000000011111111111111111111111111111111110000000001111111000000111
111000000111111111100000000001111111111111111111111111111100000000000000000000000000000000000111111111111111111111111111100000011000111111111100000001
111000000111111111100000000001111111111111111111111111111100000000000000000000000000000000000111111111111111111111111111100000011000111111111100000001
000000000011111111000001111000000111111111111111100111110000000000000000000000000000000000000001111000011111111111111000000111100000011111110000000000
000000000011111111000001111000000111111111111111100111110000000000000000000000000000000000000001111000011111111111111000000111100000011111110000000000
000001000000111110000000111111000000000111000000000000000000000000000000000000000000000000000000000000000000000000000000111111000000001111100000001000
000001000000111110000000111111000000000111000000000000000000000000000000000000000000000000000000000000000000000000000000111111000000001111100000001000
001110000000011100000000011111110000000000000000000000000000000000000000000000000000000000000000000111100001111111000001111111000000001111000000001111
001110000000011100000000011111110000000000000000000000000000000000000000000000000000000000000000000111100001111111000001111111000000001111000000001111
111100000000011110000000011111100000111111110000111110000000000000000000000000000000000000000000011111000001111111100000111111000000001111000000000111
111100000000011110000000011111100000111111110000111110000000000000000000000000000000000000000000011111000001111111100000111111000000001111000000000111
111110000000011110000000011111000000011111100000011111100000000000000000000000000000000000000000111110000000111110000000011111000000011111000000001111
111110000000011110000000011111000000011111100000011111100000000000000000000000000000000000000000111110000000111110000000011111000000011111000000001111
111110000000011111000000111110000000001111000000001110000000000000000000000000000000000000000000001110000000011110000000001111100000011111000000011111
111110000000011111000000111110000000001111000000001110000000000000000000000000000000000000000000001110000000011110000000001111100000011111000000011111
011111000000111111100000111111000000001111000000001111100000000000000000000000000000000000000000111110000000011110000000011111100000111111100000111111
011111000000111111100000111111000000001111000000001111100000000000000000000000000000000000000000111110000000011110000000011111100000111111100000111111
011111100000111111100001111111000000011111100000001111100000000000000000000000000000000000000000111110000000111111000000011111110001111111100001111111
011111100000111111100001111111000000011111100000001111100000000000000000000000000000000000000000111110000000111111000000011111110001111111100001111111
011111110000111111110001111111100000011111100000011111000000000000000000000000000000000000000000011111000000111111000000111111110011111111100001111111
011111110000111111110001111111100000011111100000011111000000000000000000000000000000000000000000011111000000111111000000111111110011111111100001111111
011111110000111111111001111111100000111111100000011110000000000000000000000000000000000000000000011111000001111111100001111111110011111111100011111111
011111110000111111111001111111100000111111100000011110000000000000000000000000000000000000000000011111000001111111100001111111110011111111100011111111
011111111001111111111011111111110000111111110000111110000000000000000000000000000000000000000000001111100001111111100001111111111111111111110111111111
011111111001111111111011111111110000111111110000111110000000000000000000000000000000000000000000001111100001111111100001111111111111111111110111111111
011111111001111111111111111111110000111111110000111100000000000000000000000000000000000000000000001111100011111111100011111111111111111111111111111111
011111111001111111111111111111110000111111110000111100000000000000000000000000000000000000000000001111100011111111100011111111111111111111111111111111
111111111111111111111111111111111001111111111001111100000000000000000000000000000000000000000000001111110011111111110111111111111111111111111111111111
111111111111111111111111111111111001111111111001111100000000000000000000000000000000000000000000001111110011111111110111111111111111111111111111111111
111111111111111111111111111111111101111111111001000000000000110000000000000000000000000001100000000000010011111111111111111111111111111111111111111111
111111111111111111111111111111111101111111111001000000000000110000000000000000000000000001100000000000010011111111111111111111111111111111111111111111
111111111111111111111111111111111111111111110000000000000011110000000000000000000000000001110000000000000000111111111111111111111111111111111111111111
111111111111111111111111111111111111111111110000000000000011110000000000000000000000000001110000000000000000111111111111111111111111111111111111111111
111111111111111111111110000000011111111100000000000000000111100000000000000000000000000000111000000000000000000001100000000000001111111111111111111111
111111111111111111111110000000011111111100000000000000000111100000000000000000000000000000111000000000000000000001100000000000001111111111111111111111
111111111111111111111110000000000000000000000000000000011111100000000000000000000000000000111110000000000000000000000000000000001111111111111111111111
111111111111111111111110000000000000000000000000000000011111100000000000000000000000000000111110000000000000000000000000000000001111111111111111111111
111111111111111111111111110000000000000000000000001111111111100000000000000000000000000000111111111110000000000000000000000001111111111111111111111111
111111111111111111111111110000000000000000000000001111111111100000000000000000000000000000111111111110000000000000000000000001111111111111111111111111
111111111100000000000000000000000000000000000011111111111111100000000000000000000000000000111111111111111100000000000000000000000011111111011111111111
111111111100000000000000000000000000000000000011111111111111100000000000000000000000000000111111111111111100000000000000000000000011111111011111111111
111111111111100000000000000000000000000001111111111111111111100000000000000000000000000000011111111111111111111110000000000000000000000000011111111111
111111111111100000000000000000000000000001111111111111111111100000000000000000000000000000011111111111111111111110000000000000000000000000011111111111
111111111111111100000000000000000001111111111111111111111111000000000000000000000000000000011111111111111111111111111110000000000000000111111111111111
111111111111111100000000000000000001111111111111111111111111000000000000000000000000000000011111111111111111111111111110000000000000000111111111111111
111111111111111111111000000111111111111111111111111111111110000000000000000000000000000000001111111111111111111111111111111100000111111111111111111111
111111111111111111111000000111111111111111111111111111111110000000000000000000000000000000001111111111111111111111111111111100000111111111111111111111
111111111111111111111111111111111111111111111111111111111100000000000000000000000000000000000111111111111111111111111111111111111111111111111111111111
111111111111111111111111111111111111111111111111111111111100000000000000000000000000000000000111111111111111111111111111111111111111111111111111111111
111111111111111111111111111111111111111111111111111111111000000000000000000000000000000000000011111111111111111111111111111111111111111111111111111111
111111111111111111111111111111111111111111111111111111111000000000000000000000000000000000000011111111111111111111111111111111111111111111111111111111
111111111111111111111111111111111111111111111111111111111000000000000000000000000000000000000001111111111111111111111111111111111111111111111111111111
111111111111111111111111111111111111111111111111111111111000000000000000000000000000000000000001111111111111111111111111111111111111111111111111111111
111111111111111111111111111111111111111111111111111111110000000000000000000000000000000000000001111111111111111111111111111111111111111111111111111111
111111111111111111111111111111111111111111111111111111110000000000000000000000000000000000000001111111111111111111111111111111111111111111111111111111
111111111111111111111111111111111111111111111111111111111111111111111111111111111111111111111111111111111111111111111111111111111111111111111111111111
111111111111111111111111111111111111111111111111111111111111111111111111111111111111111111111111111111111111111111111111111111111111111111111111111111
