000000000000000000000000000000000000000000011111111111111111111111111111111111111111111111111111111111111111111000000111111111111111100000000000000000
000000000000000000000000000000000000000000011111111111111111111111111111111111111111111111111111111111111111111000000111111111111111100000000000000000
000000000000000000000000000000000000000000000000111111111111111111111111111111111111111111111111111111111111110000000111111111111111100000000000000000
000000000000000000000000000000000000000000000000111111111111111111111111111111111111111111111111111111111111110000000111111111111111100000000000000000
000000000000000000000000000000000000000000000000111111111111111111111111111111111111111111111111111111111111100000001111111111111111100000000000000000
000000000000000000000000000000000000000000000000111111111111111111111111111111111111111111111111111111111111100000001111111111111111100000000000000000
000000000000000000000000000000000000000000000000110111111111111111110011111111111111111111111111111111111111110000001111111111111111110000000000000000
000000000000000000000000000000000000000000000000110111111111111111110011111111111111111111111111111111111111110000001111111111111111110000000000000000
000000000000000000000000000000000000000000000001100111111111111111111001001111111111111111111111111111111111000000001111111111111111110000000000000000
000000000000000000000000000000000000000000000001100111111111111111111001001111111111111111111111111111111111000000001111111111111111110000000000000000
000000000000000000000000000000000000000000000000000011111111111111111111110000011111111111111111111111111111111000001111111111111111110000000000000000
000000000000000000000000000000000000000000000000000011111111111111111111110000011111111111111111111111111111111000001111111111111111110000000000000000
000000000000000000000000000000000000000000000000000011111111111111111111111111111111111111111111111111111100000000001111111111111111110000000000000000
000000000000000000000000000000000000000000000000000011111111111111111111111111111111111111111111111111111100000000001111111111111111110000000000000000
000000000000000000000000000000000000000000000000000000101111111111111111111111111111111111111111111111111100000000001111111111111111111000000000000000
000000000000000000000000000000000000000000000000000000101111111111111111111111111111111111111111111111111100000000001111111111111111111000000000000000
000000000000000000000000000000000000000000000000000000001001111111111111111111111111111111111111111111101100000000001111111111111111111000000000000000
000000000000000000000000000000000000000000000000000000001001111111111111111111111111111111111111111111101100000000001111111111111111111000000000000000
000000000000000000000000000000000000000000000000000000000001011111111111111111111111111111111111111111000110000000001111111111111111111000000000000000
000000000000000000000000000000000000000000000000000000000001011111111111111111111111111111111111111111000110000000001111111111111111111000000000000000
110000000000000000000000000000000000000000000000000000000000000111111111111111111111111111111111111010000000000000001111111111111111111000000000000111
110000000000000000000000000000000000000000000000000000000000000111111111111111111111111111111111111010000000000000001111111111111111111000000000000111
111111000000000000000000000000000000000000000000000000000000000110001111111111111100101111001111010000000000000000001111111111111111110000000001111111
111111000000000000000000000000000000000000000000000000000000000110001111111111111100101111001111010000000000000000001111111111111111110000000001111111
111111111000000000000000000000000000000000000000000000000000000101111111111111111111101110001111000000000000000000001111111111111111100000000111111110
111111111000000000000000000000000000000000000000000000000000000101111111111111111111101110001111000000000000000000001111111111111111100000000111111110
000011111111100000000000000000000000000000000000000000000000000000111111111111111111000000000001000000000000000000000111111111111111100011111111110000
000011111111100000000000000000000000000000000000000000000000000000111111111111111111000000000001000000000000000000000111111111111111100011111111110000
000000011111111111000000000000000000000111100000000000000000000111111111111111111111111000000000000000000000111111111111111111111111111111111110000000
000000011111111111000000000000000000000111100000000000000000000111111111111111111111111000000000000000000000111111111111111111111111111111111110000000
100000000011111111111111111111111111111111110000000000000111111111111111111111111111111111110000000000000011111111111111111111111111111111111100000000
100000000011111111111111111111111111111111110000000000000111111111111111111111111111111111110000000000000011111111111111111111111111111111111100000000
110000000011111111111111111111111111111111111100000011111111111111111111111111111111111111111111000000000111111111111111111111111110000011111110000000
110000000011111111111111111111111111111111111100000011111111111111111111111111111111111111111111000000000111111111111111111111111110000011111110000000
110000001111111100000000000000001111111111111110001111111111111111111111111111111111111111111111111000001111111101111111111111111100000111111111100000
110000001111111100000000000000001111111111111110001111111111111111111111111111111111111111111111111000001111111101111111111111111100000111111111100000
110000011111111110000000000000111111100011111111111111111111111111111111111111111111111111111111111110011111110000111111111111111100001111111111110000
110000011111111110000000000000111111100011111111111111111111111111111111111111111111111111111111111110011111110000111111111111111100001111111111110000
100000111111111111000000000001111111110000111111111111111111111111111111111111111111111111111111111111111111100011111111111111011000011111111111110000
100000111111111111000000000001111111110000111111111111111111111111111111111111111111111111111111111111111111100011111111111111011000011111111111110000
100001111111111111100000000011111111111000001111111111111111111111111111111111111111111111111111111111111110000011111111111111010000011111111111111000
100001111111111111100000000011111111111000001111111111111111111111111111111111111111111111111111111111111110000011111111111111010000011111111111111000
100001111111111111100000000111111111111100011111111111111111111111111111111111111111111111111111111111111111100111111111111110000000111111111111111000
100001111111111111100000000111111111111100011111111111111111111111111111111111111111111111111111111111111111100111111111111110000000111111111111111000
000001111111111111100000001111111111111111111111111111111111111111111111111111111111111111111111111111111111111111111111111110000000011111111111111000
000001111111111111100000001111111111111111111111111111111111111111111111111111111111111111111111111111111111111111111111111110000000011111111111111000
000001111111111111100000001111111111111111111111111111111111111111111111111111111111111111111111111111111111111111111111111110000000011111111111110000
000001111111111111100000001111111111111111111111111111111111111111111111111111111111111111111111111111111111111111111111111110000000011111111111110000
000000111111111111000000001111111111111111111111111111111111111111111111111111111111111111111111111111111111111111111111111110000000011111111111110000
000000111111111111000000001111111111111111111111111111111111111111111111111111111111111111111111111111111111111111111111111110000000011111111111110000
000000111111111111000000000111111111111111111111111111111111111111111111111111111111111111111111111111111111111111111111111100000000001111111111100000
000000111111111111000000000111111111111111111111111111111111111111111111111111111111111111111111111111111111111111111111111100000000001111111111100000
000000011111111110000000000111111111111111111111111111111111111111111111111111111111111111111111111111111111111111111111111100000000001111111111100000
000000011111111110000000000111111111111111111111111111111111111111111111111111111111111111111111111111111111111111111111111100000000001111111111100000
000000011111111110000000000011111111111111111111111111111111111111111111111111111111111111111111111111111111111111111111111100000000000111111111000000
000000011111111110000000000011111111111111111111111111111111111111111111111111111111111111111111111111111111111111111111111100000000000111111111000000
000000001111111100000000000011111111111111111111111111111111111111111111111111111111111111111111111111111111111111111111111000000000000111111111000000
000000001111111100000000000011111111111111111111111111111111111111111111111111111111111111111111111111111111111111111111111000000000000111111111000000
000000001111111100000000000001111111111111111111111111111111111110000000000000000000000000000000000000000000000000000000000000000000000000000000000000
000000001111111100000000000001111111111111111111111111111111111110000000000000000000000000000000000000000000000000000000000000000000000000000000000000
000000000111111000000000000000000000000000000000000000000000000000000000000000000000000000000000000000000000000000000000000000000000000000000000000000
000000000111111000000000000000000000000000000000000000000000000000000000000000000000000000000000000000000000000000000000000000000000000000000000000000
000000000000000000000000000000000000000000000000000000000000000000000000000000000000000000000000000000000000000000000000000000000000000000000000000000
000000000000000000000000000000000000000000000000000000000000000000000000000000000000000000000000000000000000000000000000000000000000000000000000000000
000000000000000000000000000000000000000000000000000000000000000000000000000000000000000000000000000000000000000000000000000000000000000000000000000000
000000000000000000000000000000000000000000000000000000000000000000000000000000000000000000000000000000000000000000000000000000000000000000000000000000
000000000000000000000000000000000000000000000000000000000000000000000000000000000000000000000000000000000000000000000000000000000000000000000000000000
000000000000000000000000000000000000000000000000000000000000000000000000000000000000000000000000000000000000000000000000000000000000000000000000000000
000000000000000000000000000000000000000000000000000000000000000000000000000000000000000000000000000000000000000000000000000000000000000000000000000000
000000000000000000000000000000000000000000000000000000000000000000000000000000000000000000000000000000000000000000000000000000000000000000000000000000
000000000000000000000000000000011101111111111111111111111111111111111111111111111111111111111111111111111111111111100111000000000000000000000000000000
000000000000000000000000000000011101111111111111111111111111111111111111111111111111111111111111111111111111111111100111000000000000000000000000000000
000000000000000000000000000000011111111111111111111111111111111111111111111111111111111111111111111111111111111111110111000000000000000000000000000000
000000000000000000000000000000011111111111111111111111111111111111111111111111111111111111111111111111111111111111110111000000000000000000000000000000
000000000000000000000000000000001111111111111111111111111111111111111111111111111111111111111111111111111111111111110000000000000000000000000000000000
000000000000000000000000000000001111111111111111111111111111111111111111111111111111111111111111111111111111111111110000000000000000000000000000000000
000000000000000000000000000000001111111111111111111111111111111111111111111111111111111111111111111111111111111111111000000000000000000000000000000000
000000000000000000000000000000001111111111111111111111111111111111111111111111111111111111111111111111111111111111111000000000000000000000000000000000
000000000000000000000000000000001111111111111111111111111111111111111111111111111111111111111111111111111111111111111100000000000000000000000000000000
000000000000000000000000000000001111111111111111111111111111111111111111111111111111111111111111111111111111111111111100000000000000000000000000000000
000000000000000000000000000000011111111111111111111111111111111111111111111111111111111111111111111111111111111111111100000000000000000000000000000000
000000000000000000000000000000011111111111111111111111111111111111111111111111111111111111111111111111111111111111111100000000000000000000000000000000
000000000000000000000000000000011111111111111111111111111111111111111111111111111111111111111111111111111111111111111110000000000000000000000000000000
000000000000000000000000000000011111111111111111111111111111111111111111111111111111111111111111111111111111111111111110000000000000000000000000000000
000000000000000000000000000000111111111111111110111111111111111111111111111111111111111111111111111111111111111111111110000000000000000000000000000000
000000000000000000000000000000111111111111111110111111111111111111111111111111111111111111111111111111111111111111111110000000000000000000000000000000
000000000000000000000000000000111111111111111101111111111111111111111111111111111111111111111111111111111111111111111111000000000000000000000000000000
000000000000000000000000000000111111111111111101111111111111111111111111111111111111111111111111111111111111111111111111000000000000000000000000000000
000000000000000000000000000001111111111111111101111111111111111111111111111111111111111111111111111111111111111111111111000000000000000000000000000000
000000000000000000000000000001111111111111111101111111111111111111111111111111111111111111111111111111111111111111111111000000000000000000000000000000
000000000000000000000000000001111111111111111001111111111111111111111111111111111111111111111111111111111111111111111111000000000000000000000000000000
000000000000000000000000000001111111111111111001111111111111111111111111111111111111111111111111111111111111111111111111000000000000000000000000000000
000000000000000000000000000001111111111111110001111111111111111111111111111111111111111111111111111111100111111111111111100000000000000000000000000000
000000000000000000000000000001111111111111110001111111111111111111111111111111111111111111111111111111100111111111111111100000000000000000000000000000
000000000000000000000000000011111111111111110000111111111111111111111111111111111111111111111111111111100011111111111111100000000000000000000000000000
000000000000000000000000000011111111111111110000111111111111111111111111111111111111111111111111111111100011111111111111100000000000000000000000000000
000000000000000000000000011111111111111111100000111111111111111111111111111111111111111111111111111111100011111111111111111100000000000000000000000000
000000000000000000000000011111111111111111100000111111111111111111111111111111111111111111111111111111100011111111111111111100000000000000000000000000
000000000000000000000111111111111111111111000000111111111111111111111111111111111111111111111111111111100001111111111111111111110000000000000000000000
000000000000000000000111111111111111111111000000111111111111111111111111111111111111111111111111111111100001111111111111111111110000000000000000000000
000000000000000000111111111111111111111110000000111111111111111111111111111111111111111111111111111111100000111111111111111111111111000000000000000000
000000000000000000111111111111111111111110000000111111111111111111111111111111111111111111111111111111100000111111111111111111111111000000000000000000
000000000000001111111111111111111111111100000000111111111111111111111111111111111111111111111111111111100000011111111111111111111111111000000000000000
000000000000001111111111111111111111111100000000111111111111111111111111111111111111111111111111111111100000011111111111111111111111111000000000000000
000000000001111111111111111111111111111000000000111111111111111111111111111111111111111111111111111111100000001111111111111111111111111111100000000000
000000000001111111111111111111111111111000000000111111111111111111111111111111111111111111111111111111100000001111111111111111111111111111100000000000
000000001111111111111111111111111111110000000001111111111111111111111111111111111111111111111111111111110000000111111111111111111111111111111100000000
000000001111111111111111111111111111110000000001111111111111111111111111111111111111111111111111111111110000000111111111111111111111111111111100000000
000001111111111111111111111111111111000000000001111111111111111111111111111111111111111111111111111111110000000011111111111111111111111111111111110000
000001111111111111111111111111111111000000000001111111111111111111111111111111111111111111111111111111110000000011111111111111111111111111111111110000
011111111111111111111111111111111110000000000001111111111111111111111111111111111111111111111111111111110000000000111111111111111111111111111111111110
011111111111111111111111111111111110000000000001111111111111111111111111111111111111111111111111111111110000000000111111111111111111111111111111111110
111111111111111111111111111111110000000000000001111111111111111111111111111111111111111111111111111111110000000000000111111111111111111111111111111111
111111111111111111111111111111110000000000000001111111111111111111111111111111111111111111111111111111110000000000000111111111111111111111111111111111
111111111111111111111111111111111111111111111111111111111111111111111111111111111111111111111111111111111111111111111111111111111111111111111111111111
111111111111111111111111111111111111111111111111111111111111111111111111111111111111111111111111111111111111111111111111111111111111111111111111111111
