000000000000000000000000000000000000000000000000011111111111111111111111111111111111111111111111111111111111111111100000011111111111111111111110000000
000000000000000000000000000000000000000000000000011111111111111111111111111111111111111111111111111111111111111111100000011111111111111111111110000000
000000000000000000000000000000000000000000000000011111111111111111111111111111111111111111111111111111111111110111110000011111111111111111111110000000
000000000000000000000000000000000000000000000000011111111111111111111111111111111111111111111111111111111111110111110000011111111111111111111110000000
000000000000000000000000000000000000000000000000011111111111111111111111111111111111111111111111111111111111110000000000011111111111111111111110000000
000000000000000000000000000000000000000000000000011111111111111111111111111111111111111111111111111111111111110000000000011111111111111111111110000000
000000000000000000000000000000000000000000000000000011101111111111111111111111111111111111111111111111111111110000000000011111111111111111111110000000
000000000000000000000000000000000000000000000000000011101111111111111111111111111111111111111111111111111111110000000000011111111111111111111110000000
000000000000000000000000000000000000000000000000000000100111111111111111111111111111111111111111111111111110110000000000011111111111111111111110000000
000000000000000000000000000000000000000000000000000000100111111111111111111111111111111111111111111111111110110000000000011111111111111111111110000000
000000000000000000000000000000000000000000000000000000000111001111111111111111111111111111111111111111111100011000000000011111111111111111111110000000
000000000000000000000000000000000000000000000000000000000111001111111111111111111111111111111111111111111100011000000000011111111111111111111110000000
000000000000000000000000000000000000000000000000000000000110001111011111111111111111111111110111111111110000000000000000011111111111111111111101000000
000000000000000000000000000000000000000000000000000000000110001111011111111111111111111111110111111111110000000000000000011111111111111111111101000000
000000000000000000000000000000000000000000000000000000000000001101111111111111111110010111100011101110000000000000000000001111111111111111111100000000
000000000000000000000000000000000000000000000000000000000000001101111111111111111110010111100011101110000000000000000000001111111111111111111100000000
000000000000000000000000000000000000000000000000000000000000000011111111111111111111110111100011101000000000000000000000001111111111111111111000000000
000000000000000000000000000000000000000000000000000000000000000011111111111111111111110111100011101000000000000000000000001111111111111111111000000000
111000000000000000000000000000000000000000000000000000000000000001111111111111111111100110000010101000000000000000000000000111111111111111111000001111
111000000000000000000000000000000000000000000000000000000000000001111111111111111111100110000010101000000000000000000000000111111111111111111000001111
111111000000000000000000000000000000000000000000000000000000000011111111111111111111110000000000100000000000000000000000000111111111111111111011111111
111111000000000000000000000000000000000000000000000000000000000011111111111111111111110000000000100000000000000000000000000111111111111111111011111111
111111111111100000000000000000011111111000000000000000000111111111111111111111111111111111110000000000000000000111111111111111111111111111111111111111
111111111111100000000000000000011111111000000000000000000111111111111111111111111111111111110000000000000000000111111111111111111111111111111111111111
001111111111111111111111111111111111111100000000000011111111111111111111111111111111111111111111000000000000001111111111111111111111111111111111111110
001111111111111111111111111111111111111100000000000011111111111111111111111111111111111111111111000000000000001111111111111111111111111111111111111110
001111111111111111111111111111111111111111000000011111111111111111111111111111111111111111111111111100000000011111111111111111111111111111111111111111
001111111111111111111111111111111111111111000000011111111111111111111111111111111111111111111111111100000000011111111111111111111111111111111111111111
011111111000000000000000011111111111111111100011111111111111111111111111111111111111111111111111111111000000111111111111111111111111111110000011111111
011111111000000000000000011111111111111111100011111111111111111111111111111111111111111111111111111111000000111111111111111111111111111110000011111111
111111111100000000000000001111111100111111111111111111111111111111111111111111111111111111111111111111110011111111100011111111111111101110000111111111
111111111100000000000000001111111100111111111111111111111111111111111111111111111111111111111111111111110011111111100011111111111111101110000111111111
111111111110000000000001111111111100001111111111111111111111111111111111111111111111111111111111111111111111111110000111111111111111101100001111111111
111111111110000000000001111111111100001111111111111111111111111111111111111111111111111111111111111111111111111110000111111111111111101100001111111111
111111111111000000000011111111111100000111111111111111111111111111111111111111111111111111111111111111111111111000001111111111111111100000001111111111
111111111111000000000011111111111100000111111111111111111111111111111111111111111111111111111111111111111111111000001111111111111111100000001111111111
111111111111100000000011111111111110000111111111111111111111111111111111111111111111111111111111111111111111111110001111111111111111000000011111111111
111111111111100000000011111111111110000111111111111111111111111111111111111111111111111111111111111111111111111110001111111111111111000000011111111111
111111111111100000000111111111111111011111111111111111111111111111111111111111111111111111111111111111111111111111111111111111111110000000011111111111
111111111111100000000111111111111111011111111111111111111111111111111111111111111111111111111111111111111111111111111111111111111110000000011111111111
111111111111100000001111111111111111111111111111111111111111111111111111111111111111111111111111111111111111111111111111111111111110000000011111111111
111111111111100000001111111111111111111111111111111111111111111111111111111111111111111111111111111111111111111111111111111111111110000000011111111111
111111111111000000001111111111111111111111111111111111111111111111111111111111111111111111111111111111111111111111111111111111111110000000001111111111
111111111111000000001111111111111111111111111111111111111111111111111111111111111111111111111111111111111111111111111111111111111110000000001111111111
111111111111000000000111111111111111111111111111111111111111111111111111111111111111111111111111111111111111111111111111111111111100000000000111111111
111111111111000000000111111111111111111111111111111111111111111111111111111111111111111111111111111111111111111111111111111111111100000000000111111111
111111111110000000000111111111111111111111111111111111111111111111111111111111111111111111111111111111111111111111111111111111111100000000000111111111
111111111110000000000111111111111111111111111111111111111111111111111111111111111111111111111111111111111111111111111111111111111100000000000111111111
111111111100000000000111111111111111111111111111111111111111111111111111111111111111111111111111111111111111111111111111111111111100000000000011111111
111111111100000000000111111111111111111111111111111111111111111111111111111111111111111111111111111111111111111111111111111111111100000000000011111111
111111111100000000000011111111111111111111111111111111111111111111111111111111111111111111111111111111111111111111111111111111111000000000000011111111
111111111100000000000011111111111111111111111111111111111111111111111111111111111111111111111111111111111111111111111111111111111000000000000011111111
111111111000000000000011111111111111111111111111111111111111111111111111111111111111111111111111111111111111111111111111111111111000000000000001111111
111111111000000000000011111111111111111111111111111111111111111111111111111111111111111111111111111111111111111111111111111111111000000000000001111111
111111111000000000000011111111111111111111111111111111111111111111111111111111111111111111111111111111111111111111111111111111111000000000000001111111
111111111000000000000011111111111111111111111111111111111111111111111111111111111111111111111111111111111111111111111111111111111000000000000001111111
111111110000000000000001111111111111111111111111111111111111111111111111111111111111111111111111111111111111111111111111111111110000000000000000111111
111111110000000000000001111111111111111111111111111111111111111111111111111111111111111111111111111111111111111111111111111111110000000000000000111111
111111110000000000000001111111111111111111111111111111111111111110000000000000000000000000000000000000000000000000000000000000000000000000000000000000
111111110000000000000001111111111111111111111111111111111111111110000000000000000000000000000000000000000000000000000000000000000000000000000000000000
011111100000000000000000000000000000000000000000000000000000000000000000000000000000000000000000000000000000000000000000000000000000000000000000000000
011111100000000000000000000000000000000000000000000000000000000000000000000000000000000000000000000000000000000000000000000000000000000000000000000000
000000000000000000000000000000000000000000000000000000000000000000000000000000000000000000000000000000000000000000000000000000000000000000000000000000
000000000000000000000000000000000000000000000000000000000000000000000000000000000000000000000000000000000000000000000000000000000000000000000000000000
000000000000000000000000000000000000000000000000000000000000000000000000000000000000000000000000000000000000000000000000000000000000000000000000000000
000000000000000000000000000000000000000000000000000000000000000000000000000000000000000000000000000000000000000000000000000000000000000000000000000000
000000000000000000000000000000000000000000000000000000000000000000000000000000000000000000000000000000000000000000000000000000000000000000000000000000
000000000000000000000000000000000000000000000000000000000000000000000000000000000000000000000000000000000000000000000000000000000000000000000000000000
000000000000000000000000000000000000000000000000000000000000000000000000000000000000000000000000000000000000000000000000000000000000000000000000000000
000000000000000000000000000000000000000000000000000000000000000000000000000000000000000000000000000000000000000000000000000000000000000000000000000000
000000000000000000000000000001111111111111111111111111111111111111111111111111111111111111111111111111111111111111111111100111000000000000000000000000
000000000000000000000000000001111111111111111111111111111111111111111111111111111111111111111111111111111111111111111111100111000000000000000000000000
000000000000000000000000001111111111111111111111111111111111111111111111111111111111111111111111111111111111111111111111110110000000000000000000000000
000000000000000000000000001111111111111111111111111111111111111111111111111111111111111111111111111111111111111111111111110110000000000000000000000000
000000000000000000000000000111111111111111111111111111111111111111111111111111111111111111111111111111111111111111111111110000000000000000000000000000
000000000000000000000000000111111111111111111111111111111111111111111111111111111111111111111111111111111111111111111111110000000000000000000000000000
000000000000000000000000001111111111111111111111111111111111111111111111111111111111111111111111111111111111111111111111111000000000000000000000000000
000000000000000000000000001111111111111111111111111111111111111111111111111111111111111111111111111111111111111111111111111000000000000000000000000000
000000000000000000000000001111111111111111111111111111111111111111111111111111111111111111111111111111111111111111111111111100000000000000000000000000
000000000000000000000000001111111111111111111111111111111111111111111111111111111111111111111111111111111111111111111111111100000000000000000000000000
000000000000000000000000011111111111111111111111111111111111111111111111111111111111111111111111111111111111111111111111111100000000000000000000000000
000000000000000000000000011111111111111111111111111111111111111111111111111111111111111111111111111111111111111111111111111100000000000000000000000000
000000000000000000000000011111111111111111111111111111111111111111111111111111111111111111111111111111111111111111111111111110000000000000000000000000
000000000000000000000000011111111111111111111111111111111111111111111111111111111111111111111111111111111111111111111111111110000000000000000000000000
000000000000000000000000111111111111111111111111111111111111111111111111111111111111111111111111111111111111111111111111111110000000000000000000000000
000000000000000000000000111111111111111111111111111111111111111111111111111111111111111111111111111111111111111111111111111110000000000000000000000000
000000000000000000000001111111111111111111111111111111111111111111111111111111111111111111111111111111111111111111111111111111000000000000000000000000
000000000000000000000001111111111111111111111111111111111111111111111111111111111111111111111111111111111111111111111111111111000000000000000000000000
000000000000000000000001111111111111111111011111111111111111111111111111111111111111111111111111111111111111111111111111111111000000000000000000000000
000000000000000000000001111111111111111111011111111111111111111111111111111111111111111111111111111111111111111111111111111111000000000000000000000000
000000000000000000000011111111111111111110011111111111111111111111111111111111111111111111111111111111111111111111111111111111000000000000000000000000
000000000000000000000011111111111111111110011111111111111111111111111111111111111111111111111111111111111111111111111111111111000000000000000000000000
000000000000000000000011111111111111111100011111111111111111111111111111111111111111111111111111111111111111111111111111111111100000000000000000000000
000000000000000000000011111111111111111100011111111111111111111111111111111111111111111111111111111111111111111111111111111111100000000000000000000000
000000000000000000000011111111111111111100011111111111111111111111111111111111111111111111111111111111111111011111111111111111100000000000000000000000
000000000000000000000011111111111111111100011111111111111111111111111111111111111111111111111111111111111111011111111111111111100000000000000000000000
000000000000000000000111111111111111111000011111111111111111111111111111111111111111111111111111111111111110001111111111111111110000000000000000000000
000000000000000000000111111111111111111000011111111111111111111111111111111111111111111111111111111111111110001111111111111111110000000000000000000000
000000000000000000111111111111111111110000001111111111111111111111111111111111111111111111111111111111111110000111111111111111111110000000000000000000
000000000000000000111111111111111111110000001111111111111111111111111111111111111111111111111111111111111110000111111111111111111110000000000000000000
000000000000001111111111111111111111110000001111111111111111111111111111111111111111111111111111111111111110000111111111111111111111111000000000000000
000000000000001111111111111111111111110000001111111111111111111111111111111111111111111111111111111111111110000111111111111111111111111000000000000000
000000000011111111111111111111111111000000001111111111111111111111111111111111111111111111111111111111111110000011111111111111111111111111100000000000
000000000011111111111111111111111111000000001111111111111111111111111111111111111111111111111111111111111110000011111111111111111111111111100000000000
000000011111111111111111111111111111000000001111111111111111111111111111111111111111111111111111111111111110000001111111111111111111111111111110000000
000000011111111111111111111111111111000000001111111111111111111111111111111111111111111111111111111111111110000001111111111111111111111111111110000000
000011111111111111111111111111111110000000011111111111111111111111111111111111111111111111111111111111111110000000111111111111111111111111111111110000
000011111111111111111111111111111110000000011111111111111111111111111111111111111111111111111111111111111110000000111111111111111111111111111111110000
111111111111111111111111111111111100000000011111111111111111111111111111111111111111111111111111111111111111000000011111111111111111111111111111111111
111111111111111111111111111111111100000000011111111111111111111111111111111111111111111111111111111111111111000000011111111111111111111111111111111111
111111111111111111111111111111110000000000011111111111111111111111111111111111111111111111111111111111111111000000001111111111111111111111111111111111
111111111111111111111111111111110000000000011111111111111111111111111111111111111111111111111111111111111111000000001111111111111111111111111111111111
111111111111111111111111111111100000000000011111111111111111111111111111111111111111111111111111111111111111000000000011111111111111111111111111111111
111111111111111111111111111111100000000000011111111111111111111111111111111111111111111111111111111111111111000000000011111111111111111111111111111111
111111111111111111111111111111111111111111111111111111111111111111111111111111111111111111111111111111111111111111111111111111111111111111111111111111
111111111111111111111111111111111111111111111111111111111111111111111111111111111111111111111111111111111111111111111111111111111111111111111111111111
