111111111111111111111111111111111111111111111111111111111111111111111111111111111111100000000000000000000011101111111111111111111111111111111111111111
111111111111111111111111111111111111111111111111111111111111111111111111111111111111100000000000000000000011101111111111111111111111111111111111111111
111111111111111111111111111111111111111111111111111111111111111111111111111111111111110000000000000000000001111111111111111111111111111111111111111111
111111111111111111111111111111111111111111111111111111111111111111111111111111111111110000000000000000000001111111111111111111111111111111111111111111
111111111111111111111111111111111111111111111111111111111111111111111111111111111111111000000000000000000001111111111111111111111111111111111111111111
111111111111111111111111111111111111111111111111111111111111111111111111111111111111111000000000000000000001111111111111111111111111111111111111111111
111111111111111111111111111111111111111111111111111111111111111111111111111111111111111111000000000000000000111111111111111111111111111111111111111111
111111111111111111111111111111111111111111111111111111111111111111111111111111111111111111000000000000000000111111111111111111111111111111111111111111
111111111111111111111111111111111111111111111111111111111111111111111111111111111111111111111111111000000000011111111111111111111111111111111111111111
111111111111111111111111111111111111111111111111111111111111111111111111111111111111111111111111111000000000011111111111111111111111111111111111111111
111111111111111111111111111111111111111111111111111111111111111111111111111111111111111111111111111100000000001111111111111111111111111111111111111111
111111111111111111111111111111111111111111111111111111111111111111111111111111111111111111111111111100000000001111111111111111111111111111111111111111
111111111111111111111111111111111111111111111111111111111111111111111111111111111111111111111111111111000000000111111111111111111111111111111111111111
111111111111111111111111111111111111111111111111111111111111111111111111111111111111111111111111111111000000000111111111111111111111111111111111111111
111111111111111111111111111111111111111111111111111111111111111111111111111111111111111111111111111111100000000001111111111111111111111111111111111111
111111111111111111111111111111111111111111111111111111111111111111111111111111111111111111111111111111100000000001111111111111111111111111111111111111
111111111111111111111111111111111111111111111111111111111111111111111111111111111111111111111111111111110000000000011111111111111111111111111111111111
111111111111111111111111111111111111111111111111111111111111111111111111111111111111111111111111111111110000000000011111111111111111111111111111111111
111111111111111111111111111111111111111111111111111111111111111111111111111111111111111111111111111111111110000000000111111111111111111111111111111111
111111111111111111111111111111111111111111111111111111111111111111111111111111111111111111111111111111111110000000000111111111111111111111111111111111
111111111111111111111111111111111111111111111111111111111111111111111111111111111111111111111111111111111111100000000000011111111111111111111111111111
111111111111111111111111111111111111111111111111111111111111111111111111111111111111111111111111111111111111100000000000011111111111111111111111111111
111111111111111111111111111111111111111111111111111111111111111111111111111111111111111111111111111111111111111100000000000000111111111111111111111111
111111111111111111111111111111111111111111111111111111111111111111111111111111111111111111111111111111111111111100000000000000111111111111111111111111
111111111111111111111111111111111111111111111111111111111111111111111111111111111111111111111111111111111111111111100000000000001111111111111111111111
111111111111111111111111111111111111111111111111111111111111111111111111111111111111111111111111111111111111111111100000000000001111111111111111111111
111111111111111111111111111111111111111111111111111111111111111111111111111111111111111111111111111111111111111111111111111110000001111111111111111111
111111111111111111111111111111111111111111111111111111111111111111111111111111111111111111111111111111111111111111111111111110000001111111111111111111
111111111111111111111111111111111111111111111111111111111111111111111111111111111111111111111111111111111111111111111111111111110000011111111111111111
111111111111111111111111111111111111111111111111111111111111111111111111111111111111111111111111111111111111111111111111111111110000011111111111111111
111111111111111111111111111111111111111111111111111111111111111111111111111111111111111111111111111111111111111111111111111111111000000001111111111111
111111111111111111111111111111111111111111111111111111111111111111111111111111111111111111111111111111111111111111111111111111111000000001111111111111
111111111111111111111111111111111111111111111111111111111111111111111111111111111111111111111111111111111111111111111111111111111110000000111111111111
111111111111111111111111111111111111111111111111111111111111111111111111111111111111111111111111111111111111111111111111111111111110000000111111111111
111111111111111111111111111111111111111111111111111111111111111111111111111111111111111111111111111111111111111111111111111111111111100000111111111111
111111111111111111111111111111111111111111111111111111111111111111111111111111111111111111111111111111111111111111111111111111111111100000111111111111
111111111111111111111111111111111111111111111111111111111111111111111111111111111111111111111111111111111111111111111111111111111111111111111111111111
111111111111111111111111111111111111111111111111111111111111111111111111111111111111111111111111111111111111111111111111111111111111111111111111111111
111111111111111111111111111111111111111111111111111111111111111111111111111111111111111111111111111111111111111111111111111111111111111111111111111111
111111111111111111111111111111111111111111111111111111111111111111111111111111111111111111111111111111111111111111111111111111111111111111111111111111
111111111111111111111111111111111111111111111111111111111111111111111111111111111111111111111111111111111111111111111111111111111111111111111111111111
111111111111111111111111111111111111111111111111111111111111111111111111111111111111111111111111111111111111111111111111111111111111111111111111111111
111111111111111111100111111111111111111111111111111111111111111111111111111111111111111111110000011111111111111111111111111111111111111111111111111111
111111111111111111100111111111111111111111111111111111111111111111111111111111111111111111110000011111111111111111111111111111111111111111111111111111
111111111111111100000001111111111111111111111111111111111111111111111111111111111111110000000000011111111111111111111111111111111111111111111111111111
111111111111111100000001111111111111111111111111111111111111111111111111111111111111110000000000011111111111111111111111111111111111111111111111111111
111111111111111100000000111111111111111111111111111111111111111111111111111111111100000000000000000111111111111111111111111111111111111111111111111111
111111111111111100000000111111111111111111111111111111111111111111111111111111111100000000000000000111111111111111111111111111111111111111111111111111
111111111111111100000001111111111111111111111111100000000000000000000000000000000000000000000000000000000111111111111111111111111111111111111111111111
111111111111111100000001111111111111111111111111100000000000000000000000000000000000000000000000000000000111111111111111111111111111111111111111111111
111111111111111100000001111111111111100000000000000000000001111111111111111111111000000000000000000001110001111111111111111111111111111111111111111111
111111111111111100000001111111111111100000000000000000000001111111111111111111111000000000000000000001110001111111111111111111111111111111111111111111
111111111111111000000001111111111110111111111111111111111111111111111111111111111000000000000000000011110011111111111111111111111111111111111111111111
111111111111111000000001111111111110111111111111111111111111111111111111111111111000000000000000000011110011111111111111111111111111111111111111111111
111111111111111000000001111111111111111111111111111111111111111111111111111111111000000000000000000001110011111111111111111111111111111111111111111111
111111111111111000000001111111111111111111111111111111111111111111111111111111111000000000000000000001110011111111111111111111111111111111111111111111
111111111111110000000000111111111111111111111111111111111111111111111111111111111111100000000000000000111111111111111111111111111111111111111111111111
111111111111110000000000111111111111111111111111111111111111111111111111111111111111100000000000000000111111111111111111111111111111111111111111111111
111111111111100000000000011111111111111111111111111111111111111111111111111111111111110000000000000000111111111111111111111111111111111111111111111111
111111111111100000000000011111111111111111111111111111111111111111111111111111111111110000000000000000111111111111111111111111111111111111111111111111
111111111111000000000000000111111111111111111111111111111111111111111111111111111111110000000000000000111111111111111111111111111111111111111111111111
111111111111000000000000000111111111111111111111111111111111111111111111111111111111110000000000000000111111111111111111111111111111111111111111111111
111111111111110000000000000111111111111111111111111111111111111111111111111111111111100000000000000001111111111111111111111111111111111111111111111111
111111111111110000000000000111111111111111111111111111111111111111111111111111111111100000000000000001111111111111111111111111111111111111111111111111
111111111111110000000001111111111111111111111111111111111111111111111111111111111111110000000000000111111111111111111111111111111111111111111111111111
111111111111110000000001111111111111111111111111111111111111111111111111111111111111110000000000000111111111111111111111111111111111111111111111111111
111111111111100000000001111111111111111111111111111111111111111111111111111111111111111000000000001111111111111111111111111111111111111111111111111111
111111111111100000000001111111111111111111111111111111111111111111111111111111111111111000000000001111111111111111111111111111111111111111111111111111
111111111111110000000000111111111111111111111111111111111111111111111111111111111111110000000000001111111111111111111111111111111111111111111111111111
111111111111110000000000111111111111111111111111111111111111111111111111111111111111110000000000001111111111111111111111111111111111111111111111111111
111111111111110000000000111111111111111111111111111111111111111111111111111111111111110000000000001111111111111111111111111111111111111111111111111111
111111111111110000000000111111111111111111111111111111111111111111111111111111111111110000000000001111111111111111111111111111111111111111111111111111
111111111111110000000000011111111111111111111111111111111111111111111111111111111111110000000000001111111111111111111111111111111111111111111111111111
111111111111110000000000011111111111111111111111111111111111111111111111111111111111110000000000001111111111111111111111111111111111111111111111111111
111111111111100000000000011111111111111111111111111111111111111111111111111111111111100000000000001111111111111001111111111111111111111111111111111111
111111111111100000000000011111111111111111111111111111111111111111111111111111111111100000000000001111111111111001111111111111111111111111111111111111
111111111111100000000000001111111111111111111111111111111111111001111111111111111111100000000000000111111110000000111111111111111111111111111111111111
111111111111100000000000001111111111111111111111111111111111111001111111111111111111100000000000000111111110000000111111111111111111111111111111111111
111111111111100000000001101111111111111111111111111111111111111110000011111111111111100000000000000111000000000011111111111111111111111111111111111111
111111111111100000000001101111111111111111111111111111111111111110000011111111111111100000000000000111000000000011111111111111111111111111111111111111
111111111111111000111001111111111111111111111111111111111111111111111000001000111111000000000000000000000001111111111111111111111111111111111111111111
111111111111111000111001111111111111111111111111111111111111111111111000001000111111000000000000000000000001111111111111111111111111111111111111111111
111110000000000000000000111111111111111111111111111111111111111111111111110000000100000000000000000000111111111111111111111111111111111111111111111111
111110000000000000000000111111111111111111111111111111111111111111111111110000000100000000000000000000111111111111111111111111111111111111111111111111
100000000000011111111111111111111111111111111111111111111111111111111111110001000000000000000000001111111111111111111111111111111111111111111111111111
100000000000011111111111111111111111111111111111111111111111111111111111110001000000000000000000001111111111111111111111111111111111111111111111111111
111111111111111111111111111111111111111111111111111111111111111111111111111111100000000000000000001111111111111111111111111111111111111111111111111111
111111111111111111111111111111111111111111111111111111111111111111111111111111100000000000000000001111111111111111111111111111111111111111111111111111
111111111111111111111111111111111111111111111111111111111111111111111111111111000000000000000000000111111111111111111111111111111111111111111111111111
111111111111111111111111111111111111111111111111111111111111111111111111111111000000000000000000000111111111111111111111111111111111111111111111111111
111111111111111111111111111111111111111111111111111111111111111100111111000000000000000000000000000000000111111111111111111111111111111111111111111111
111111111111111111111111111111111111111111111111111111111111111100111111000000000000000000000000000000000111111111111111111111111111111111111111111111
111111111111111111111111111111111111111111111111111111111111111111000000000000000000000000000000000011000000000001111111111111111111111111111111111111
111111111111111111111111111111111111111111111111111111111111111111000000000000000000000000000000000011000000000001111111111111111111111111111111111111
111111111111111111111111111111111111111111111111111111111111000000000001110000000000000000000000000000111111000000000001111111111111111111111111111111
111111111111111111111111111111111111111111111111111111111111000000000001110000000000000000000000000000111111000000000001111111111111111111111111111111
111111111111111111111111111111111111111111111111111111111110000001111111000000000000000000000000000000011111111111111111111111111111111111111111111111
111111111111111111111111111111111111111111111111111111111110000001111111000000000000000000000000000000011111111111111111111111111111111111111111111111
111111111111111111111111111111111111111111111111111111111111111111111100000000000000000000000000000000000111111111111111111111111111111111111111111111
111111111111111111111111111111111111111111111111111111111111111111111100000000000000000000000000000000000111111111111111111111111111111111111111111111
111111111111111111111111111111111111111111111111111111111111111111111000000000000000000000000000000000000001111111111111111111111111111111111111111111
111111111111111111111111111111111111111111111111111111111111111111111000000000000000000000000000000000000001111111111111111111111111111111111111111111
111111111111111111111111111111111111111111111111111111111111111111100000000000000000000000000000000000000000111111111111111111111111111111111111111111
111111111111111111111111111111111111111111111111111111111111111111100000000000000000000000000000000000000000111111111111111111111111111111111111111111
111111111111111111111111111111111111111111111111111111111111111111000000000000000000000000000000000000000000001111111111111111111111111111111111111111
111111111111111111111111111111111111111111111111111111111111111111000000000000000000000000000000000000000000001111111111111111111111111111111111111111
111111111111111111111111111111111111111111111111111111111111111110000000000000000000000000000000000000000000000011111111111111111111111111111111111111
111111111111111111111111111111111111111111111111111111111111111110000000000000000000000000000000000000000000000011111111111111111111111111111111111111
111111111111111111111111111111111111111111111111111111111111111100000000000000000000000000000000000000000000000011111111111111111111111111111111111111
111111111111111111111111111111111111111111111111111111111111111100000000000000000000000000000000000000000000000011111111111111111111111111111111111111
111111111111111111111111111111111111111111111111111111111111111000000000000000000000000000000000000000000000000011111111111111111111111111111111111111
111111111111111111111111111111111111111111111111111111111111111000000000000000000000000000000000000000000000000011111111111111111111111111111111111111
111111111111111111111111111111111111111111111111111111111111110000001110000000000000000000000000000000000000001111111111111111111111111111111111111111
111111111111111111111111111111111111111111111111111111111111110000001110000000000000000000000000000000000000001111111111111111111111111111111111111111
111111111111111111111111111111111111111111111111111111111111111111111111111111111111111111111111111111111111111111111111111111111111111111111111111111
111111111111111111111111111111111111111111111111111111111111111111111111111111111111111111111111111111111111111111111111111111111111111111111111111111
