100111111111111111111111111111111111111111111111111111111111111111111111111111111111100000000000000000000000011111111111111111111111111111111111111111
100111111111111111111111111111111111111111111111111111111111111111111111111111111111100000000000000000000000011111111111111111111111111111111111111111
111111111111111111111111111111111111100111111111111111111111111111111111111111111111000000000000000000000000000011111111111111111111111111111111111111
111111111111111111111111111111111111100111111111111111111111111111111111111111111111000000000000000000000000000011111111111111111111111111111111111111
111111111111111111111111111111111111111111111111111111111111111111111111111111111110000000000000000000000000000001111111111111111111111111111111111111
111111111111111111111111111111111111111111111111111111111111111111111111111111111110000000000000000000000000000001111111111111111111111111111111111111
111111111111111111111111111111111111111111111111111111111111111111111111111111111110000000000000000000011100000000011111111111110111111111111111111111
111111111111111111111111111111111111111111111111111111111111111111111111111111111110000000000000000000011100000000011111111111110111111111111111111111
111111111111111111111111111111111111111111111111111111111111111111111111111111111111000000000000000000111110000000000111111111111111111111111111111111
111111111111111111111111111111111111111111111111111111111111111111111111111111111111000000000000000000111110000000000111111111111111111111111111111111
111111111111111111111111111111111111111111111111111111111111111111111111111111111111100000000000000001111111110000000000000011111111111111111111111111
111111111111111111111111111111111111111111111111111111111111111111111111111111111111100000000000000001111111110000000000000011111111111111111111111111
111111111111111111111111111111111111111111111111111111111111111111111111111111111111111000000000000111111111111100000000000000111111111111111111111111
111111111111111111111111111111111111111111111111111111111111111111111111111111111111111000000000000111111111111100000000000000111111111111111111111111
111111111111111111111111111111111111111111111111111111111111111111111111111111111111111111100001111111111111111111111111111100011111111111111111111111
111111111111111111111111111111111111111111111111111111111111111111111111111111111111111111100001111111111111111111111111111100011111111111111111111111
111111111111111111111111111111111111111111111111111111111101111111111111111111111111111111111111111111111111111111111111111110111111111001111111111111
111111111111111111111111111111111111111111111111111111111101111111111111111111111111111111111111111111111111111111111111111110111111111001111111111111
111111111111111111111111111111111111111111111111111111111111111111111111110000011111111111111111111111111111111111111111111111111111111111111111111111
111111111111111111111111111111111111111111111111111111111111111111111111110000011111111111111111111111111111111111111111111111111111111111111111111111
111111111111111111111111111111111111111111111111111111111111111111111111100000011111111111111111111111111111111111111111111111111111111111111111111111
111111111111111111111111111111111111111111111111111111111111111111111111100000011111111111111111111111111111111111111111111111111111111111111111111111
111111111111111111111111111111111111111111111111111111111111110000000000000000000000111111111111111111111111111111111111111111111111111111111111111111
111111111111111111111111111111111111111111111111111111111111110000000000000000000000111111111111111111111111111111111111111111111111111111111111111111
111111111111111111111111111111111111111111111111111111111111100000000000000000001110000111111111100111111111111111111111111111111111111111111111111111
111111111111111111111111111111111111111111111111111111111111100000000000000000001110000111111111100111111111111111111111111111111111111111111111111111
111111111111111111111111111111111111111111111111111111111110000000000000000000011111111100011111111111111111111111111111111111111111111111111111111111
111111111111111111111111111111111111111111111111111111111110000000000000000000011111111100011111111111111111111111111111111111111111111111111111111111
111111111111111111111111111111111111111111111111111111111110000000000000000000011111111111110001111111111111111111111111111111111111111111111111111111
111111111111111111111111111111111111111111111111111111111110000000000000000000011111111111110001111111111111111111111111111111111111111111111111111111
111111111111111111111111111111111111111111111111111111111110000000000000000111111111111111111111000000011111111111111111111111111111111111111111111111
111111111111111111111111111111111111111111111111111111111110000000000000000111111111111111111111000000011111111111111111111111111111111111111111111111
111111111111111111111111111111111111111111111111111111111100000000000000000111111111111111000000000100000000001111111111111111111111111111111111111111
111111111111111111111111111111111111111111111111111111111100000000000000000111111111111111000000000100000000001111111111111111111111111111111111111111
111111111111111111111111111111111111111111011111111111111110000000000000001111001101000000000001111111000100000000001111111111111111111111111111111111
111111111111111111111111111111111111111111011111111111111110000000000000001111001101000000000001111111000100000000001111111111111111111111111111111111
111111111111111111111111111111111111111111111111111111111111111100000111110000000000000000111111111111111111110000000000001111111111111111111111111100
111111111111111111111111111111111111111111111111111111111111111100000111110000000000000000111111111111111111110000000000001111111111111111111111111100
111111111111111111111111111111111111111111111111111111111111110000000000000000000000011111111111111111111111111111000000000000011111111111111111111110
111111111111111111111111111111111111111111111111111111111111110000000000000000000000011111111111111111111111111111000000000000011111111111111111111110
111111111111111111111111111111111111111111111111111111111111000000000000000000000011111111111111111111111111111111111110000000000000111111111111111111
111111111111111111111111111111111111111111111111111111111111000000000000000000000011111111111111111111111111111111111110000000000000111111111111111111
111111111111111111111000111111111111111111111111111111111100000000000000000111111111111111111111111111111111111111111111110000000000000000111111111111
111111111111111111111000111111111111111111111111111111111100000000000000000111111111111111111111111111111111111111111111110000000000000000111111111111
111111111111111111100000001111111111111111111111111111110000000000000000001111111111111111111111111111111111111111111111111111100000000000000011111111
111111111111111111100000001111111111111111111111111111110000000000000000001111111111111111111111111111111111111111111111111111100000000000000011111111
111111111111111111100000001111111111111111111111111111110000000000000000000111111111111111111111111111111111111111111111111111111111000000000000001111
111111111111111111100000001111111111111111111111111111110000000000000000000111111111111111111111111111111111111111111111111111111111000000000000001111
111111111111111111000000001111111111111111111111111111100000001000000000000111111111111111111111111111111111111111111111111111111111111110000000000000
111111111111111111000000001111111111111111111111111111100000001000000000000111111111111111111111111111111111111111111111111111111111111110000000000000
111111111111111111100000011111111111111111111111111111100000111000000000000111111111111111111111111111111111111111111111111111111111111111111000000000
111111111111111111100000011111111111111111111111111111100000111000000000000111111111111111111111111111111111111111111111111111111111111111111000000000
111111111111111111000000001111111111111111111111111111000001111000000000000111111111111111111111111111111111111111111111111111111111111111111111110000
111111111111111111000000001111111111111111111111111111000001111000000000000111111111111111111111111111111111111111111111111111111111111111111111110000
111111111111111110000000001111111111111111000011111111100001110000000000000111111111111111111111111111111111111111111111111111111111111111111111111111
111111111111111110000000001111111111111111000011111111100001110000000000000111111111111111111111111111111111111111111111111111111111111111111111111111
111111111111111110000000000111111111111111111100001111110000100000000000000111111111111111111111111111111111111111111111111111111111111111111111111111
111111111111111110000000000111111111111111111100001111110000100000000000000111111111111111111111111111111111111111111111111111111111111111111111111111
111111111111111100000000000001111111111111111111100001110000111000000000001100000111111111111111111111111111111111111111111111111111111111111111111111
111111111111111100000000000001111111111111111111100001110000111000000000001100000111111111111111111111111111111111111111111111111111111111111111111111
111111111111111100000000000001111111111111111111111111000000010000000000000000001111111111111111111111111111111111111111111111111111111111111111111111
111111111111111100000000000001111111111111111111111111000000010000000000000000001111111111111111111111111111111111111111111111111111111111111111111111
111111111111111100000000011111111111111111111111111111101000000000000000000111111111111111111111111111111111111111111111111111111111111111111111111111
111111111111111100000000011111111111111111111111111111101000000000000000000111111111111111111111111111111111111111111111111111111111111111111111111111
111111111111111000000000001111111111111111111111111111111000000000000000000011111111111111111111111111111111111111111111111111111111111111111111111111
111111111111111000000000001111111111111111111111111111111000000000000000000011111111111111111111111111111111111111111111111111111111111111111111111111
111111111111111110000000000111111111111111111111111111110000000000000000000001111111111111111111111111111111111111111111111111111111111111111111111111
111111111111111110000000000111111111111111111111111111110000000000000000000001111111111111111111111111111111111111111111111111111111111111111111111111
111111111111111110000000000111111111111111111111111100000000000000000000000000111111111111111111111111111111111111111111111111111111111111111111111111
111111111111111110000000000111111111111111111111111100000000000000000000000000111111111111111111111111111111111111111111111111111111111111111111111111
111111111111111110000000000011111111111111111100000000011110000000000000000000000001111111111111111111111111111111111111111111111111111111111111111111
111111111111111110000000000011111111111111111100000000011110000000000000000000000001111111111111111111111111111111111111111111111111111111111111111111
111111111111111110000000000001111111100110000000000111111100000000000000000000001000000001111111111111111111111111111111111111111111111111111111111111
111111111111111110000000000001111111100110000000000111111100000000000000000000001000000001111111111111111111111111111111111111111111111111111111111111
111111111111111100000000000001111100000000001111111111111000000000000000000000000011111000000001111111111111111111111111111111111111111111111111111111
111111111111111100000000000001111100000000001111111111111000000000000000000000000011111000000001111111111111111111111111111111111111111111111111111111
111111111111111100000000001110000000001111111111111111111000000000000000000000000001111111111111111111111111111111111111111111111111111111111111111111
111111111111111100000000001110000000001111111111111111111000000000000000000000000001111111111111111111111111111111111111111111111111111111111111111111
111111111111111111000111000111111111111111111111111111110000000000000000000000000000111111111111111111111111111111111111111111111111111111111111111111
111111111111111111000111000111111111111111111111111111110000000000000000000000000000111111111111111111111111111111111111111111111111111111111111111111
111111100000000000000000011111111111111111111111111111110000000000000000000000000000011111111111111111111111111111111111111111111111111111111111111111
111111100000000000000000011111111111111111111111111111110000000000000000000000000000011111111111111111111111111111111111111111111111111111111111111111
100000000000111111111111111111111111111111111111111111100000000000000000000000000000000111111111111111111111111111111111111111111111111111111111111111
100000000000111111111111111111111111111111111111111111100000000000000000000000000000000111111111111111111111111111111111111111111111111111111111111111
111111111111111111111111111111111111111111111111111111100000000000000000000000000000000011111111111111111111111111111111111111111111111111111111111111
111111111111111111111111111111111111111111111111111111100000000000000000000000000000000011111111111111111111111111111111111111111111111111111111111111
111111111111111111111111111111111111111111111111111111100000000000000000000000000000000111111111111111111111111111111111111111111111111111111111111111
111111111111111111111111111111111111111111111111111111100000000000000000000000000000000111111111111111111111111111111111111111111111111111111111111111
111111111111111111111111111111111111111111111111111111100000000000000000000000000000001111111111111111111111111111111111111111111111111111111111111111
111111111111111111111111111111111111111111111111111111100000000000000000000000000000001111111111111111111111111111111111111111111111111111111111111111
111111111111111111111111111111111111111111111111111111110000000000000000000000000011111111111111111111111111111111111111111111111111111111111111111111
111111111111111111111111111111111111111111111111111111110000000000000000000000000011111111111111111111111111111111111111111111111111111111111111111111
111111111111111111111111111111111111111111111111111111111100000000000000000000011111111111111111111111111111111111111111111111111111111111111111111111
111111111111111111111111111111111111111111111111111111111100000000000000000000011111111111111111111111111111111111111111111111111111111111111111111111
111111111111111111111111111111111111111111111111111111111100000111111111111000001111111111111111111111111111111111111111111111111111111111111111111111
111111111111111111111111111111111111111111111111111111111100000111111111111000001111111111111111111111111111111111111111111111111111111111111111111111
111111111111111111111111111111111111111111111111111111111000001111111111111000000111111111111111111111111111111111111111111111111111111111111111111111
111111111111111111111111111111111111111111111111111111111000001111111111111000000111111111111111111111111111111111111111111111111111111111111111111111
111111111111111111111111111111111111111111111111111111111000001111111111111100000111111111111111111111111111111111111111111111111111111111111111111111
111111111111111111111111111111111111111111111111111111111000001111111111111100000111111111111111111111111111111111111111111111111111111111111111111111
111111111111111111111111111111111111111111111111111111111000001111111111111100000011111111111111111111111111111111111111111111111111111111111111111111
111111111111111111111111111111111111111111111111111111111000001111111111111100000011111111111111111111111111111111111111111111111111111111111111111111
111111111111111111111111111111111111111111111111111111111000001111111111111110000011111111111111111111111111111111111111111111111111111111111111111111
111111111111111111111111111111111111111111111111111111111000001111111111111110000011111111111111111111111111111111111111111111111111111111111111111111
111111111111111111111111111111111111111111111111111111111000011111111111111110000011111111111111111111111111111111111111111111111111111111111111111111
111111111111111111111111111111111111111111111111111111111000011111111111111110000011111111111111111111111111111111111111111111111111111111111111111111
111111111111111111111111111111111111111111111111111111111000011111111111111111000011111111111111111111111111111111111111111111111111111111111111111111
111111111111111111111111111111111111111111111111111111111000011111111111111111000011111111111111111111111111111111111111111111111111111111111111111111
111111111111111111111111111111111111111111111111111111111000011111111111111111000011111111111111111111111111111111111111111111111111111111111111111111
111111111111111111111111111111111111111111111111111111111000011111111111111111000011111111111111111111111111111111111111111111111111111111111111111111
111111111111111111111111111111111111111111111111111111111000011111111111111111100011111111111111111111111111111111111111111111111111111111111111111111
111111111111111111111111111111111111111111111111111111111000011111111111111111100011111111111111111111111111111111111111111111111111111111111111111111
111111111111111111111111111111111111111111111111111111110000011111111111111111000001111111111111111111111111111111111111111111111111111111111111111111
111111111111111111111111111111111111111111111111111111110000011111111111111111000001111111111111111111111111111111111111111111111111111111111111111111
111111111111111111111111111111111111111111111111111111111111111111111111111111111111111111111111111111111111111111111111111111111111111111111111111111
111111111111111111111111111111111111111111111111111111111111111111111111111111111111111111111111111111111111111111111111111111111111111111111111111111
