111111111111111111111111111111111111111111111111111111111111111111111111111111111111111111111111111111111111111111111000000000000000000000000000000001
111111111111111111111111111111111111111111111111111111111111111111111111111111111111111111111111111111111111111111111000000000000000000000000000000001
111111111111111111111111111111111111111111111111111111111111111111111111111111111111111111111111111111111111111111111110000000000000000000000000000001
111111111111111111111111111111111111111111111111111111111111111111111111111111111111111111111111111111111111111111111110000000000000000000000000000001
111111111111111111111111111111111111111111111111111111111111111111111111111111111111111111111111111111111111111111111111100000000000000000000000000001
111111111111111111111111111111111111111111111111111111111111111111111111111111111111111111111111111111111111111111111111100000000000000000000000000001
111111111111111111111111111111111111111111111111111111111111111111111111111111111111111111111111111111111111111111111111110000000000000000000000000011
111111111111111111111111111111111111111111111111111111111111111111111111111111111111111111111111111111111111111111111111110000000000000000000000000011
111111111111111111111111111111111111111111111111111111111111111111111111111111111111111111111111111111111111111111111111111100000000000000000000000111
111111111111111111111111111111111111111111111111111111111111111111111111111111111111111111111111111111111111111111111111111100000000000000000000000111
111111111111111111111111111111111111111111111111111111111111111111111111111111111111111110111111111111111111111111111111111110000000000000000000011111
111111111111111111111111111111111111111111111111111111111111111111111111111111111111111110111111111111111111111111111111111110000000000000000000011111
111111111111111111111111111111111111111111111111111111111111111111111111111111111111111100111111111111111111111111111111111111000000000000000000101111
111111111111111111111111111111111111111111111111111111111111111111111111111111111111111100111111111111111111111111111111111111000000000000000000101111
111111111111100111111111111111111111111111111111111111111111111111111111111111111111111000111111111111111111111111111111111111111100000000111000000000
111111111111100111111111111111111111111111111111111111111111111111111111111111111111111000111111111111111111111111111111111111111100000000111000000000
111111111111111111111111111111111111111111111111111111111111111111111111111111111111100000111111111111111111111111111111111111111111111111100000011111
111111111111111111111111111111111111111111111111111111111111111111111111111111111111100000111111111111111111111111111111111111111111111111100000011111
111111111111111111111111111111111111111111111111111111111111111111111111100000000001100000111111111111111111111111111111111111111111111110000011111111
111111111111111111111111111111111111111111111111111111111111111111111111100000000001100000111111111111111111111111111111111111111111111110000011111111
111111111111111111111111111111111111111111111111111111111111111111111110000000000000000011111111111111111111111111111111111111111111110000011111111111
111111111111111111111111111111111111111111111111111111111111111111111110000000000000000011111111111111111111111111111111111111111111110000011111111111
111111111111111111111111111111111111111111111111111111111111111111101000000000000000000111111111111111111111111111111111111111111111000001111111111111
111111111111111111111111111111111111111111111111111111111111111111101000000000000000000111111111111111111111111111111111111111111111000001111111111111
111111111111111111111111111111111111111111111111111111111111111111111000000000000000000011111111111111111111111111111111111111111000001111111111111111
111111111111111111111111111111111111111111111111111111111111111111111000000000000000000011111111111111111111111111111111111111111000001111111111111111
111111111111111111111111111111100111111111111111111111111111111111110000000000000000000001111111111111111111111111111111111111000000111111111111111111
111111111111111111111111111111100111111111111111111111111111111111110000000000000000000001111111111111111111111111111111111111000000111111111111111111
111111111111111111111111111111111111111111111111111111111111111111100000000000000000000001111111111111111111111111100000000100000111111111111111111111
111111111111111111111111111111111111111111111111111111111111111111100000000000000000000001111111111111111111111111100000000100000111111111111111111111
111111111111111111111111111111111111111111111111111111111111111111000000000000000000000001111111111111111111100000000000000000111111111111111111111111
111111111111111111111111111111111111111111111111111111111111111111000000000000000000000001111111111111111111100000000000000000111111111111111111111111
111111111111111111111111111111111111111111111111111111111111111111100000000000000000000111111111111111100000000000000000000000111111111111111111111111
111111111111111111111111111111111111111111111111111111111111111111100000000000000000000111111111111111100000000000000000000000111111111111111111111111
111111111111111111111111111111111111111111111111111111111111111111100000000000000000011110001001000000000000000011100000000001111111111111111111111111
111111111111111111111111111111111111111111111111111111111111111111100000000000000000011110001001000000000000000011100000000001111111111111111111111111
111111111111111111111111111111111111111111111111111111111111111111111101100000000010000000000000000000000000111100000001101111111111111111111111111111
111111111111111111111111111111111111111111111111111111111111111111111101100000000010000000000000000000000000111100000001101111111111111111111111111111
111111111111111111111111111111111111111111111111111111111111111111111000000000000000000000000000000000011111100000001100111111111111111111111111111111
111111111111111111111111111111111111111111111111111111111111111111111000000000000000000000000000000000011111100000001100111111111111111111111111111111
111111111111111111111111111111111111111111111111111111111111111111100000000000000000000000000000011111111100000001111111111111111111111111111111111111
111111111111111111111111111111111111111111111111111111111111111111100000000000000000000000000000011111111100000001111111111111111111111111111111111111
111111111111111111111111111111111111111111111111111111111111111110000000000000000000000000000011111111110000000111111111111111111111111111111111111111
111111111111111111111111111111111111111111111111111111111111111110000000000000000000000000000011111111110000000111111111111111111111111111111111111111
111111111111111000001111111111111111111111111111111111111111110000000000000000000000111111111111111110000000111111111111111111111111111111111111111111
111111111111111000001111111111111111111111111111111111111111110000000000000000000000111111111111111110000000111111111111111111111111111111111111111111
111111111111110000000111111111111111111111111111111111111111100000000000000000000001111111111111110000000111111111111111111111111111111111111111111111
111111111111110000000111111111111111111111111111111111111111100000000000000000000001111111111111110000000111111111111111111111111111111111111111111111
111111111111110000000011111111111111111111111111111111111111000000000000000000000001111111111110000000111111111111111111111111111111111111111111111111
111111111111110000000011111111111111111111111111111111111111000000000000000000000001111111111110000000111111111111111111111111111111111111111111111111
111111111111100000000111111111111111111111111111111111111111000000000000000000000001111111110000000111111111111111111111111111111111111111111111111111
111111111111100000000111111111111111111111111111111111111111000000000000000000000001111111110000000111111111111111111111111111111111111111111111111111
111111111111110000000111111111111111111111111111111111111100000000000000000000000001111111000000111111111111111111111111111111111111111111111111111111
111111111111110000000111111111111111111111111111111111111100000000000000000000000001111111000000111111111111111111111111111111111111111111111111111111
111111111111110000000111111111111111111110001111111111111000000001110000000000000001111000000011111111111111111111111111111111111111111111111111111111
111111111111110000000111111111111111111110001111111111111000000001110000000000000001111000000011111111111111111111111111111111111111111111111111111111
111111111111100000000011111111111111111111100001111111110000001111100000000000000001000000011111111111111111111111111111111111111111111111111111111111
111111111111100000000011111111111111111111100001111111110000001111100000000000000001000000011111111111111111111111111111111111111111111111111111111111
111111111111100000000001111111111111111111111100001111100000011111000000000000000000000011111111111111111111111111111111111111111111111111111111111111
111111111111100000000001111111111111111111111100001111100000011111000000000000000000000011111111111111111111111111111111111111111111111111111111111111
111111111111000000000000001111111111111111111111100001100000111100000000000000000000011111111111111111111111111111111111111111111111111111111111111111
111111111111000000000000001111111111111111111111100001100000111100000000000000000000011111111111111111111111111111111111111111111111111111111111111111
111111111111000000000000001111111111111111111111111100000000111111000000000000000011111111111111111111111111111111111111111111111111111111111111111111
111111111111000000000000001111111111111111111111111100000000111111000000000000000011111111111111111111111111111111111111111111111111111111111111111111
111111111111000000000001101111111111111111111111111111000001111110000000000000000011111111111111111111111111111111111111111111111111111111111111111111
111111111111000000000001101111111111111111111111111111000001111110000000000000000011111111111111111111111111111111111111111111111111111111111111111111
111111111111110000000001111111111111111111111111111111000000001100000000000000001111111111111111111111111111111111111111111111111111111111111111111111
111111111111110000000001111111111111111111111111111111000000001100000000000000001111111111111111111111111111111111111111111111111111111111111111111111
111111111111110000000001111111111111111111111111111111000010000000000000000000001111111111111111111111111111111111111111111111111111111111111111111111
111111111111110000000001111111111111111111111111111111000010000000000000000000001111111111111111111111111111111111111111111111111111111111111111111111
111111111111110000000001111111111111111111111111111110000110000000000000000000000111111111111111111111111111111111111111111111111111111111111111111111
111111111111110000000001111111111111111111111111111110000110000000000000000000000111111111111111111111111111111111111111111111111111111111111111111111
111111111111110000000000111111111111111111111111111110000000000000000000000000000111111111111111111111111111111111111111111111111111111111111111111111
111111111111110000000000111111111111111111111111111110000000000000000000000000000111111111111111111111111111111111111111111111111111111111111111111111
111111111111110000000000111111111111111111111111111000000000000000000000000000000011111111111111111111111111111111111111111111111111111111111111111111
111111111111110000000000111111111111111111111111111000000000000000000000000000000011111111111111111111111111111111111111111111111111111111111111111111
111111111111100000000000011111111111111111111111000000000000000000000000000000000011111111111111111111111111111111111111111111111111111111111111111111
111111111111100000000000011111111111111111111111000000000000000000000000000000000011111111111111111111111111111111111111111111111111111111111111111111
111111111111100000000000011111111111111111110000000001111100000000000000000000000001111111111111111111111111111111111111111111111111111111111111111111
111111111111100000000000011111111111111111110000000001111100000000000000000000000001111111111111111111111111111111111111111111111111111111111111111111
111111111111000000000000011111111111111100000000001111111000000000000000000000000000111111111111111111111111111111111111111111111111111111111111111111
111111111111000000000000011111111111111100000000001111111000000000000000000000000000111111111111111111111111111111111111111111111111111111111111111111
111111111111110001000111111111111111000000000011111111110000000000000000000000000000000111111111111111111111111111111111111111111111111111111111111111
111111111111110001000111111111111111000000000011111111110000000000000000000000000000000111111111111111111111111111111111111111111111111111111111111111
111111111111100000000001111111110000000000111111111111110000000000000000000000000000000000011111111111111111111111111111111111111111111111111111111111
111111111111100000000001111111110000000000111111111111110000000000000000000000000000000000011111111111111111111111111111111111111111111111111111111111
100000000000000000011111111000000000001111111111111111100000000000000000000000000000001000000011111111111111111111111111111111111111111111111111111111
100000000000000000011111111000000000001111111111111111100000000000000000000000000000001000000011111111111111111111111111111111111111111111111111111111
000001111111111000011110000000000011111111111111111111000000000000000000000000000000000111000000011111111111111111111111111111111111111111111111111111
000001111111111000011110000000000011111111111111111111000000000000000000000000000000000111000000011111111111111111111111111111111111111111111111111111
111111111111111111000000000001111111111111111111111110000000000000000000000000000000000011111100000001111111111111111111111111111111111111111111111111
111111111111111111000000000001111111111111111111111110000000000000000000000000000000000011111100000001111111111111111111111111111111111111111111111111
111111111111000000000001111111111111111111111111111100000000000000000000000000000000000001111111110000000111111111111111111111111111111111111111111111
111111111111000000000001111111111111111111111111111100000000000000000000000000000000000001111111110000000111111111111111111111111111111111111111111111
111111111111000000001111111111111100111111111111111000000000000000000000000000000000000000111111111111100011111111111111111111111111111111111111111111
111111111111000000001111111111111100111111111111111000000000000000000000000000000000000000111111111111100011111111111111111111111111111111111111111111
111111111111111111110111111111111100111111111111111000000000000000000000000000000000000000011111111111111111111111111111111111111111111111111111111111
111111111111111111110111111111111100111111111111111000000000000000000000000000000000000000011111111111111111111111111111111111111111111111111111111111
111111111111111111111111111111111101111111111111110000000000000000000000000000000000000000011111111111111111111111111111111111111111111111111111111111
111111111111111111111111111111111101111111111111110000000000000000000000000000000000000000011111111111111111111111111111111111111111111111111111111111
111111111111111111111111111111111111111111111111111000000000000000000000000000000000000000001111111111111111111111111111111111111111111111111111111111
111111111111111111111111111111111111111111111111111000000000000000000000000000000000000000001111111111111111111111111111111111111111111111111111111111
111111111111111111111111111111111111111111111011111000000000000000000000000000000000000000001111111111111111111111111111111111111111111111111111111111
111111111111111111111111111111111111111111111011111000000000000000000000000000000000000000001111111111111111111111111111111111111111111111111111111111
111111111111111111111111111111111111111111111111111100000000000000000000000000000000000000111111111111111111111111111111111111111111111111111111111111
111111111111111111111111111111111111111111111111111100000000000000000000000000000000000000111111111111111111111111111111111111111111111111111111111111
111111111111111111111111111111111111111111111111111110000000000000000000000000000000000001111111111111111111111111111111111111111111111111111111111111
111111111111111111111111111111111111111111111111111110000000000000000000000000000000000001111111111111111111111111111111111111111111111111111111111111
111111111111111111111111111111111111111111111111111111111000000000000000000000000000000111111111111111111111111111111111111111111111111111111111111111
111111111111111111111111111111111111111111111111111111111000000000000000000000000000000111111111111111111111111111111111111111111111111111111111111111
111111111111111111111111111111111111111111111111111111111000000010000000000000000000011111111111111111111111111111111111111111111111111111111111111111
111111111111111111111111111111111111111111111111111111111000000010000000000000000000011111111111111111111111111111111111111111111111111111111111111111
111111111111111111111111111111111111111111111111111111111000000011111111111111100000001111111111111111111111111111111111111111111111111111111111111111
111111111111111111111111111111111111111111111111111111111000000011111111111111100000001111111111111111111111111111111111111111111111111111111111111111
111111111111111111111111111111111111111111111111111111111111111111111111111111111111111111111111111111111111111111111111111111111111111111111111111111
111111111111111111111111111111111111111111111111111111111111111111111111111111111111111111111111111111111111111111111111111111111111111111111111111111
