111111111111111111111111111111111111111111111111111111111111111111111111111111111111111110011111111111111111111111111111111111111111111111111111111111
111111111111111111111111111111111111111111111111111111111111111111111111111111111111111110011111111111111111111111111111111111111111111111111111111111
111111111111111111111111111111111111111111111111111111111111111111111111111111111111111100011111111111111111111111111111111111111111111111111111111111
111111111111111111111111111111111111111111111111111111111111111111111111111111111111111100011111111111111111111111111111111111111111111111111111111111
111111111111111111111111111111111111100111111111111111111111111111111111111111111111111000011111111111111111111111111111111111111111111111111111111111
111111111111111111111111111111111111100111111111111111111111111111111111111111111111111000011111111111111111111111111111111111111111111111111111111111
111111111111111111111111111111111111111111111111111111111111111111111111111111111111110000001111111111111111111111111111111111111111111111111111111111
111111111111111111111111111111111111111111111111111111111111111111111111111111111111110000001111111111111111111111111111111111111111111111111111111111
111111111111111111111111111111111111111111111111111111111111111111111111000111111111100000000111111111111111111111111111111111111111111111111111111111
111111111111111111111111111111111111111111111111111111111111111111111111000111111111100000000111111111111111111111111111111111111111111111111111111111
111111111111111111111111111111111111111111111111111111111111111111100000000000001110000000000011111111111111111111110111111111111111111111111111111111
111111111111111111111111111111111111111111111111111111111111111111100000000000001110000000000011111111111111111111110111111111111111111111111111111111
111111111111111111111111111111111111111111111111111111111111111110000000000000000000000000001111111111111111111111111111111111111111111111111111111111
111111111111111111111111111111111111111111111111111111111111111110000000000000000000000000001111111111111111111111111111111111111111111111111111111111
111111111111111111111111111111111111111111111111111111111111111000000000000000000000000000111111111111111111111111111111111111111111111111111111111111
111111111111111111111111111111111111111111111111111111111111111000000000000000000000000000111111111111111111111111111111111111111111111111111111111111
111111111111111111111111111111111111111111111111111111111111110000000000000000000000000000111111111111111111111111111111111111111111111111111111111111
111111111111111111111111111111111111111111111111111111111111110000000000000000000000000000111111111111111111111111111111111111111111111111111111111111
111111111111111111111111111111111111111111111111111111111111100000000000000000000000000000111111111111111111111111111111111111111111111111111111111111
111111111111111111111111111111111111111111111111111111111111100000000000000000000000000000111111111111111111111111111111111111111111111111111111111111
111111111111111111111111111111111111111111111111111111111111100000000000000000000000000001111111111111111111111111111111111111111111111111111111111111
111111111111111111111111111111111111111111111111111111111111100000000000000000000000000001111111111111111111111111111111111111111111111111111111111111
111111111111111111111111111111111111111111111111111111111111000000000000000000000000000101111111111111111111111111111111111111111111111111111111111111
111111111111111111111111111111111111111111111111111111111111000000000000000000000000000101111111111111111111111111111111111111111111111111111111111111
111111111111111111111111111111111111111111111111111111111110000000000000000000000000000111111111111111111111111111111111111111111111111111111111111111
111111111111111111111111111111111111111111111111111111111110000000000000000000000000000111111111111111111111111111111111111111111111111111111111111111
111111111111111111111111111111111111111111111111111111111110000000000000000000000000000111111111111111111111111111111111111111111111111111111111111111
111111111111111111111111111111111111111111111111111111111110000000000000000000000000000111111111111111111111111111111111111111111111111111111111111111
111111111111111111111111111111111111111111111111111111111110000000000000000000000000011111111111111111111111111111111111111111111111111111111111111111
111111111111111111111111111111111111111111111111111111111110000000000000000000000000011111111111111111111111111111111111111111111111111111111111111111
111111111111111111111111111111111111111111111111111111111110000000000000000000000000001111111111111111111111111111111111111111111111111111111111111111
111111111111111111111111111111111111111111111111111111111110000000000000000000000000001111111111111111111111111111111111111111111111111111111111111111
111111111111111111111111111111111111111111111111111111111111000010001000000000000000011111111111111111111111111111111111111111111111111111111111111111
111111111111111111111111111111111111111111111111111111111111000010001000000000000000011111111111111111111111111111111111111111111111111111111111111111
111111111111111111111111111111111111111111111111111111111111110011011000000000111111111111111111111111111111111111111111111111111111111111111111111111
111111111111111111111111111111111111111111111111111111111111110011011000000000111111111111111111111111111111111111111111111111111111111111111111111111
111111111111111111111111111111111111111111111111111111111111111110000000000000001111111111111111111111111111111111111111111111111111111111111111111111
111111111111111111111111111111111111111111111111111111111111111110000000000000001111111111111111111111111111111111111111111111111111111111111111111111
111111111111111111111111111111111111111111111111111111111111111100000000000000000011111111111111111111111111111111111110111111111111111111111111111111
111111111111111111111111111111111111111111111111111111111111111100000000000000000011111111111111111111111111111111111110111111111111111111111111111111
111111111111111111111111111111111111111111111111111111111111110000000000000000000001111111111111111111111111111111111111111111111111111111111111111111
111111111111111111111111111111111111111111111111111111111111110000000000000000000001111111111111111111111111111111111111111111111111111111111111111111
111111111111111111111111111111111111111111111111111111111111000000000000000000000000011111111111111111111111111111111111111111111111111111111111111111
111111111111111111111111111111111111111111111111111111111111000000000000000000000000011111111111111111111111111111111111111111111111111111111111111111
111111111111111111111111111111111111111111111111111111111000000000000000000000000000000111111111111111111111111111111111111111111111111111011111111111
111111111111111111111111111111111111111111111111111111111000000000000000000000000000000111111111111111111111111111111111111111111111111111011111111111
111111111111111000000011111111111111111111111111111111110000000000000000000000000000000001111111111111111111111111111111111111111111111000000011111111
111111111111111000000011111111111111111111111111111111110000000000000000000000000000000001111111111111111111111111111111111111111111111000000011111111
111111111111110000000001111111111111111111111111111111100000000000000000000000000000000000111111111111111111111111111111111111111111000000000001111111
111111111111110000000001111111111111111111111111111111100000000000000000000000000000000000111111111111111111111111111111111111111111000000000001111111
111111111111110000000011111111111111111111111111111111100000000000000000000000000000000000111111111111111111111111111111111111111000000011000001111111
111111111111110000000011111111111111111111111111111111100000000000000000000000000000000000111111111111111111111111111111111111111000000011000001111111
111111111111110000000011111111111111111111111111111111100000000000000000000000000000000000111111111111111111111111111111111111000000111111000001111111
111111111111110000000011111111111111111111111111111111100000000000000000000000000000000000111111111111111111111111111111111111000000111111000001111111
111111111111110000000011111111111111111111111111111111100000000000000000000000000000000000001111111111111111111111111111111000000111111111100001111111
111111111111110000000011111111111111111111111111111111100000000000000000000000000000000000001111111111111111111111111111111000000111111111100001111111
111111111111110000000001111111111111111111111111111111100000000000000000000000000000000000000000000111111111111111111111000000111111111111110001111111
111111111111110000000001111111111111111111111111111111100000000000000000000000000000000000000000000111111111111111111111000000111111111111110001111111
111111111111100000000001111111111111111111111111111111000000001100000000000000000011000000000000000000000011111111111000000111111111111111111000111111
111111111111100000000001111111111111111111111111111111000000001100000000000000000011000000000000000000000011111111111000000111111111111111111000111111
111111111111001000000000111111111111111111111111111110000000011000000000000000000011111000000000000000000000000110000000111111111111111111111110111111
111111111111001000000000111111111111111111111111111110000000011000000000000000000011111000000000000000000000000110000000111111111111111111111110111111
111111111100000000000000011111111111111111111111111110000000110000000000000000000011111111111111110000000000000000001111111111111111111111111111111111
111111111100000000000000011111111111111111111111111110000000110000000000000000000011111111111111110000000000000000001111111111111111111111111111111111
111111111000000000000000001111111111111111111111111110000000000000000000000000000001111111111111111110001100000000111111111111111111111111111111111111
111111111000000000000000001111111111111111111111111110000000000000000000000000000001111111111111111110001100000000111111111111111111111111111111111111
111111111100000000000000001111111111111111111111111111000000000000000000000000000001111111111111111110000000000000111111111111111111111111111111111111
111111111100000000000000001111111111111111111111111111000000000000000000000000000001111111111111111110000000000000111111111111111111111111111111111111
111111111111000000000001110000011111111111111111111111100000000000000000000000000011111111111111100000000000000001111111111111111111111111111111111111
111111111111000000000001110000011111111111111111111111100000000000000000000000000011111111111111100000000000000001111111111111111111111111111111111111
111111111110000000000001111000000000011111111111111111111000000000000000000000000011111111111100000000000001000011111111111111111111111111111111111111
111111111110000000000001111000000000011111111111111111111000000000000000000000000011111111111100000000000001000011111111111111111111111111111111111111
111111111111000000000001111111110000000000111111111111111100000000000000000000000011111111000000000001111000111111111111111111111111111111111111111111
111111111111000000000001111111110000000000111111111111111100000000000000000000000011111111000000000001111000111111111111111111111111111111111111111111
111111111111110000000001111111111111111000000000011111100111000000000000000000000011111000000000000111111111111111111111111111111111111111111111111111
111111111111110000000001111111111111111000000000011111100111000000000000000000000011111000000000000111111111111111111111111111111111111111111111111111
111111111111100000000001111111111111111111110000000000000111100000000000000000000000000000000000111111111111111111111111111111111111111111111111111111
111111111111100000000001111111111111111111110000000000000111100000000000000000000000000000000000111111111111111111111111111111111111111111111111111111
111111111111100000000001111111111111111111111111110000000000000000000000000000000000000000001111111111111111111111111111111111111111111111111111111111
111111111111100000000001111111111111111111111111110000000000000000000000000000000000000000001111111111111111111111111111111111111111111111111111111111
111111111111100000000001111111111111111111111111111110000000000000000000000000000000000001111111111111111111111111111111111111111111111111111111111111
111111111111100000000001111111111111111111111111111110000000000000000000000000000000000001111111111111111111111111111111111111111111111111111111111111
111111111111000000000000111111111111111111111111111110111110000000000000000000000000000111111111111111111111111111111111111111111111111111111111111111
111111111111000000000000111111111111111111111111111110111110000000000000000000000000000111111111111111111111111111111111111111111111111111111111111111
111111111110000000000000011111111111111111111111111111111100000000000000000000000000000111111111111111111111111111111111111111111111111111111111111111
111111111110000000000000011111111111111111111111111111111100000000000000000000000000000111111111111111111111111111111111111111111111111111111111111111
111111111111110001000111111111111111111111111111111111111100000000000000000000000000000000011111111111111111111111111111111111111111111111111111110111
111111111111110001000111111111111111111111111111111111111100000000000000000000000000000000011111111111111111111111111111111111111111111111111111110111
111111111111110001000011111111111111111111111111111111111000000000000000000000000000000000000000011111111111111111111111111111111111111111111111111000
111111111111110001000011111111111111111111111111111111111000000000000000000000000000000000000000011111111111111111111111111111111111111111111111111000
100000000000000000000111111111111111111111111111111111111000000000000000000000000000000000000000000000000111111111111111111111111111111111111111111111
100000000000000000000111111111111111111111111111111111111000000000000000000000000000000000000000000000000111111111111111111111111111111111111111111111
000000000011111111111111111111111111111111111111111110000000000000000000000000000000000000011111100000000000000000111111111111111111111111111111111111
000000000011111111111111111111111111111111111111111110000000000000000000000000000000000000011111100000000000000000111111111111111111111111111111111111
111111111111111111111111111111111111111111111111110000000000000000000000000000000000000000011111111111110000000000000000001111111111111111111111111111
111111111111111111111111111111111111111111111111110000000000000000000000000000000000000000011111111111110000000000000000001111111111111111111111111111
111111111111111111111111111111111111111111111100000000000000000000000000000000000000000000000111111111111111111110000000000000111111111111111111111111
111111111111111111111111111111111111111111111100000000000000000000000000000000000000000000000111111111111111111110000000000000111111111111111111111111
111111111111111111111111111111111111111111100000000000000000000000000000000000000000000000000011111111111111111111111111111111111111111111111111111111
111111111111111111111111111111111111111111100000000000000000000000000000000000000000000000000011111111111111111111111111111111111111111111111111111111
111111111111111111111111111111111111110000000000000111100000000000000000000000000000000000000001111111111111111111111111111111111111111111111111111111
111111111111111111111111111111111111110000000000000111100000000000000000000000000000000000000001111111111111111111111111111111111111111111111111111111
111111111111111111111111111111111100000000000000111111000000000000000000000000000000000000000000111111111111111111111111111111111111111111111111111111
111111111111111111111111111111111100000000000000111111000000000000000000000000000000000000000000111111111111111111111111111111111111111111111111111111
111111111111111000011111111111000000000000011111111110000000000000000000000000000000000000000000011111111111111111111111111111111111111111111111111111
111111111111111000011111111111000000000000011111111110000000000000000000000000000000000000000000011111111111111111111111111111111111111111111111111111
111111111111111111011011110000000000000011111111111110000000000000000000000000000000000000000000001111111111111111111111111111111111111111111111111111
111111111111111111011011110000000000000011111111111110000000000000000000000000000000000000000000001111111111111111111111111111111111111111111111111111
111111111111111111101000000000000001111111111111111100000000000000000000000000000000000000000000000111111111111111111111111111111111111111111111111111
111111111111111111101000000000000001111111111111111100000000000000000000000000000000000000000000000111111111111111111111111111111111111111111111111111
111111111111111110000000000000011111111111111111111100000000000000000000000000000000000000000000000111111111111111111111111111111111111111111111111111
111111111111111110000000000000011111111111111111111100000000000000000000000000000000000000000000000111111111111111111111111111111111111111111111111111
111111111111000000000000001111111111111111111111111000000000000000000000000000000000000000000000000111101111111111111111111111111111111111111111111111
111111111111000000000000001111111111111111111111111000000000000000000000000000000000000000000000000111101111111111111111111111111111111111111111111111
111111111111111111111111111111111111111111111111111111111111111111111111111111111111111111111111111111111111111111111111111111111111111111111111111111
111111111111111111111111111111111111111111111111111111111111111111111111111111111111111111111111111111111111111111111111111111111111111111111111111111
