111111111111111111111111111111111111111111111111111111111111111111111111111111111111110001111111111111111111111111111111111111111111111111100000000000
111111111111111111111111111111111111111111111111111111111111111111111111111111111111110001111111111111111111111111111111111111111111111111100000000000
111111111111111111111111111111111111111111111111111111111111111111111111111111111111000011111111111111111111111111111111111111111111111111111000000000
111111111111111111111111111111111111111111111111111111111111111111111111111111111111000011111111111111111111111111111111111111111111111111111000000000
111111111111111111111111111111111111111111111111111111111111111111111111111111111100000011111111111111111111111111111111111111111111111111111100000000
111111111111111111111111111111111111111111111111111111111111111111111111111111111100000011111111111111111111111111111111111111111111111111111100000000
111111111111111111111111111111111111111111111111111111111111111111111111111111111000000001111111111111111111111111111111111111111111111111111100000000
111111111111111111111111111111111111111111111111111111111111111111111111111111111000000001111111111111111111111111111111111111111111111111111100000000
111111111111111111111111111111111111111111111111111111111111111100000000111111100000000000111111111111111111111111111111111111111111111111111111100000
111111111111111111111111111111111111111111111111111111111111111100000000111111100000000000111111111111111111111111111111111111111111111111111111100000
111111111111111111111111111111111111111111111111111111111111100000000000000111000000000000011111111111111111111111111111111111111111111111111111100000
111111111111111111111111111111111111111111111111111111111111100000000000000111000000000000011111111111111111111111111111111111111111111111111111100000
111111111111111111111111111111111111111111111111111111111110000000000000000000000000000000111111111111111111111111111111111111111111111111111111111000
111111111111111111111111111111111111111111111111111111111110000000000000000000000000000000111111111111111111111111111111111111111111111111111111111000
111111111111111111111111111111111111111111111111111111111000000000000000000000000000000111111111111111111111111111111111111111111111111111111111111000
111111111111111111111111111111111111111111111111111111111000000000000000000000000000000111111111111111111111111111111111111111111111111111111111111000
111111111111111111111111111111111111111111111111111111110000000000000000000000000000000111111111111111111111111111111111111111111111111111111111110000
111111111111111111111111111111111111111111111111111111110000000000000000000000000000000111111111111111111111111111111111111111111111111111111111110000
111111111111111111111111111111111111111111111111111111100000000000000000000000000000000111111111111111111111111111111111111111111111111111111111111110
111111111111111111111111111111111111111111111111111111100000000000000000000000000000000111111111111111111111111111111111111111111111111111111111111110
111111111111111111111111111111111111111111111111111111000000000000000000000000000000001111111111111111111111111111111111111111111111111111111111111110
111111111111111111111111111111111111111111111111111111000000000000000000000000000000001111111111111111111111111111111111111111111111111111111111111110
111111111111111111111111111111111111111111111111111110000000000000000000000000000111001111111111111111111111111111111111111111111111111111111111111111
111111111111111111111111111111111111111111111111111110000000000000000000000000000111001111111111111111111111111111111111111111111111111111111111111111
111111111111111111111111111111111111111111111111111110000000000000000000000000000011111111111111111111111111111111111111111111111111111111111111111111
111111111111111111111111111111111111111111111111111110000000000000000000000000000011111111111111111111111111111111111111111111111111111111111111111111
111111111111011111111111111111111111111111111111111110000000000000000000000000000111111111111111111111111111111111111111111111111111111111111111111111
111111111111011111111111111111111111111111111111111110000000000000000000000000000111111111111111111111111111111111111111111111111111111111111111111111
111111111111111111111111111111111111111111111111111110000000000000000000000000000111111111111111111111111111111111111111111111111111111111111111111111
111111111111111111111111111111111111111111111111111110000000000000000000000000000111111111111111111111111111111111111111111111111111111111111111111111
111111111111111111111111111111111111111111111111111110000000000000000000000000000011111111111111111111111111111111111111111111111111111111111111111111
111111111111111111111111111111111111111111111111111110000000000000000000000000000011111111111111111111111111111111111111111111111111111111111111111111
111111111111111111111111111111111111111111111111111110100010000000000000000000000111111111111111111111111111111111111111111111111111111111111111111111
111111111111111111111111111111111111111111111111111110100010000000000000000000000111111111111111111111111111111111111111111111111111111111111111111111
111111111111111111111111111111111111111111111111111111111110111100000000011010101111111111111111111111111111111111111111111111111111111111111111111111
111111111111111111111111111111111111111111111111111111111110111100000000011010101111111111111111111111111111111111111111111111111111111111111111111111
111111111111111111111111111111111111111111111111111111111111100000000000001111111111111111111111111111111111111111111111111111111111111111111111111111
111111111111111111111111111111111111111111111111111111111111100000000000001111111111111111111111111111111111111111111111111111111111111111111111111111
111111111111111111111111111111111111111111111111111111111110000000000000000001111111111111111111111111111101111111111111111111111111111111111111111111
111111111111111111111111111111111111111111111111111111111110000000000000000001111111111111111111111111111101111111111111111111111111111111111111111111
111111111111111111111111111111111111111111111111111111110000000000000000000001111111111111111111111111111111111111111111111111111111111111111111111111
111111111111111111111111111111111111111111111111111111110000000000000000000001111111111111111111111111111111111111111111111111111111111111111111111111
111111111111111111111111111111111111111111111111111111000000000000000000000000011111111111111111111111111111111111111111111111111111111111111111111111
111111111111111111111111111111111111111111111111111111000000000000000000000000011111111111111111111111111111111111111111111111111111111111111111111111
111111111111111111111111111111111111111111111111111100000000000000000000000000000111111111111111111111111111111111111111111111111111111111111111111111
111111111111111111111111111111111111111111111111111100000000000000000000000000000111111111111111111111111111111111111111111111111111111111111111111111
111111111111111111111111111111111111111111111111111000000000000000000000000000000001111111111111111111111111111111111111111111111111111111111111111111
111111111111111111111111111111111111111111111111111000000000000000000000000000000001111111111111111111111111111111111111111111111111111111111111111111
111111111111111111111111111111111111111111111111110000000000000000000000000000000000011111111111111111111111111111111111111111111100111111111111111111
111111111111111111111111111111111111111111111111110000000000000000000000000000000000011111111111111111111111111111111111111111111100111111111111111111
111111111111111111111111111111111111111111111111100000000000000000000000000000000000001111111111111111111111111111111111111111110000001111111111111111
111111111111111111111111111111111111111111111111100000000000000000000000000000000000001111111111111111111111111111111111111111110000001111111111111111
111111111111111111111111111111111111111111111111100000000000000000000000000000000000001111111111111111111111111111111111111100000000000111111111111111
111111111111111111111111111111111111111111111111100000000000000000000000000000000000001111111111111111111111111111111111111100000000000111111111111111
111111111111111111111111111111111111111111111111110000000000000000000000000000000000011111111111111111111111111111111111110000001100000111111111111111
111111111111111111111111111111111111111111111111110000000000000000000000000000000000011111111111111111111111111111111111110000001100000111111111111111
111111111111111111111111111111111111111111111111110000000000000000000000000000000000000111111111111111111111111111111110000001111110000111111111111111
111111111111111111111111111111111111111111111111110000000000000000000000000000000000000111111111111111111111111111111110000001111110000111111111111111
111111111111111111111111111111111111111111111111110000000000000000000000000000000000000000011111111111111111111111110000001111111111000111111111111111
111111111111111111111111111111111111111111111111110000000000000000000000000000000000000000011111111111111111111111110000001111111111000111111111111111
111111111111111111111111111111111111111111111111100000000000000000000000000001100000000000000000111111111111111110000001111111111111000111111111111111
111111111111111111111111111111111111111111111111100000000000000000000000000001100000000000000000111111111111111110000001111111111111000111111111111111
111111111111111111111111111111111111111111111111100000000000000000000000000001111100000000000000000000011111110000001111111111111111101111111111111111
111111111111111111111111111111111111111111111111100000000000000000000000000001111100000000000000000000011111110000001111111111111111101111111111111111
111111111111111111111111111111111111111111111111100000000000000000000000000000111111111100000000000000000110000001111111111111111111111111111111111111
111111111111111111111111111111111111111111111111100000000000000000000000000000111111111100000000000000000110000001111111111111111111111111111111111111
111111111111111111111111111111111111111111111111100000000000000000000000000000111111111111111100000000000000001111111111111111111111111111111111111111
111111111111111111111111111111111111111111111111100000000000000000000000000000111111111111111100000000000000001111111111111111111111111111111111111111
111111111111111111111111111111111111111111111111110000000000000000000000000000011111111111111100001100000000111111111111111111111111111111111111111111
111111111111111111111111111111111111111111111111110000000000000000000000000000011111111111111100001100000000111111111111111111111111111111111111111111
011111111111111111100000111111111111111111111111111000000000000000000000000001111111111111111110000000000000111111111111111111111111111111111111111111
011111111111111111100000111111111111111111111111111000000000000000000000000001111111111111111110000000000000111111111111111111111111111111111111111111
111111111111111111000000000001111111111111111111111110000000000000000000000001111111111111110000000000000000111111111111111111111111111111111111111111
111111111111111111000000000001111111111111111111111110000000000000000000000001111111111111110000000000000000111111111111111111111111111111111111111111
111111111111111111111111100000000001111111111111111111100000000000000000000001111111111100000000000001000001111111111111111111111111111111111111111111
111111111111111111111111100000000001111111111111111111100000000000000000000001111111111100000000000001000001111111111111111111111111111111111111111111
111111111111111111111111111111000000000001111111111001110000000000000000000001111111100000000000011000111111111111111111111111111111111111111111111111
111111111111111111111111111111000000000001111111111001110000000000000000000001111111100000000000011000111111111111111111111111111111111111111111111111
111111111111111111111111111111111111000000000000111001100000000000000000000000011100000000000011111111111111111111111111111111111111111111111111111111
111111111111111111111111111111111111000000000000111001100000000000000000000000011100000000000011111111111111111111111111111111111111111111111111111111
111111111111111111111111111111111111111111000000000000000000000000000000000000000000000000111111111111111111111111111111111111111111111111111111111111
111111111111111111111111111111111111111111000000000000000000000000000000000000000000000000111111111111111111111111111111111111111111111111111111111111
111111111111111111111111111111111111111111111111100000000000000000000000000000000000000111111111111111111111111111111111111111111111111111111111111111
111111111111111111111111111111111111111111111111100000000000000000000000000000000000000111111111111111111111111111111111111111111111111111111111111111
111111111111111111111111111111111111111111111111100110000000000000000000000000000000111111111111111111111111111111111111100111111111111111111111111111
111111111111111111111111111111111111111111111111100110000000000000000000000000000000111111111111111111111111111111111111100111111111111111111111111111
111111111111111111111111111111111111111111111111111100000000000000000000000000000001111111111111111111111111111111111111111111111111111111111111111111
111111111111111111111111111111111111111111111111111100000000000000000000000000000001111111111111111111111111111111111111111111111111111111111111111111
111111111111111111111111111111111111111111111111111100000000000000000000000000000000001111111111111111111111111111111111111111111111111111111111111111
111111111111111111111111111111111111111111111111111100000000000000000000000000000000001111111111111111111111111111111111111111111111111111111111111111
111111111111111111111111111111111111111111111111111100000000000000000000000000000000000000000001111111111111111111111111111111111111111111111111111111
111111111111111111111111111111111111111111111111111100000000000000000000000000000000000000000001111111111111111111111111111111111111111111111111111111
111111111111111111111111111111111111111111111111111000000000000000000000000000000000000000000000000000001111111111111111111111111111111111111111111111
111111111111111111111111111111111111111111111111111000000000000000000000000000000000000000000000000000001111111111111111111111111111111111111111111111
111111111111111111111111111111111111111111111111111000000000000000000000000000000000011111110000000000000000000011111111111111111111111111111111111111
111111111111111111111111111111111111111111111111111000000000000000000000000000000000011111110000000000000000000011111111111111111111111111111111111111
111111111111111111111111111111111111111111111111110000000000000000000000000000000000001111111111111111000000000000000000001111111111111111111111111111
111111111111111111111111111111111111111111111111110000000000000000000000000000000000001111111111111111000000000000000000001111111111111111111111111111
111111111111111111111111111111111111111111111111000000000000000000000000000000000000000111111111111111111111111100000000011111111111111111111111111111
111111111111111111111111111111111111111111111111000000000000000000000000000000000000000111111111111111111111111100000000011111111111111111111111111111
111111111111111111111111111111111111111111110000000000000000000000000000000000000000000111111111111111111111111111111111111111111111111111111111111111
111111111111111111111111111111111111111111110000000000000000000000000000000000000000000111111111111111111111111111111111111111111111111111111111111111
111111111111111111111111111111111111111100000000000000000000000000000000000000000000000011111111111111111111111111111111111111111111111111111111111111
111111111111111111111111111111111111111100000000000000000000000000000000000000000000000011111111111111111111111111111111111111111111111111111111111111
111111111111111111111111111111111111000000000000000000000000000000000000000000000000000001111111111111111111111111111111111111111111111111111111111111
111111111111111111111111111111111111000000000000000000000000000000000000000000000000000001111111111111111111111111111111111111111111111111111111111111
111111111111111111111111111111111000000000000011000000000000000000000000000000000000000000111111111111111111111111111111111111111111111111111111111111
111111111111111111111111111111111000000000000011000000000000000000000000000000000000000000111111111111111111111111111111111111111111111111111111111111
111111111111111111111111111110000000000000011110000000000000000000000000000000000000000000011111111111111111111111111111111111111111111111111111111111
111111111111111111111111111110000000000000011110000000000000000000000000000000000000000000011111111111111111111111111111111111111111111111111111111111
111111111011111111111111110000000000000111111110000000000000000000000000000000000000000000011111111111111111111111111111111111111111111111111111111111
111111111011111111111111110000000000000111111110000000000000000000000000000000000000000000011111111111111111111111111111111111111111111111111111111111
111111000001111111111100000000000001111111111100000000000000000000000000000000000000000000001111111111111111111111111111111111111111111111111111111111
111111000001111111111100000000000001111111111100000000000000000000000000000000000000000000001111111111111111111111111111111111111111111111111111111111
111111111111111111111111111111111111111111111111111111111111111111111111111111111111111111111111111111111111111111111111111111111111111111111111111111
111111111111111111111111111111111111111111111111111111111111111111111111111111111111111111111111111111111111111111111111111111111111111111111111111111
