111111111111111111111111111111111111111111111111100000000000000000000000000000000000000000000000000000000000000000000000000000000000000000100000110000
111111111111111111111111111111111111111111111111100000000000000000000000000000000000000000000000000000000000000000000000000000000000000000100000110000
111111111111111111111111111111111111111111111111100000000000000000000000000000000000000000000000000000000000000000000000000000000000000000000001000011
111111111111111111111111111111111111111111111111100000000000000000000000000000000000000000000000000000000000000000000000000000000000000000000001000011
111111111111111111111111111111111111111111111111000000000000000000000000000000000000000000000000000000000000000000000000000000000000000000000000011111
111111111111111111111111111111111111111111111111000000000000000000000000000000000000000000000000000000000000000000000000000000000000000000000000011111
111111111111111111111111111111111111111111111111000000000000000000000000000000000000000000000000000000000000000000000000000000000000000100000111111111
111111111111111111111111111111111111111111111111000000000000000000000000000000000000000000000000000000000000000000000000000000000000000100000111111111
111111111111111111111111111111111111111111111111100000000000000000000000000000000000000000000000000000000000000000000000000000000000000000011111111111
111111111111111111111111111111111111111111111111100000000000000000000000000000000000000000000000000000000000000000000000000000000000000000011111111111
111111111111111111111111111111111111111111111111100000000000000000000000000000000000000000000000000000000000000000000000000000000000000000011111111111
111111111111111111111111111111111111111111111111100000000000000000000000000000000000000000000000000000000000000000000000000000000000000000011111111111
111111111111111111111111111111111111111111111111100000000000000000000000000000000000000000000000000000000000000000000000000000000000000000011111111100
111111111111111111111111111111111111111111111111100000000000000000000000000000000000000000000000000000000000000000000000000000000000000000011111111100
111111111111111111111111111111111111111111111111100000000000000000000000000000000000000000000000000000000000000000000000000000000000000000011111100000
111111111111111111111111111111111111111111111111100000000000000000000000000000000000000000000000000000000000000000000000000000000000000000011111100000
111111111111111111111110111111111111111111111111111000000000000000000000000000000000000000000000000000000000000000000000000000000000000000011110000000
111111111111111111111110111111111111111111111111111000000000000000000000000000000000000000000000000000000000000000000000000000000000000000011110000000
111111111111111111111111111111111111111111111111111000000000000000000000000000000000000000000000000000000000000000000000000000000001000000000000000011
111111111111111111111111111111111111111111111111111000000000000000000000000000000000000000000000000000000000000000000000000000000001000000000000000011
111111111111111111111111111111111111111111111111111000000000000000000000000000000000000000000000000000000000000000000000000000000000010000000000001111
111111111111111111111111111111111111111111111111111000000000000000000000000000000000000000000000000000000000000000000000000000000000010000000000001111
111111111111111111111111111111111111111111111111111100000000000000000000000000000000000000000000000000000000000000000000000000000000000000000000111111
111111111111111111111111111111111111111111111111111100000000000000000000000000000000000000000000000000000000000000000000000000000000000000000000111111
111111111111111111111111111111111111111111111111111110000000000000000000000000000000000000000000000000000000000000000000000000000000000000000000011111
111111111111111111111111111111111111111111111111111110000000000000000000000000000000000000000000000000000000000000000000000000000000000000000000011111
111111111111111111111111111111111111111111111111111000000000000000000000000000000000000000000000000000000000000000000000000000000000000010000000000111
111111111111111111111111111111111111111111111111111000000000000000000000000000000000000000000000000000000000000000000000000000000000000010000000000111
111111111111111111111111111111111111111111111111100000000000000000000000000000000000000000000000000000000000000000000000000000000000000000000000000001
111111111111111111111111111111111111111111111111100000000000000000000000000000000000000000000000000000000000000000000000000000000000000000000000000001
111111111111111111111111111111111111111111111100000000000000000000000000000000000000000000000000000000000000000000000000000000000000000000000000000000
111111111111111111111111111111111111111111111100000000000000000000000000000000000000000000000000000000000000000000000000000000000000000000000000000000
111111111111111111111111111111111111111111111100000000000000000000000000000000000000000000000000000000000000000000000000000000000000000000000000000000
111111111111111111111111111111111111111111111100000000000000000000000000000000000000000000000000000000000000000000000000000000000000000000000000000000
111111111111111111111111111111111111111111111100000000000000000000000000000000000000000000000000000000000000000000000000000000000000000000000000000000
111111111111111111111111111111111111111111111100000000000000000000000000000000000000000000000000000000000000000000000000000000000000000000000000000000
111111111111111111111111111111111111111111111100000000000000000000000000000000000000000000000000000000000000000000000000000000000000000000000000000000
111111111111111111111111111111111111111111111100000000000000000000000000000000000000000000000000000000000000000000000000000000000000000000000000000000
111111111111111111111111111111111111111111111100000000000000000000000000000000000000000000000000000000000000000000000000000000000000000000000000000000
111111111111111111111111111111111111111111111100000000000000000000000000000000000000000000000000000000000000000000000000000000000000000000000000000000
111111111111111111111111111111111111111111111110000000000000000000000000000000000000000000000000000000000000000000000000000000000000000000000000000000
111111111111111111111111111111111111111111111110000000000000000000000000000000000000000000000000000000000000000000000000000000000000000000000000000000
111111111111111111111111111111111111111111111111100000000000000000000000000000000000000000000000000000000000000000000000000000000000000000000000000000
111111111111111111111111111111111111111111111111100000000000000000000000000000000000000000000000000000000000000000000000000000000000000000000000000000
111111111111111111111111111111111111111111111111111000000000000000000000000000000000000000000000000000000000000000000000000000000000000000000000000000
111111111111111111111111111111111111111111111111111000000000000000000000000000000000000000000000000000000000000000000000000000000000000000000000000000
111111111111111111111111111111111111111111111111110000000000000000000000000000000000000000000000000000000000000000000000000000000000000000000000000000
111111111111111111111111111111111111111111111111110000000000000000000000000000000000000000000000000000000000000000000000000000000000000000000000000000
111111111111111111111111111111111111111111111111111000000000000000000000000000000000000000000000000000000000000000000000000000000000000000000000000000
111111111111111111111111111111111111111111111111111000000000000000000000000000000000000000000000000000000000000000000000000000000000000000000000000000
111111111111111111111111111111111111111111111111111000000000000000000000000000000000000000000000000000000000000000000000000000000000000000000000000000
111111111111111111111111111111111111111111111111111000000000000000000000000000000000000000000000000000000000000000000000000000000000000000000000000000
111111111111111111111111111111111111111111111111110000000000000000000000000000000000000000000000000000000000000000000000000000000000000000000000000000
111111111111111111111111111111111111111111111111110000000000000000000000000000000000000000000000000000000000000000000000000000000000000000000000000000
111111111111111111111111111111111111111111111111000000000000000000000000000000000000000000000000000000000000000000000000000000000000000000000000000000
111111111111111111111111111111111111111111111111000000000000000000000000000000000000000000000000000000000000000000000000000000000000000000000000000000
111111111111111111111111111111111111111111111111100000000000000000000000000000000000000000000000000000000000000000000000000000000000000000000000000000
111111111111111111111111111111111111111111111111100000000000000000000000000000000000000000000000000000000000000000000000000000000000000000000000000000
111111111111111111111111111111111111111111111111100000000000000000000000000000000000000000000000000000000000000000000000000000000000000000000000000000
111111111111111111111111111111111111111111111111100000000000000000000000000000000000000000000000000000000000000000000000000000000000000000000000000000
111111111111111111111111111111111111111111111111110000000000000000000000000000000000000000000000000000000000000000000000000000000000000000000000000000
111111111111111111111111111111111111111111111111110000000000000000000000000000000000000000000000000000000000000000000000000000000000000000000000000000
111111111111111111111111111111111111111111111111100000000000000000000000000000000000000000000000000000000000000000000000000000000000000001100000000000
111111111111111111111111111111111111111111111111100000000000000000000000000000000000000000000000000000000000000000000000000000000000000001100000000000
111111111111111111111111111111111111111111111111111000000000000000000000000000000000000000000000000000000000000000000000000000000000000011111000000000
111111111111111111111111111111111111111111111111111000000000000000000000000000000000000000000000000000000000000000000000000000000000000011111000000000
111111111111111111111111111111111111111111111111111111100000000000000000000000000000000000000000000000000000000000000000000000000000000000000000000000
111111111111111111111111111111111111111111111111111111100000000000000000000000000000000000000000000000000000000000000000000000000000000000000000000000
111111111111111111111111111111111111111111111111111111110000000000000000000000000000000000000000000000000000000000000000000000000000011100000000000000
111111111111111111111111111111111111111111111111111111110000000000000000000000000000000000000000000000000000000000000000000000000000011100000000000000
111111111111111111111111111111111111111111111111111111111100000000000000000000000000000000000000000000000000000000000000000000000011101000000000000000
111111111111111111111111111111111111111111111111111111111100000000000000000000000000000000000000000000000000000000000000000000000011101000000000000000
111111111111111111111111111111111111111111111111111111111110000000000000000000000000000000000000000000000000000000000000000000000111111111100000000000
111111111111111111111111111111111111111111111111111111111110000000000000000000000000000000000000000000000000000000000000000000000111111111100000000000
111111111111111111111111111111111111111111111111111111111111000000000000000000000000000000000000000000000000000000000000000000001111111111100000000000
111111111111111111111111111111111111111111111111111111111111000000000000000000000000000000000000000000000000000000000000000000001111111111100000000000
111111111111111111111111111111111111111111111111111111111111110000000000000000000000000000000000000000000000000000000000111111111111111111100000000000
111111111111111111111111111111111111111111111111111111111111110000000000000000000000000000000000000000000000000000000000111111111111111111100000000000
111111111111111111111111111111111111111111111111111111111111111111111111111000000000000000000000000000000000000000000001111111111111111111100000000000
111111111111111111111111111111111111111111111111111111111111111111111111111000000000000000000000000000000000000000000001111111111111111111100000000000
111111111111111111111111111111111111111111111111111111111111111111111111111110000000000000000000000000001100000000000001111111111111111111100000000000
111111111111111111111111111111111111111111111111111111111111111111111111111110000000000000000000000000001100000000000001111111111111111111100000000000
111111111111111111111111111111111111111111111111111111111111111111111100000111110000000000000000000000000000000000011111111111111111111111100000000000
111111111111111111111111111111111111111111111111111111111111111111111100000111110000000000000000000000000000000000011111111111111111111111100000000000
111111111111111111111111111111111111111111111111111111111111111111111111111111110000000000000000000000000000001111111111111111111111111111000000000000
111111111111111111111111111111111111111111111111111111111111111111111111111111110000000000000000000000000000001111111111111111111111111111000000000000
111111111111111111111111111111111111111111111111111111111111111111111111111111100000000000000000000000000000011111111111111111111111111110000000000000
111111111111111111111111111111111111111111111111111111111111111111111111111111100000000000000000000000000000011111111111111111111111111110000000000000
111111111111111111111111111111111111111111111111111111111111111111111111111111100000000000000000000000000000111111111111111111111111111100000000000000
111111111111111111111111111111111111111111111111111111111111111111111111111111100000000000000000000000000000111111111111111111111111111100000000000000
111111111111111111111111111111111111111111111111111111111111111111111111111111000000000000000000000000000001111111111111111111111111110000000000000000
111111111111111111111111111111111111111111111111111111111111111111111111111111000000000000000000000000000001111111111111111111111111110000000000000000
111111111111111111111111111111111111111111111111111111111111111111111111111111000000000000000000000000000000011111111111111111111111110000000000000000
111111111111111111111111111111111111111111111111111111111111111111111111111111000000000000000000000000000000011111111111111111111111110000000000000000
111111111111111111111111111111111111111111111111111111111111111111111111111111000000000000000000000000000000000011111111111111111111110000000000000000
111111111111111111111111111111111111111111111111111111111111111111111111111111000000000000000000000000000000000011111111111111111111110000000000000000
111111111111111111111111111111111111111111111111111111111111111111111111111110000000000000000000000000011100000000011111111111111111110000000000000000
111111111111111111111111111111111111111111111111111111111111111111111111111110000000000000000000000000011100000000011111111111111111110000000000000000
111111111111111111111111111111111111111111111111111111111111111111111111111110000000000000000000000000001111100000000111111111111111110000000000000000
111111111111111111111111111111111111111111111111111111111111111111111111111110000000000000000000000000001111100000000111111111111111110000000000000000
111111111111111111111111111111111111111111111111111111111111111111111111111110000000000000000000000000001111111110000011111111111111100000000000000000
111111111111111111111111111111111111111111111111111111111111111111111111111110000000000000000000000000001111111110000011111111111111100000000000000000
111111111111111111111111111111111111111111111111111111111111111111111111111110000000000000000000000000001111111111111111111111111111100000000000000000
111111111111111111111111111111111111111111111111111111111111111111111111111110000000000000000000000000001111111111111111111111111111100000000000000000
111111111111111111111111111111111111111111111111111111111111111111111111111100000000000000000000000000000111111111111111111111111111100000000000000000
111111111111111111111111111111111111111111111111111111111111111111111111111100000000000000000000000000000111111111111111111111111111100000000000000000
111111111111111111111111111111111111111111111111111111111111111111111111111000000000000000000000000000000111111111111111111111111111100000000000000000
111111111111111111111111111111111111111111111111111111111111111111111111111000000000000000000000000000000111111111111111111111111111100000000000000000
111111111111111111111111111111111111111111111111111111111111111111111111110000000000000000000000000000000011111111111111111111111111100000000000000000
111111111111111111111111111111111111111111111111111111111111111111111111110000000000000000000000000000000011111111111111111111111111100000000000000000
111111111111111111111111111111111111111111111111111111111111111111111111110000000000000000000000000000000011111111111111111111111111100000000000000000
111111111111111111111111111111111111111111111111111111111111111111111111110000000000000000000000000000000011111111111111111111111111100000000000000000
111111111111111111111111111111111111111111111111111111111111111111111111100000000000000000000000000000000001111111111111111111111111100000000000000000
111111111111111111111111111111111111111111111111111111111111111111111111100000000000000000000000000000000001111111111111111111111111100000000000000000
111111111111111111111111111111111111111111111111111111111111111111111111111111111111111111111111111111111111111111111111111111111111111111111111111111
111111111111111111111111111111111111111111111111111111111111111111111111111111111111111111111111111111111111111111111111111111111111111111111111111111
