111111111111111111111111111111111111111111111111111111111111111111111111111111111111111111111111111111111111111111111111111111111111111111111111111111
111111111111111111111111111111111111111111111111111111111111111111111111111111111111111111111111111111111111111111111111111111111111111111111111111111
111111111111111111111111111111111111111111111111111111111111111111111111111111111111111111111111111111111111111111111111111111111111111111111111111111
111111111111111111111111111111111111111111111111111111111111111111111111111111111111111111111111111111111111111111111111111111111111111111111111111111
111111111111111111111111111111111111111111111111111111111111111111111111111111111111111111111111111111111111111111111111111111111111111111111111111111
111111111111111111111111111111111111111111111111111111111111111111111111111111111111111111111111111111111111111111111111111111111111111111111111111111
111111111111111111111111111111111111111111101111111111111111111111111111111111111111111111111111111111111111111111111111111111111111111111111111111111
111111111111111111111111111111111111111111101111111111111111111111111111111111111111111111111111111111111111111111111111111111111111111111111111111111
111111111111111111111111111111111111111110000011111111111111111111111111111111111111111111111111111111111111111111111111111111111111111111111111110111
111111111111111111111111111111111111111110000011111111111111111111111111111111111111111111111111111111111111111111111111111111111111111111111111110111
111111111111111111111111111111111111111100000001111111111111111111111111111111111111111111111111111111111111111111111111111111111111111111111111111111
111111111111111111111111111111111111111100000001111111111111111111111111111111111111111111111111111111111111111111111111111111111111111111111111111111
111111111111111111111111111111111111111000000000111111111111111111111111111111111111111111111111111111111111111111111111111111111111111111111111111111
111111111111111111111111111111111111111000000000111111111111111111111111111111111111111111111111111111111111111111111111111111111111111111111111111111
111111111111111111111111111111111110000000000000000001111111111111111111111111111111111111111111111111111111111111111111111111111111111111111111111111
111111111111111111111111111111111110000000000000000001111111111111111111111111111111111111111111111111111111111111111111111111111111111111111111111111
111111111111111111111111111110000000000000000000000000000001111111111111111111111111111111111111111111111111111111111111111111111111111111111111111111
111111111111111111111111111110000000000000000000000000000001111111111111111111111111111111111111111111111111111111111111111111111111111111111111111111
111111111111111111111111110000000000000000000000000000000000001111111111111111111111111111111111111111111111111111111111111111111111111111111111111111
111111111111111111111111110000000000000000000000000000000000001111111111111111111111111111111111111111111111111111111111111111111111111111111111111111
111111111111111111111111100000000000000000000000000000000000000011111111111111111111111111111111111111111111111111111111111111111111111111111111111111
111111111111111111111111100000000000000000000000000000000000000011111111111111111111111111111111111111111111111111111111111111111111111111111111111111
111111111111111111111110000000000000000000000000000000000000000000111111111111111111111111111111111111111111111111111111111111111111111111111111111111
111111111111111111111110000000000000000000000000000000000000000000111111111111111111111111111111111111111111111111111111111111111111111111111111111111
111111111111111111111110000000000000000000000000000000000000000000011111111111111111111111111111111111111111111111111111111111111111111111111111111111
111111111111111111111110000000000000000000000000000000000000000000011111111111111111111111111111111111111111111111111111111111111111111111111111111111
111111111111111111111100000000000000000000000000000000000000000000001111111111111111111111111111111111111111111111111111111111111111111111111111111111
111111111111111111111100000000000000000000000000000000000000000000001111111111111111111111111111111111111111111111111111111111111111111111111111111111
111111111111111111111000000000000000000000000000000000000000000000000111111111111111111111111111111111111111111111111111111111111111111111111111111111
111111111111111111111000000000000000000000000000000000000000000000000111111111111111111111111111111111111111111111111111111111111111111111111111111111
111111111111111111111000000000000000000000000000000000000000000000000011111111111111111111111111111111111111111111111111111111111111111111111111111111
111111111111111111111000000000000000000000000000000000000000000000000011111111111111111111111111111111111111111111111111111111111111111111111111111111
111111111111111111111000000000000000000000000000000000000000000000000011111111111111111111111111111111111111111111111111111111111111111111111111111111
111111111111111111111000000000000000000000000000000000000000000000000011111111111111111111111111111111111111111111111111111111111111111111111111111111
111111111111111111111000000000000000000000000000000000000000000000000011111111111111111111111111111111111111111111111111111111111111111111111111111111
111111111111111111111000000000000000000000000000000000000000000000000011111111111111111111111111111111111111111111111111111111111111111111111111111111
111111111111111111111000000000000000000000000000000000000000000000000011111111111111111111111111111111111111111111111111111111111111111111111111111111
111111111111111111111000000000000000000000000000000000000000000000000011111111111111111111111111111111111111111111111111111111111111111111111111111111
111111111111111111110000000000000000000000000000000000000000000000000111111111111111111111111111111111111111111111111111111111111111111111111111111111
111111111111111111110000000000000000000000000000000000000000000000000111111111111111111111111111111111111111111111111111111111111111111111111111111111
111111111111111000000000000000000000000000000000000000000000000000000111111111111111111111111111111111111111111111111111111111111111111111111111111111
111111111111111000000000000000000000000000000000000000000000000000000111111111111111111111111111111111111111111111111111111111111111111111111111111111
111111111100000000000000000000000000000000000000000000000000000000000011111111111111111111111111111111111111111111111111111111111111111111111111111111
111111111100000000000000000000000000000000000000000000000000000000000011111111111111111111111111111111111111111111111111111111111111111111111111111111
111111111111000000000000000000000000000000000000000000000000000000000000111111111111111111111111111101011111111111111111111111111111111111111111111111
111111111111000000000000000000000000000000000000000000000000000000000000111111111111111111111111111101011111111111111111111111111111111111111111111111
111111111111000000000000000000000000000000000000000000000000000000000000111111111111111111111111111100011111111111111111111111111111111111111111111111
111111111111000000000000000000000000000000000000000000000000000000000000111111111111111111111111111100011111111111111111111111111111111111111111111111
111111111111111000000000000000000000000000000000000000000000000000000011111111111111111111111111111100011111111111111111111111111111111111111111111111
111111111111111000000000000000000000000000000000000000000000000000000011111111111111111111111111111100011111111111111111111111111111111111111111111111
111111111111111111110000000000000000000000000000000000000000000000000011111111111111111111111111111110011111111111111111111111111111111111111111111111
111111111111111111110000000000000000000000000000000000000000000000000011111111111111111111111111111110011111111111111111111111111111111111111111111111
111111111111111111111100000000000000000000000000000000000000000000000001111111111111111111111111111111111111111111111111111111111111111111111111111111
111111111111111111111100000000000000000000000000000000000000000000000001111111111111111111111111111111111111111111111111111111111111111111111111111111
111111111111111111111100000000000000000000000000000000000000000000000000111111111111111111111111111111111111111111111111111111111111111111111111111111
111111111111111111111100000000000000000000000000000000000000000000000000111111111111111111111111111111111111111111111111111111111111111111111111111111
111111111111111111111100000000000000000000000000000000000000000000000000111111111111111111111111111111111111111111111111111111111111111111111111111111
111111111111111111111100000000000000000000000000000000000000000000000000111111111111111111111111111111111111111111111111111111111111111111111111111111
111111111111111111111100000000000000000000000000000000000000000000000000011111111111111111111111111111111111111111111111111111111111111111111111111111
111111111111111111111100000000000000000000000000000000000000000000000000011111111111111111111111111111111111111111111111111111111111111111111111111111
111111111111111111111000000000000000000000000000000000000000000000000000001111111111111111111111111111111111111111111111111111111111111111111111111000
111111111111111111111000000000000000000000000000000000000000000000000000001111111111111111111111111111111111111111111111111111111111111111111111111000
111111111111111111111000000000000000000000000000000000000000000000000000001111111111111111111111111111111111111111111111111111111111111111111111111111
111111111111111111111000000000000000000000000000000000000000000000000000001111111111111111111111111111111111111111111111111111111111111111111111111111
111111111111111111111000000000000000000000000000000000000000000000000000000111111111111111111111111111111111111111111111111111111111111111111111111111
111111111111111111111000000000000000000000000000000000000000000000000000000111111111111111111111111111111111111111111111111111111111111111111111111111
111111111111111111111000000000000000000000000000000000000000000000000000000001111111111111111111111111111111111111111111111111111111111111111111111111
111111111111111111111000000000000000000000000000000000000000000000000000000001111111111111111111111111111111111111111111111111111111111111111111111111
111111111111111111110000000000000000000000000000000000000000000000000000000000111111111111111111111111111111111111111111111111111111111111111111111111
111111111111111111110000000000000000000000000000000000000000000000000000000000111111111111111111111111111111111111111111111111111111111111111111111111
111111111111111111110000000000000000000000000000000000000000000000000000000011000111111111111111111111111111111111111111111111111111111111111111111111
111111111111111111110000000000000000000000000000000000000000000000000000000011000111111111111111111111111111111111111111111111111111111111111111111111
111111111111111111110000000000000000000000000000000000000000000111111100001111111011111111111111111111111111111111111111111111111111111111111111111111
111111111111111111110000000000000000000000000000000000000000000111111100001111111011111111111111111111111111111111111111111111111111111111111111111111
111111111111111111100111110000000000000000000000000000000000000000001111111111111111111111111111111111111111111111111111111111111111111111111111111111
111111111111111111100111110000000000000000000000000000000000000000001111111111111111111111111111111111111111111111111111111111111111111111111111111111
111111111111111111101111110000000000000000000000000000000000000000000000111111111111111111111111111111111111111111111111111111111111111111111111111111
111111111111111111101111110000000000000000000000000000000000000000000000111111111111111111111111111111111111111111111111111111111111111111111111111111
111111111111111111111111000000000000000000000000000000000000000000000000011111111111111111111111111111111111111111111111111111111111111111111111111111
111111111111111111111111000000000000000000000000000000000000000000000000011111111111111111111111111111111111111111111111111111111111111111111111111111
111111111111111111111110000000000000000000000000000000000000000000000000011111111111111111111111111111111111111111111111111111111111111111111111111111
111111111111111111111110000000000000000000000000000000000000000000000000011111111111111111111111111111111111111111111111111111111111111111111111111111
111111111111111111111110000000000000000000000000000000000000000000000000011111111111111111111111111111111111111111111111111111111111111111111111111111
111111111111111111111110000000000000000000000000000000000000000000000000011111111111111111111111111111111111111111111111111111111111111111111111111111
111111111111111111111110000000000000000000000000000000000000000000000000001111000000000000000000111111111111111111111111111111111111111111111111111111
111111111111111111111110000000000000000000000000000000000000000000000000001111000000000000000000111111111111111111111111111111111111111111111111111111
111111111111111111111110000000000000000000000000000000000000000000000000000000000000000000000000000000011111111111111111111111110111111111111111111111
111111111111111111111110000000000000000000000000000000000000000000000000000000000000000000000000000000011111111111111111111111110111111111111111111111
111111111111111111111110000000000000000000000000000000000000000000000000000000000000000000000000000000000001111111111111111111111111111111111111111111
111111111111111111111110000000000000000000000000000000000000000000000000000000000000000000000000000000000001111111111111111111111111111111111111111111
111111111111111111111100000000000000000000000000000000000000000000000000000000000000000000000000000000000000000111111111111111111111111111111111111111
111111111111111111111100000000000000000000000000000000000000000000000000000000000000000000000000000000000000000111111111111111111111111111111111111111
111111111111111111111000000000000000000000000000000000000000000000000000000000000000000000000000000000000000000000111111111111111111111111111111111111
111111111111111111111000000000000000000000000000000000000000000000000000000000000000000000000000000000000000000000111111111111111111111111111111111111
111111111111111111111000000000000000000000000000000000000000000000000000000000000000000000000000000000000000000000000111111111111111111111111111111111
111111111111111111111000000000000000000000000000000000000000000000000000000000000000000000000000000000000000000000000111111111111111111111111111111111
111111111111111111110000000000000000000000000000000000000000000000000000000000000000000000000000000000000000000000000001111111111111111111111111111111
111111111111111111110000000000000000000000000000000000000000000000000000000000000000000000000000000000000000000000000001111111111111111111111111111111
111111111111111111110000000000000000000000000000000000000000000000000000000000000000000000000000000000000000000000000000011111111111111111111111111111
111111111111111111110000000000000000000000000000000000000000000000000000000000000000000000000000000000000000000000000000011111111111111111111111111111
111111111111111111111000000000000000000000000000000000000000000000000000000000000000000000000000000000000000000000000000000111111111111111111111111111
111111111111111111111000000000000000000000000000000000000000000000000000000000000000000000000000000000000000000000000000000111111111111111111111111111
111111111111111111110000000000000000000000000000000000000000000000000000000000000000000000000000000000000000000000000000000011111111111111111111111111
111111111111111111110000000000000000000000000000000000000000000000000000000000000000000000000000000000000000000000000000000011111111111111111111111111
111111111111111111110000000000000000000000000000000000000000000000000000000000000000000000000000000000000000000000000000000000111111111111111111111111
111111111111111111110000000000000000000000000000000000000000000000000000000000000000000000000000000000000000000000000000000000111111111111111111111111
111111111111111111110000000000000000000000000000000000000000000000000000000000000000000000000000000000000000000000000000000000011111111111111111111111
111111111111111111110000000000000000000000000000000000000000000000000000000000000000000000000000000000000000000000000000000000011111111111111111111111
111111111111111111111100000000000000000000000000000000000000000000000000000000000000000000000000000000000000000000000000000000000111111111111111111111
111111111111111111111100000000000000000000000000000000000000000000000000000000000000000000000000000000000000000000000000000000000111111111111111111111
111111111111111111111100000000000000000000000000000000000000000000000000000000000000000000000000000000000000000000000000000000000011111111111111111111
111111111111111111111100000000000000000000000000000000000000000000000000000000000000000000000000000000000000000000000000000000000011111111111111111111
111111111111111111111100000000000000000000000000000000000000000000000000000000000000000000000000000000000000000000000000000000000001111111111111111111
111111111111111111111100000000000000000000000000000000000000000000000000000000000000000000000000000000000000000000000000000000000001111111111111111111
111111111111111111111111111111111111111111111111111111111111111111111111111111111111111111111111111111111111111111111111111111111111111111111111111111
111111111111111111111111111111111111111111111111111111111111111111111111111111111111111111111111111111111111111111111111111111111111111111111111111111
