111111111111111111111111111111111111111111111111111111111111111111111111111111111111111111111111111111111111111111111111111111111111111111111111111111
111111111111111111111111111111111111111111111111111111111111111111111111111111111111111111111111111111111111111111111111111111111111111111111111111111
111111111111111111111111111111111111111111111111100111111111111111111111111111111111111111111111111111111111111111111111111111111111111111111111111111
111111111111111111111111111111111111111111111111100111111111111111111111111111111111111111111111111111111111111111111111111111111111111111111111111111
111111111111111111111111111111111111111111111111000011111111111111111111111111111111111111111111111111111111111111111111111111111111111111111111111111
111111111111111111111111111111111111111111111111000011111111111111111111111111111111111111111111111111111111111111111111111111111111111111111111111111
111111111111111111111111111111111111111111111110000001111111111111111111111111111111111111111111111111111011111111111111111111111111111111111111111111
111111111111111111111111111111111111111111111110000001111111111111111111111111111111111111111111111111111011111111111111111111111111111111111111111111
111111111111111111111111111111111111111111111100000000111111111111111111111111111111111111111111111111111111111111111111111111111111111111111111111111
111111111111111111111111111111111111111111111100000000111111111111111111111111111111111111111111111111111111111111111111111111111111111111111111111111
111111111111111111111111111111111111111111110000000000011111111111111111111111111111111111111111111111111111111111111111111111111111111111111111111111
111111111111111111111111111111111111111111110000000000011111111111111111111111111111111111111111111111111111111111111111111111111111111111111111111111
111111111111111111111111111110000000000000000000000000001111111111111111111111111111111111111111111111111111111111111111111111111111111111111111111111
111111111111111111111111111110000000000000000000000000001111111111111111111111111111111111111111111111111111111111111111111111111111111111111111111111
111111111111111111111111100000000000000000000000000000000001111111111111111111111111111111111111111111111111111111111111111111111111111111111111111111
111111111111111111111111100000000000000000000000000000000001111111111111111111111111111111111111111111111111111111111111111111111111111111111111111111
111111111111111111111100000000000000000000000000000000000000111111111111111111111111111111111111111111111111111111111111111111111111111111111111111111
111111111111111111111100000000000000000000000000000000000000111111111111111111111111111111111111111111111111111111111111111111111111111111111111111111
111111111111111111110000000000000000000000000000000000000000001111111111111111111111111111111111111111111111111111111111111111111111111111111111111111
111111111111111111110000000000000000000000000000000000000000001111111111111111111111111111111111111111111111111111111111111111111111111111111111111111
111111111111111111000000000000000000000000000000000000000000000111111111111111111111111111111111111111111111111111111111111111111111111111111111111111
111111111111111111000000000000000000000000000000000000000000000111111111111111111111111111111111111111111111111111111111111111111111111111111111111111
111111111111111110000000000000000000000000000000000000000000000011111111111111111111111111111111111111111111111111111111111111111111111111111111111111
111111111111111110000000000000000000000000000000000000000000000011111111111111111111111111111111111111111111111111111111111111111111111111111111111111
111111111111111100000000000000000000000000000000000000000000000011111111111111111111111111111111111111111111111111111111111111111111111111111111111111
111111111111111100000000000000000000000000000000000000000000000011111111111111111111111111111111111111111111111111111111111111111111111111111111111111
111111111111111000000000000000000000000000000000000000000000000001111111111111111111111111111111111111111111111111111111111111111111111111111111111111
111111111111111000000000000000000000000000000000000000000000000001111111111111111111111111111111111111111111111111111111111111111111111111111111111111
111111111111111000000000000000000000000000000000000000000000000001111111111111111111111111111111111111111111111111111111111111111111111111111111111111
111111111111111000000000000000000000000000000000000000000000000001111111111111111111111111111111111111111111111111111111111111111111111111111111111111
111111111111111000000000000000000000000000000000000000000000000001111111111111111111111111111111111111111111111111111111111111111111111111111111111111
111111111111111000000000000000000000000000000000000000000000000001111111111111111111111111111111111111111111111111111111111111111111111111111111111111
111111111111111000000000000000000000000000000000000000000000000000000011111111111111111111111111111111111111111111111111111111111111111111111111111111
111111111111111000000000000000000000000000000000000000000000000000000011111111111111111111111111111111111111111111111111111111111111111111111111111111
111111111111111000000000000000000000000000000000000000000000000000000011111111111111111111111111111111111111111111111101111111111111111111111111111111
111111111111111000000000000000000000000000000000000000000000000000000011111111111111111111111111111111111111111111111101111111111111111111111111111111
111111111111111000000000000000000000000000000000000000000000000000000011111111111111111111111111111111111111111111111111111111111111111111111111111011
111111111111111000000000000000000000000000000000000000000000000000000011111111111111111111111111111111111111111111111111111111111111111111111111111011
111111111111111100000000000000000000000000000000000000000000000000000011111111111111111111111111111111111111111111111111111111111111111111111111111111
111111111111111100000000000000000000000000000000000000000000000000000011111111111111111111111111111111111111111111111111111111111111111111111111111111
111111111111111111000000000000000000000000000000000000000000000000000011111111111111111111111111111111111111111111111111111111111111111111111111111111
111111111111111111000000000000000000000000000000000000000000000000000011111111111111111111111111111111111111111111111111111111111111111111111111111111
111111111111111000000000000000000000000000000000000000000000000000001011111111111111111111111111111111111111111111111111111111111111111111111111111111
111111111111111000000000000000000000000000000000000000000000000000001011111111111111111111111111111111111111111111111111111111111111111111111111111111
111111111111100000000000000000000000000000000000000000000000000000001111111111111111111111111111111111110011111111111111111111111111111111111111111111
111111111111100000000000000000000000000000000000000000000000000000001111111111111111111111111111111111110011111111111111111111111111111111111111111111
111111111110000000000000000000000000000000000000000000000000000000001111111111111111111111111111111111111111111111111111111111111111111111111111111111
111111111110000000000000000000000000000000000000000000000000000000001111111111111111111111111111111111111111111111111111111111111111111111111111111111
111111111110000000000000000000000000000000000000000000000000000000110111111111111111111111111111111111111111111111111111111111111111111111111111111111
111111111110000000000000000000000000000000000000000000000000000000110111111111111111111111111111111111111111111111111111111111111111111111111111111111
111111111111110000000000000000000000000000000000000000000000000001111111111111111111111111111111111111000111111111111111111111111111111111111111111111
111111111111110000000000000000000000000000000000000000000000000001111111111111111111111111111111111111000111111111111111111111111111111111111111111111
111111111111111100000000000000000000000000000000000000000000000000011111111111111111111111111111111100001111111111111111111111111111111111111111111111
111111111111111100000000000000000000000000000000000000000000000000011111111111111111111111111111111100001111111111111111111111111111111111111111111111
111111111111111000000000000000000000000000000000000000000000000000111111111111111111111111111111111000111111111111111111111111111111111111111111111111
111111111111111000000000000000000000000000000000000000000000000000111111111111111111111111111111111000111111111111111111111111111111111111111111111111
111111111111111000000000000000000000000000000000000000000000000000011111111111111111111111111111111111111111111111111111111111111111111111111111111111
111111111111111000000000000000000000000000000000000000000000000000011111111111111111111111111111111111111111111111111111111111111111111111111111111111
111111111111111000000000000000000000000000000000000000000000000000011111111111111111111111111111111111111111111111111111111111111111111111111111111111
111111111111111000000000000000000000000000000000000000000000000000011111111111111111111111111111111111111111111111111111111111111111111111111111111111
111111111111110000000000000000000000000000000000000000000000000000011111111111111111111111111111111111111111111111111111111111111111111111111111111111
111111111111110000000000000000000000000000000000000000000000000000011111111111111111111111111111111111111111111111111111111111111111111111111111111111
111111111111110000000000000000000000000000000000000000000000000000001111111111111111111111111111111111111111111111111111111111111111111111111111111111
111111111111110000000000000000000000000000000000000000000000000000001111111111111111111111111111111111111111111111111111111111111111111111111111111111
111111111111110000000000000000000000000000000000000000000000001111001111111111111111111111111111111111111111111111111111111111111111111111111111111111
111111111111110000000000000000000000000000000000000000000000001111001111111111111111111111111111111111111111111111111111111111111111111111111111111111
111111111111100000000000000000000000000000000000000000100001111111111111111111111111111111111111111111111111111111111111111111111111111111111111111111
111111111111100000000000000000000000000000000000000000100001111111111111111111111111111111111111111111111111111111111111111111111111111111111111111111
111111111111100000000000000000000000000000000000000111111111111111111111111111111111111111111111111111111111111111111111111111111111111111111111111111
111111111111100000000000000000000000000000000000000111111111111111111111111111111111111111111111111111111111111111111111111111111111111111111111111111
111111111111100000000011101000000000000000000000000000000111111111111111111111111111111111111111111111111111111111111111111111111111111111111111111111
111111111111100000000011101000000000000000000000000000000111111111111111111111111111111111111111111111111111111111111111111111111111111111111111111111
111111111111000000011111000000000000000000000000000000000000000111111111111111111111111111111111111111111111111111111111111111111111111111111111111111
111111111111000000011111000000000000000000000000000000000000000111111111111111111111111111111111111111111111111111111111111111111111111111111111111111
111111111100000000111000000000000000000000000000000000000000000000001111111111111111111111111111111111111111111111111111111111111111111111111111111111
111111111100000000111000000000000000000000000000000000000000000000001111111111111111111111111111111111111111111111111111111111111111111111111111111111
111111110000111111111000000000000000000000000000000000000000000000000111111111111111111111111111111111111111111111111111111111111111111111111111111111
111111110000111111111000000000000000000000000000000000000000000000000111111111111111111111111111111111111111111111111111111111111111111111111111111111
111111110001111111111000000000000000000000000000000000000000000000000111111111111111111111111111111111111111111111111111110111111111111111111111111111
111111110001111111111000000000000000000000000000000000000000000000000111111111111111111111111111111111111111111111111111110111111111111111111111111111
111111111011111111110000000000000000000000000000000000000000000000000111111111111111111111111111111111111111111111111111111111111111111111111111111111
111111111011111111110000000000000000000000000000000000000000000000000111111111111111111111111111111111111111111111111111111111111111111111111111111111
111111111111111111100000000000000000000000000000000000000000000000000011111111111111111111111111111111111111111111111111111111111111111111111111111111
111111111111111111100000000000000000000000000000000000000000000000000011111111111111111111111111111111111111111111111111111111111111111111111111111111
111111111111111111000000000000000000000000000000000000000000000000000011111111111111111111111111111111111111111111111111111111111111111111111111111111
111111111111111111000000000000000000000000000000000000000000000000000011111111111111111111111111111111111111111111111111111111111111111111111111111111
111111111111111111000000000000000000000000000000000000000000000000000001111111111111111111111111111111111111111111111111111111111111111111111111111111
111111111111111111000000000000000000000000000000000000000000000000000001111111111111111111111111111111111111111111111111111111111111111111111111111111
111111111111111000000000000000000000000000000000000000000000000000000000111111111111111111111111111111111111111111111111111111111111111111111111111111
111111111111111000000000000000000000000000000000000000000000000000000000111111111111111111111111111111111111111111111111111111111111111111111111111111
111111111111111000000000000000000000000000000000000000000000000000000000001111111111111111111111111111111111111111111111111111111111111111111111111111
111111111111111000000000000000000000000000000000000000000000000000000000001111111111111111111111111111111111111111111111111111111111111111111111111111
111111111111111000000000000000000000000000000000000000000000000000000000011111111111111111111111111111111111111111111111111111111111111111111111111111
111111111111111000000000000000000000000000000000000000000000000000000000011111111111111111111111111111111111111111111111111111111111111111111111111111
111111111111111000000000000000000000000000000000000000000000000000000000011111111111111111111111111111111111111111111111111111111111111111111111111111
111111111111111000000000000000000000000000000000000000000000000000000000011111111111111111111111111111111111111111111111111111111111111111111111111111
111111111111111000000000000000000000000000000000000000000000000000000000011111111111111111111111111111111111111111111111111111111111111111111111111111
111111111111111000000000000000000000000000000000000000000000000000000000011111111111111111111111111111111111111111111111111111111111111111111111111111
111111111111100000000000000000000000000000000000000000000000000000000000001111111111111111111111111111111111111111111111101111111111111111111111111111
111111111111100000000000000000000000000000000000000000000000000000000000001111111111111111111111111111111111111111111111101111111111111111111111111111
111111111111100000000000000000000000000000000000000000000000000000000000000001111111111111111111111111111111111111111111111111111111111111111111111111
111111111111100000000000000000000000000000000000000000000000000000000000000001111111111111111111111111111111111111111111111111111111111111111111111111
111111111111000000000000000000000000000000000000000000000000000000000000000000000000000000000000001000001111111111111111111111111111111111111111111111
111111111111000000000000000000000000000000000000000000000000000000000000000000000000000000000000001000001111111111111111111111111111111111111111111111
111111111111100000000000000000000000000000000000000000000000000000000000000000000000000000000000000000000000000001101111111111111111111111111111111111
111111111111100000000000000000000000000000000000000000000000000000000000000000000000000000000000000000000000000001101111111111111111111111111111111111
111111111111100000000000000000000000000000000000000000000000000000000000000000000000000000000000000000000000000000000000111111111111111111111111111111
111111111111100000000000000000000000000000000000000000000000000000000000000000000000000000000000000000000000000000000000111111111111111111111111111111
111111111111000000000000000000000000000000000000000000000000000000000000000000000000000000000000000000000000000000000000000001111111111111111111111111
111111111111000000000000000000000000000000000000000000000000000000000000000000000000000000000000000000000000000000000000000001111111111111111111111111
111111111111000000000000000000000000000000000000000000000000000000000000000000000000000000000000000000000000000000000000000000000111111111111111111111
111111111111000000000000000000000000000000000000000000000000000000000000000000000000000000000000000000000000000000000000000000000111111111111111111111
111111111100000000000000000000000000000000000000000000000000000000000000000000000000000000000000000000000000000000000000000000000001111111111111111111
111111111100000000000000000000000000000000000000000000000000000000000000000000000000000000000000000000000000000000000000000000000001111111111111111111
111111111111111111111111111111111111111111111111111111111111111111111111111111111111111111111111111111111111111111111111111111111111111111111111111111
111111111111111111111111111111111111111111111111111111111111111111111111111111111111111111111111111111111111111111111111111111111111111111111111111111
