111111111111111111111111111111111111111111111111111111111111111111111111111111111111111111111111111111111111111111111111111111111111111111111111111111
111111111111111111111111111111111111111111111111111111111111111111111111111111111111111111111111111111111111111111111111111111111111111111111111111111
111111111111111111111111111111111111111111111111111111111111111111111111111111111111111111111111111111111111111111111111111111111111111111111111111111
111111111111111111111111111111111111111111111111111111111111111111111111111111111111111111111111111111111111111111111111111111111111111111111111111111
111111111111111111111111111111111111111111111111111111111111111111111111111111111111111111111111111111111111111111111111111111111111111111111111111111
111111111111111111111111111111111111111111111111111111111111111111111111111111111111111111111111111111111111111111111111111111111111111111111111111111
111111111111111111111111111111111111111111111111111111111111111111111111111111111111111111111111111111111111111111111111111111111111111111111111111111
111111111111111111111111111111111111111111111111111111111111111111111111111111111111111111111111111111111111111111111111111111111111111111111111111111
111111111111111111111111111111111111111111111111111111111111111111111111111111111111111111111111111111111111111111111111111111111111111111111111111111
111111111111111111111111111111111111111111111111111111111111111111111111111111111111111111111111111111111111111111111111111111111111111111111111111111
111111111111111111111111111111111111111111111111111111111111111111111111111111111111111111111111111111111111111111111111111111111111111111111111111111
111111111111111111111111111111111111111111111111111111111111111111111111111111111111111111111111111111111111111111111111111111111111111111111111111111
111111111111111111111111111111111111111111111111111111111111111111111111111111111111111111111111111111111111111111111111111111111111111111111111111111
111111111111111111111111111111111111111111111111111111111111111111111111111111111111111111111111111111111111111111111111111111111111111111111111111111
111111111111111111111111111111111111111111111111111111111111111111111111111000011111111111111111111111111111111111111111111111111111111111111111111111
111111111111111111111111111111111111111111111111111111111111111111111111111000011111111111111111111111111111111111111111111111111111111111111111111111
111111111111111111111111111111111111111111111111111111111111111111111111000000000000011111111111111111111111111111111111111111111111111111111111111111
111111111111111111111111111111111111111111111111111111111111111111111111000000000000011111111111111111111111111111111111111111111111111111111111111111
111111100000000111111111111111111111111111111111111111111111111111111000000000000000000000111111111111111111111111111111111111111111111111111111111111
111111100000000111111111111111111111111111111111111111111111111111111000000000000000000000111111111111111111111111111111111111111111111111111111111111
111111110000000000011111111111111111111111111111111111111111111111100000000000000000000000011111111111111111111111111111111111111111111111111111111111
111111110000000000011111111111111111111111111111111111111111111111100000000000000000000000011111111111111111111111111111111111111111111111111111111111
111111111000000000000000111111111111111111111111111111111111111110000000000000000000000000000111111111111111111111111111111111111111111111111111111111
111111111000000000000000111111111111111111111111111111111111111110000000000000000000000000000111111111111111111111111111111111111111111111111111111111
111111110000000000000000000111111111111111111111111111111111111000000000000000000000000000000011111111111111111111111111111111111111111111111111111111
111111110000000000000000000111111111111111111111111111111111111000000000000000000000000000000011111111111111111111111111111111111111111111111111111111
111111100000000000000000000000011111111111111111111111111111000000000000000000000000000000000011111111111111111111111111111111111111111111111111111111
111111100000000000000000000000011111111111111111111111111111000000000000000000000000000000000011111111111111111111111111111111111111111111111111111111
111111000000000000000000000000000001111111111111111111111100000000000000000000000000000000000001111111111111111111111111111111111111111111111111111111
111111000000000000000000000000000001111111111111111111111100000000000000000000000000000000000001111111111111111111111111111111111111111111111111111111
111111000000000000000001111111111000000001111111111111111111000000000000000000000000000000000001111111111111111111111111111111111111111111111111111111
111111000000000000000001111111111000000001111111111111111111000000000000000000000000000000000001111111111111111111111111111111111111111111111111111111
111110000000000000000011111111111111110000000001111111111111111000000000000000000000000000000011111111111111111111111111111111111111111111111111111111
111110000000000000000011111111111111110000000001111111111111111000000000000000000000000000000011111111111111111111111111111111111111111111111111111111
111110000000000000000011111111111111111111100000000011111111110000000000000000000000000000001111111111111111111111111111111111111111111111111111111111
111110000000000000000011111111111111111111100000000011111111110000000000000000000000000000001111111111111111111111111111111111111111111111111111111111
111100000000000000000111111111111111111111111111100000000011110000000000000000000000000001111111111111111111111111111111111111111111111111111111111111
111100000000000000000111111111111111111111111111100000000011110000000000000000000000000001111111111111111111111111111111111111111111111111111111111111
111100000000000000001111111111111111111111111111111110000000000000000000000000000000000111111111111111111111111111111111111111111111111111111111111111
111100000000000000001111111111111111111111111111111110000000000000000000000000000000000111111111111111111111111111111111111111111111111111111111111111
111000000000000000011111111111111111111111111111111111111111000000000000000000000000011111111111111111111111111111111111111111111111111111111111111111
111000000000000000011111111111111111111111111111111111111111000000000000000000000000011111111111111111111111111111111111111111111111111111111111111111
110000000000000000111111111111111111111111111111111111111111110000000000000000000001111111111111111111111111111111111111111111111111111111111111111111
110000000000000000111111111111111111111111111111111111111111110000000000000000000001111111111111111111111111111111111111111111111111111111111111111111
110000000000000000111111111111111111111111111111111111111111111001000010000000000000000111111111111111111111111111111111111111111111111111111111111111
110000000000000000111111111111111111111111111111111111111111111001000010000000000000000111111111111111111111111111111111111111111111111111111111111111
110000000000000001111111111111111111111111111111111111111111111111111110000000000000000000111111111111111111111111111111111111111111111111111111111111
110000000000000001111111111111111111111111111111111111111111111111111110000000000000000000111111111111111111111111111111111111111111111111111111111111
110000000000000001111111111111111111111111111111111111111111111111111100000000000000000000000001111111111111111111111111111111111111111111111111111111
110000000000000001111111111111111111111111111111111111111111111111111100000000000000000000000001111111111111111111111111111111111111111111111111111111
100000000000000001111111111111111111111111111111111111111111111111111100000000000000000000000000000000111111111111111111111111111111111111111111111111
100000000000000001111111111111111111111111111111111111111111111111111100000000000000000000000000000000111111111111111111111111111111111111111111111111
100000000000000011111111111111111111111111111111111111111111111111111100000000000000000000011111100000000000001110110111111111111111111111111111111111
100000000000000011111111111111111111111111111111111111111111111111111100000000000000000000011111100000000000001110110111111111111111111111111111111111
100000000000000011111111111111111111111111111111111111111111111111111000000000000000000000001111111111110000000000000000010111111111111111111111111111
100000000000000011111111111111111111111111111111111111111111111111111000000000000000000000001111111111110000000000000000010111111111111111111111111111
100000000000000111111111111111111111111111111111111111111111111111111000000000000000000000000111111111111111111100000000000000111111111111111111111111
100000000000000111111111111111111111111111111111111111111111111111111000000000000000000000000111111111111111111100000000000000111111111111111111111111
100000000000000111111111111111111111111111111111111111111111111111111000000000000000000000000011111111111111111100000000000000000000001111111111111111
100000000000000111111111111111111111111111111111111111111111111111111000000000000000000000000011111111111111111100000000000000000000001111111111111111
100000000000000111111111111111111111111111111111111111111111111111110000000000000000000000000001111111111111111100000000001111000000000000000001111111
100000000000000111111111111111111111111111111111111111111111111111110000000000000000000000000001111111111111111100000000001111000000000000000001111111
100000000000000111111111111111111111111111111111111111111111111111000000000000000000000000000001111111111110000000000000011111111111110000000000000000
100000000000000111111111111111111111111111111111111111111111111111000000000000000000000000000001111111111110000000000000011111111111110000000000000000
100000000000000111111111111111111111111111111111111111111111111110000000000000000000000000000001111100000000000000000001111111111111111111110000000000
100000000000000111111111111111111111111111111111111111111111111110000000000000000000000000000001111100000000000000000001111111111111111111110000000000
100000000000000111111111111111111111111111111111111111111111111100000001100000000000000000000000000000000000000000001111111111111111111111111111111000
100000000000000111111111111111111111111111111111111111111111111100000001100000000000000000000000000000000000000000001111111111111111111111111111111000
100000000000000111111111111111111111111111111111111111111111111100000000100000000000000000000000000000000000000011111111111111111111111111111111111111
100000000000000111111111111111111111111111111111111111111111111100000000100000000000000000000000000000000000000011111111111111111111111111111111111111
110000000000000111111111111111111111111111111111111111111111111110000000000000000000000000000000000000000011111111111111111111111111111111111111111111
110000000000000111111111111111111111111111111111111111111111111110000000000000000000000000000000000000000011111111111111111111111111111111111111111111
110000000000000111111111111111111111111111111111111111111111111111100000000000000000000000000000000001111111111111111111111111111111111111111111111111
110000000000000111111111111111111111111111111111111111111111111111100000000000000000000000000000000001111111111111111111111111111111111111111111111111
110000000000000111111111111111111111111111111111111111111111111111111100000000000000000000001111111111111111111111111111111111111111111111111111111111
110000000000000111111111111111111111111111111111111111111111111111111100000000000000000000001111111111111111111111111111111111111111111111111111111111
110000000000000111111111111111111111111111111111111111111111111111111111000000000000000000001111111111111111111111111111111111111111111111111111111111
110000000000000111111111111111111111111111111111111111111111111111111111000000000000000000001111111111111111111111111111111111111111111111111111111111
111000000000000011111111111111111111111111111111111111111111111111111111110000000000000000001111111111111111111111111111111111111111111111111111111111
111000000000000011111111111111111111111111111111111111111111111111111111110000000000000000001111111111111111111111111111111111111111111111111111111111
111100000000000011111111111111111111111111111111111111111111111111111111110000000000000000000111111111111111111111111111111111111111111111111111111111
111100000000000011111111111111111111111111111111111111111111111111111111110000000000000000000111111111111111111111111111111111111111111111111111111111
111100000000000001111111111111111111111111111111111111111111111111111111100000000000000000000011111111111111111111111111111111111111111111111111111111
111100000000000001111111111111111111111111111111111111111111111111111111100000000000000000000011111111111111111111111111111111111111111111111111111111
111110000000000001111111111111111111111111111111111111111111111111111110000000000000000000000011111111111111111111111111111111111111111111111111111111
111110000000000001111111111111111111111111111111111111111111111111111110000000000000000000000011111111111111111111111111111111111111111111111111111111
111111000000000000111111111111111111111111111111111111111111111111111100000000000000000000000001111111111111111111111111111111111111111111111111111111
111111000000000000111111111111111111111111111111111111111111111111111100000000000000000000000001111111111111111111111111111111111111111111111111111111
111111000000000000011111111111111111111111111111111111111111111111110000000000000000000000000000111111111111111111111111111111111111111111111111111111
111111000000000000011111111111111111111111111111111111111111111111110000000000000000000000000000111111111111111111111111111111111111111111111111111111
111111110000000000011111111111111111111111111111111111111111111111000000000000000000000000000000001111111111111111111111111111111111111111111111111111
111111110000000000011111111111111111111111111111111111111111111111000000000000000000000000000000001111111111111111111111111111111111111111111111111111
111111110000000000001111111111111111111111111111111111111111111000000000000000000000000000000000000111111111111111111111111111111111111111111111111111
111111110000000000001111111111111111111111111111111111111111111000000000000000000000000000000000000111111111111111111111111111111111111111111111111111
111111111000000000000111111111111111111111111111111111111111000000000000000000000000000000000000000011111111111111111111111111111111111111111111111111
111111111000000000000111111111111111111111111111111111111111000000000000000000000000000000000000000011111111111111111111111111111111111111111111111111
111111111100000000000111111111111111111111111111111111111000000000000000000000000000000000000000000000111111111111111111111111111111111111111111111111
111111111100000000000111111111111111111111111111111111111000000000000000000000000000000000000000000000111111111111111111111111111111111111111111111111
111111111100000000000111111111111111111111111111111111100000000000000000000000000000000000000000000000011111111111111111111111111111111111111111111111
111111111100000000000111111111111111111111111111111111100000000000000000000000000000000000000000000000011111111111111111111111111111111111111111111111
111111111100000000001111111111111111111111111111111100000000000000000000000000000000000000000000000111111111111111111111111111111111111111111111111111
111111111100000000001111111111111111111111111111111100000000000000000000000000000000000000000000000111111111111111111111111111111111111111111111111111
111111111100000000011111111111111111111111111111100000000000000000000000000000000000000000000000000011111111111111111111111111111111111111111111111111
111111111100000000011111111111111111111111111111100000000000000000000000000000000000000000000000000011111111111111111111111111111111111111111111111111
111111111100000000111111111111111111111111111110000000000000000000000000000000000000000000000000000011111111111111111111111111111111111111111111111111
111111111100000000111111111111111111111111111110000000000000000000000000000000000000000000000000000011111111111111111111111111111111111111111111111111
111111111000000001111111111111111111111111110000000000000000000000000000000000000000000000000000000001111111111111111111111111111111111111111111111111
111111111000000001111111111111111111111111110000000000000000000000000000000000000000000000000000000001111111111111111111111111111111111111111111111111
111111111000000001111111111111111111111111000000000000000000000000000000000000000000000000000000000001111111111111111111111111111111111111111111111111
111111111000000001111111111111111111111111000000000000000000000000000000000000000000000000000000000001111111111111111111111111111111111111111111111111
111111111000000001111111111111111111111100000000000000000000000000000000000000000000000000000000000000111111111111111111111111111111111111111111111111
111111111000000001111111111111111111111100000000000000000000000000000000000000000000000000000000000000111111111111111111111111111111111111111111111111
111111111100000011111111111111111111111000000000000000000000000000000000000000000000000000000000000000111111111111111111111111111111111111111111111111
111111111100000011111111111111111111111000000000000000000000000000000000000000000000000000000000000000111111111111111111111111111111111111111111111111
111111111111111111111111111111111111111111111111111111111111111111111111111111111111111111111111111111111111111111111111111111111111111111111111111111
111111111111111111111111111111111111111111111111111111111111111111111111111111111111111111111111111111111111111111111111111111111111111111111111111111
