111111111111111111111111111111111111111111111111111111111111111111111111111111111111111111111111111111111111111111111111111111111111111111111111111111
111111111111111111111111111111111111111111111111111111111111111111111111111111111111111111111111111111111111111111111111111111111111111111111111111111
111111111111111111111111111111111111111111111111111111111111111111111111111111111111111111111111111111111111111111111111111111111111111111111111111111
111111111111111111111111111111111111111111111111111111111111111111111111111111111111111111111111111111111111111111111111111111111111111111111111111111
111111111111111111111111111111111111111111111111111111111111111111111111111111111111111111111111111111111111111111111111111111111111111111111111111111
111111111111111111111111111111111111111111111111111111111111111111111111111111111111111111111111111111111111111111111111111111111111111111111111111111
111111111111111111111111111111111111111111111111111111111111111111111111111111111111111111111111111111111111111111111111111111111111111111111111111111
111111111111111111111111111111111111111111111111111111111111111111111111111111111111111111111111111111111111111111111111111111111111111111111111111111
111111111111111111111111111111111111111111111111111111111111111111111111111111111111111111111111111111111111111111111111111111111111111111111111111111
111111111111111111111111111111111111111111111111111111111111111111111111111111111111111111111111111111111111111111111111111111111111111111111111111111
111111111111111111111111111111111111111111111111111111111111111111111111111111111111111111111111111111111111111111111111111111111111111111111111111111
111111111111111111111111111111111111111111111111111111111111111111111111111111111111111111111111111111111111111111111111111111111111111111111111111111
111111111111111111111111111111111111111111111111111111111111111111111111111111111111111111111111111111111111111111111111111111111111111111111111111111
111111111111111111111111111111111111111111111111111111111111111111111111111111111111111111111111111111111111111111111111111111111111111111111111111111
111111111111111111111111111111111111111111111111111111111111111111111111111111111111111111111111111111111111111111111111111111111111111111111111111111
111111111111111111111111111111111111111111111111111111111111111111111111111111111111111111111111111111111111111111111111111111111111111111111111111111
111111111111111111111111111111111111111111111111111111111111111111111111111111111111111111111111111111111111111111111111111111111111111111111111111111
111111111111111111111111111111111111111111111111111111111111111111111111111111111111111111111111111111111111111111111111111111111111111111111111111111
111111111111111111111111111111111111111111111111111111111111111111111111111111111111111111111111111111111111111111111111111111111111111111111111111111
111111111111111111111111111111111111111111111111111111111111111111111111111111111111111111111111111111111111111111111111111111111111111111111111111111
111111111111111111111111111111111111111111111111111111111111111111111111111000000000011111111111111111111111111111111111111111111111111111111111111111
111111111111111111111111111111111111111111111111111111111111111111111111111000000000011111111111111111111111111111111111111111111111111111111111111111
111111100000011111111111111111111111111111111111111111111111111111111111000000000000000000111111111111111111111111111111111111111111111111111111111111
111111100000011111111111111111111111111111111111111111111111111111111111000000000000000000111111111111111111111111111111111111111111111111111111111111
111111110000000000111111111111111111111111111111111111111111111111111100000000000000000000001111111111111111111111111111111111111111111111111111111111
111111110000000000111111111111111111111111111111111111111111111111111100000000000000000000001111111111111111111111111111111111111111111111111111111111
111111111000000000000001111111111111111111111111111111111111111111110000000000000000000000000011111111111111111111111111111111111111111111111111111111
111111111000000000000001111111111111111111111111111111111111111111110000000000000000000000000011111111111111111111111111111111111111111111111111111111
111111110000000000000000000111111111111111111111111111111111111111000000000000000000000000000011111111111111111111111111111111111111111111111111111111
111111110000000000000000000111111111111111111111111111111111111111000000000000000000000000000011111111111111111111111111111111111111111111111111111111
111111110000000000000000000001111111111111111111111111111111111110000000000000000000000000000001111111111111111111111111111111111111111111111111111111
111111110000000000000000000001111111111111111111111111111111111110000000000000000000000000000001111111111111111111111111111111111111111111111111111111
111111100000000000000000000000000001111111111111111111111111110000000000000000000000000000000001111111111111111111111111111111111111111111111111111111
111111100000000000000000000000000001111111111111111111111111110000000000000000000000000000000001111111111111111111111111111111111111111111111111111111
111111000000000000000000111111100000000111111111111111111111000000000000000000000000000000000000111111111111111111111111111111111111111111111111111111
111111000000000000000000111111100000000111111111111111111111000000000000000000000000000000000000111111111111111111111111111111111111111111111111111111
111110000000000000000001111111111111100000000111111111111111000000000000000000000000000000000011111111111111111111111111111111111111111111111111111111
111110000000000000000001111111111111100000000111111111111111000000000000000000000000000000000011111111111111111111111111111111111111111111111111111111
111110000000000000000011111111111111111111000000001111111111111110000000000000000000000000011111111111111111111111111111111111111111111111111111111111
111110000000000000000011111111111111111111000000001111111111111110000000000000000000000000011111111111111111111111111111111111111111111111111111111111
111100000000000000000111111111111111111111111110000000001111111110000000000000000000000000111111111111111111111111111111111111111111111111111111111111
111100000000000000000111111111111111111111111110000000001111111110000000000000000000000000111111111111111111111111111111111111111111111111111111111111
111100000000000000000111111111111111111111111111111100000000011100000000000000000000000001111111111111111111111111111111111111111111111111111111111111
111100000000000000000111111111111111111111111111111100000000011100000000000000000000000001111111111111111111111111111111111111111111111111111111111111
111000000000000000001111111111111111111111111111111111111110000000000000000000000000001111111111111111111111111111111111111111111111111111111111111111
111000000000000000001111111111111111111111111111111111111110000000000000000000000000001111111111111111111111111111111111111111111111111111111111111111
111000000000000000011111111111111111111111111111111111111111110000000000000000000000111111111111111111111111111111111111111111111111111111111111111111
111000000000000000011111111111111111111111111111111111111111110000000000000000000000111111111111111111111111111111111111111111111111111111111111111111
110000000000000000111111111111111111111111111111111111111111111100000000000000000000000011111111111111111111111111111111111111111111111111111111111111
110000000000000000111111111111111111111111111111111111111111111100000000000000000000000011111111111111111111111111111111111111111111111111111111111111
110000000000000000111111111111111111111111111111111111111111111111100101000000000000000000011111111111111111111111111111111111111111111111111111111111
110000000000000000111111111111111111111111111111111111111111111111100101000000000000000000011111111111111111111111111111111111111111111111111111111111
110000000000000001111111111111111111111111111111111111111111111111111110000000000000000000000011111111111111111111111111111111111111111111111111111111
110000000000000001111111111111111111111111111111111111111111111111111110000000000000000000000011111111111111111111111111111111111111111111111111111111
110000000000000001111111111111111111111111111111111111111111111111111110000000000000000000000000000011111111111111111111111111111111111111111111111111
110000000000000001111111111111111111111111111111111111111111111111111110000000000000000000000000000011111111111111111111111111111111111111111111111111
110000000000000001111111111111111111111111111111111111111111111111111110000000000000000000001111000000000000011111111111111111111111111111111111111111
110000000000000001111111111111111111111111111111111111111111111111111110000000000000000000001111000000000000011111111111111111111111111111111111111111
110000000000000001111111111111111111111111111111111111111111111111111100000000000000000000000111111111000000000000000000011111111111111111111111111111
110000000000000001111111111111111111111111111111111111111111111111111100000000000000000000000111111111000000000000000000011111111111111111111111111111
100000000000000011111111111111111111111111111111111111111111111111111000000000000000000000000011111111111111110000000000000001111111111111111111111111
100000000000000011111111111111111111111111111111111111111111111111111000000000000000000000000011111111111111110000000000000001111111111111111111111111
100000000000000011111111111111111111111111111111111111111111111111111000000000000000000000000000111111111111111110000000000000000000011111111111111111
100000000000000011111111111111111111111111111111111111111111111111111000000000000000000000000000111111111111111110000000000000000000011111111111111111
100000000000000011111111111111111111111111111111111111111111111111110000000000000000000000000000111111111111111111000000000000000000000000000011111111
100000000000000011111111111111111111111111111111111111111111111111110000000000000000000000000000111111111111111111000000000000000000000000000011111111
100000000000000111111111111111111111111111111111111111111111111111100000000000000000000000000000111111111111111100000000000111111111100000000000000000
100000000000000111111111111111111111111111111111111111111111111111100000000000000000000000000000111111111111111100000000000111111111100000000000000000
100000000000000111111111111111111111111111111111111111111111111111000000000000000000000000000000111111111000000000000000001111111111111111100000000000
100000000000000111111111111111111111111111111111111111111111111111000000000000000000000000000000111111111000000000000000001111111111111111100000000000
110000000000000111111111111111111111111111111111111111111111111110000000110000000000000000000000000000000000000000000001111111111111111111111111110000
110000000000000111111111111111111111111111111111111111111111111110000000110000000000000000000000000000000000000000000001111111111111111111111111110000
110000000000000111111111111111111111111111111111111111111111111110000000010000000000000000000000000000000000000000001111111111111111111111111111111111
110000000000000111111111111111111111111111111111111111111111111110000000010000000000000000000000000000000000000000001111111111111111111111111111111111
110000000000000111111111111111111111111111111111111111111111111111000000000000000000000000000000000000000000001111111111111111111111111111111111111111
110000000000000111111111111111111111111111111111111111111111111111000000000000000000000000000000000000000000001111111111111111111111111111111111111111
110000000000000111111111111111111111111111111111111111111111111111110000000000000000000000000000000000000111111111111111111111111111111111111111111111
110000000000000111111111111111111111111111111111111111111111111111110000000000000000000000000000000000000111111111111111111111111111111111111111111111
110000000000000111111111111111111111111111111111111111111111111111111100000000000000000000000111101111111111111111111111111111111111111111111111111111
110000000000000111111111111111111111111111111111111111111111111111111100000000000000000000000111101111111111111111111111111111111111111111111111111111
111000000000000011111111111111111111111111111111111111111111111111111111000000000000000000000111111111111111111111111111111111111111111111111111111111
111000000000000011111111111111111111111111111111111111111111111111111111000000000000000000000111111111111111111111111111111111111111111111111111111111
111100000000000011111111111111111111111111111111111111111111111111111111111000000000000000000111111111111111111111111111111111111111111111111111111111
111100000000000011111111111111111111111111111111111111111111111111111111111000000000000000000111111111111111111111111111111111111111111111111111111111
111100000000000001111111111111111111111111111111111111111111111111111111111000000000000000000011111111111111111111111111111111111111111111111111111111
111100000000000001111111111111111111111111111111111111111111111111111111111000000000000000000011111111111111111111111111111111111111111111111111111111
111110000000000001111111111111111111111111111111111111111111111111111111110000000000000000000000111111111111111111111111111111111111111111111111111111
111110000000000001111111111111111111111111111111111111111111111111111111110000000000000000000000111111111111111111111111111111111111111111111111111111
111110000000000000111111111111111111111111111111111111111111111111111111100000000000000000000001111111111111111111111111111111111111111111111111111111
111110000000000000111111111111111111111111111111111111111111111111111111100000000000000000000001111111111111111111111111111111111111111111111111111111
111111000000000000111111111111111111111111111111111111111111111111111110000000000000000000000000111111111111111111111111111111111111111111111111111111
111111000000000000111111111111111111111111111111111111111111111111111110000000000000000000000000111111111111111111111111111111111111111111111111111111
111111100000000000011111111111111111111111111111111111111111111111111100000000000000000000000000011111111111111111111111111111111111111111111111111111
111111100000000000011111111111111111111111111111111111111111111111111100000000000000000000000000011111111111111111111111111111111111111111111111111111
111111110000000000001111111111111111111111111111111111111111111111110000000000000000000000000000001111111111111111111111111111111111111111111111111111
111111110000000000001111111111111111111111111111111111111111111111110000000000000000000000000000001111111111111111111111111111111111111111111111111111
111111111000000000000111111111111111111111111111111111111111111111000000000000000000000000000000000011111111111111111111111111111111111111111111111111
111111111000000000000111111111111111111111111111111111111111111111000000000000000000000000000000000011111111111111111111111111111111111111111111111111
111111111000000000000111111111111111111111111111111111111111111100000000000000000000000000000000000000111111111111111111111111111111111111111111111111
111111111000000000000111111111111111111111111111111111111111111100000000000000000000000000000000000000111111111111111111111111111111111111111111111111
111111111100000000000011111111111111111111111111111111111111100000000000000000000000000000000000000000011111111111111111111111111111111111111111111111
111111111100000000000011111111111111111111111111111111111111100000000000000000000000000000000000000000011111111111111111111111111111111111111111111111
111111111110000000000011111111111111111111111111111111111110000000000000000000000000000000000000000000001111111111111111111111111111111111111111111111
111111111110000000000011111111111111111111111111111111111110000000000000000000000000000000000000000000001111111111111111111111111111111111111111111111
111111111110000000000011111111111111111111111111111111111000000000000000000000000000000000000000000000011111111111111111111111111111111111111111111111
111111111110000000000011111111111111111111111111111111111000000000000000000000000000000000000000000000011111111111111111111111111111111111111111111111
111111111110000000000111111111111111111111111111111111100000000000000000000000000000000000000000000000111111111111111111111111111111111111111111111111
111111111110000000000111111111111111111111111111111111100000000000000000000000000000000000000000000000111111111111111111111111111111111111111111111111
111111111110000000001111111111111111111111111111111100000000000000000000000000000000000000000000000000011111111111111111111111111111111111111111111111
111111111110000000001111111111111111111111111111111100000000000000000000000000000000000000000000000000011111111111111111111111111111111111111111111111
111111111100000000011111111111111111111111111111100000000000000000000000000000000000000000000000000000011111111111111111111111111111111111111111111111
111111111100000000011111111111111111111111111111100000000000000000000000000000000000000000000000000000011111111111111111111111111111111111111111111111
111111111100000000111111111111111111111111111110000000000000000000000000000000000000000000000000000000001111111111111111111111111111111111111111111111
111111111100000000111111111111111111111111111110000000000000000000000000000000000000000000000000000000001111111111111111111111111111111111111111111111
111111111111111111111111111111111111111111111111111111111111111111111111111111111111111111111111111111111111111111111111111111111111111111111111111111
111111111111111111111111111111111111111111111111111111111111111111111111111111111111111111111111111111111111111111111111111111111111111111111111111111
