111111111111111111111111111111111111111111111111111111111111111111111111111111111111111111111111111111111111111111111111111111111111111111111111111111
111111111111111111111111111111111111111111111111111111111111111111111111111111111111111111111111111111111111111111111111111111111111111111111111111111
111111111111111111111111111111111111111111111111111111111111111111111111111111111111111111111111111111111111111111111111111111111111111111111111111111
111111111111111111111111111111111111111111111111111111111111111111111111111111111111111111111111111111111111111111111111111111111111111111111111111111
111111111111111111111111111111111111111111111111111111111111111111111111111111111111111111111111111111111111111111111111111111111111111111111111111111
111111111111111111111111111111111111111111111111111111111111111111111111111111111111111111111111111111111111111111111111111111111111111111111111111111
111111111111111111111111111111111111111111111111111111111111111111111111111111111111111111111111111111111111111111111111111111111111111111111111111111
111111111111111111111111111111111111111111111111111111111111111111111111111111111111111111111111111111111111111111111111111111111111111111111111111111
111111111111111111111111111111111111111111111111111111111111111111111111111111111111111111111111111111111111111111111111111111111111111111111111111111
111111111111111111111111111111111111111111111111111111111111111111111111111111111111111111111111111111111111111111111111111111111111111111111111111111
111111111111111111111111111111111111111111111111111111111111111111111111111111111111111111111111111111111111111111111111111111111111111111111111111111
111111111111111111111111111111111111111111111111111111111111111111111111111111111111111111111111111111111111111111111111111111111111111111111111111111
111111111111111111111111111111111111111111111111111111111111111111111111111111111111111111111111111111111111111111111111111111111111111111111111111111
111111111111111111111111111111111111111111111111111111111111111111111111111111111111111111111111111111111111111111111111111111111111111111111111111111
111111111111111111111111111111111111111111111111111111111111111111111111111111111111111111111111111111111111111111111111111111111111111111111111111111
111111111111111111111111111111111111111111111111111111111111111111111111111111111111111111111111111111111111111111111111111111111111111111111111111111
111111111111111111111111111111111111111111111111111111111111111111111111111111111111111111111111111111111111111111111111111111111111111111111111111111
111111111111111111111111111111111111111111111111111111111111111111111111111111111111111111111111111111111111111111111111111111111111111111111111111111
111111111111111111111111111111111111111111111111111111111111111111111111111111111111111111111111111111111111111111111111111111111111111111111111111111
111111111111111111111111111111111111111111111111111111111111111111111111111111111111111111111111111111111111111111111111111111111111111111111111111111
111111111111111111111111111111111111111111111111111111111111111111111111111000011111111111111111111111111111111111111111111111111111111111111111111111
111111111111111111111111111111111111111111111111111111111111111111111111111000011111111111111111111111111111111111111111111111111111111111111111111111
111111111111111111111111111111111111111111111111111111111111111111111111000000000000000001111111111111111111111111111111111111111111111111111111111111
111111111111111111111111111111111111111111111111111111111111111111111111000000000000000001111111111111111111111111111111111111111111111111111111111111
111111100000001111111111111111111111111111111111111111111111111111111100000000000000000000011111111111111111111111111111111111111111111111111111111111
111111100000001111111111111111111111111111111111111111111111111111111100000000000000000000011111111111111111111111111111111111111111111111111111111111
111111110000000000011111111111111111111111111111111111111111111111110000000000000000000000001111111111111111111111111111111111111111111111111111111111
111111110000000000011111111111111111111111111111111111111111111111110000000000000000000000001111111111111111111111111111111111111111111111111111111111
111111111000000000000000111111111111111111111111111111111111111111100000000000000000000000000011111111111111111111111111111111111111111111111111111111
111111111000000000000000111111111111111111111111111111111111111111100000000000000000000000000011111111111111111111111111111111111111111111111111111111
111111110000000000000000000011111111111111111111111111111111111110000000000000000000000000000011111111111111111111111111111111111111111111111111111111
111111110000000000000000000011111111111111111111111111111111111110000000000000000000000000000011111111111111111111111111111111111111111111111111111111
111111110000000000000000000000011111111111111111111111111111111100000000000000000000000000000001111111111111111111111111111111111111111111111111111111
111111110000000000000000000000011111111111111111111111111111111100000000000000000000000000000001111111111111111111111111111111111111111111111111111111
111111100000000000000000000000000000111111111111111111111111110000000000000000000000000000000001111111111111111111111111111111111111111111111111111111
111111100000000000000000000000000000111111111111111111111111110000000000000000000000000000000001111111111111111111111111111111111111111111111111111111
111111000000000000000000111111111100000000111111111111111111100000000000000000000000000000000011111111111111111111111111111111111111111111111111111111
111111000000000000000000111111111100000000111111111111111111100000000000000000000000000000000011111111111111111111111111111111111111111111111111111111
111111000000000000000001111111111111110000000001111111111111000000000000000000000000000000011111111111111111111111111111111111111111111111111111111111
111111000000000000000001111111111111110000000001111111111111000000000000000000000000000000011111111111111111111111111111111111111111111111111111111111
111110000000000000000011111111111111111111110000000001111111100110000000000000000000000000111111111111111111111111111111111111111111111111111111111111
111110000000000000000011111111111111111111110000000001111111100110000000000000000000000000111111111111111111111111111111111111111111111111111111111111
111110000000000000000011111111111111111111111111100000000011111110000000000000000000000001111111111111111111111111111111111111111111111111111111111111
111110000000000000000011111111111111111111111111100000000011111110000000000000000000000001111111111111111111111111111111111111111111111111111111111111
111100000000000000000111111111111111111111111111111111100000000000000000000000000000000111111111111111111111111111111111111111111111111111111111111111
111100000000000000000111111111111111111111111111111111100000000000000000000000000000000111111111111111111111111111111111111111111111111111111111111111
111100000000000000001111111111111111111111111111111111111111000000000000000000000000001111111111111111111111111111111111111111111111111111111111111111
111100000000000000001111111111111111111111111111111111111111000000000000000000000000001111111111111111111111111111111111111111111111111111111111111111
111000000000000000011111111111111111111111111111111111111111111011000000000000000000001111111111111111111111111111111111111111111111111111111111111111
111000000000000000011111111111111111111111111111111111111111111011000000000000000000001111111111111111111111111111111111111111111111111111111111111111
111000000000000000011111111111111111111111111111111111111111111110000000000000000000000000111111111111111111111111111111111111111111111111111111111111
111000000000000000011111111111111111111111111111111111111111111110000000000000000000000000111111111111111111111111111111111111111111111111111111111111
111000000000000000111111111111111111111111111111111111111111111111110010000000000000000000000111111111111111111111111111111111111111111111111111111111
111000000000000000111111111111111111111111111111111111111111111111110010000000000000000000000111111111111111111111111111111111111111111111111111111111
110000000000000000111111111111111111111111111111111111111111111111111100000000000000000000000000001111111111111111111111111111111111111111111111111111
110000000000000000111111111111111111111111111111111111111111111111111100000000000000000000000000001111111111111111111111111111111111111111111111111111
110000000000000001111111111111111111111111111111111111111111111111111110000000000000000000000000000000000011111111111111111111111111111111111111111111
110000000000000001111111111111111111111111111111111111111111111111111110000000000000000000000000000000000011111111111111111111111111111111111111111111
110000000000000001111111111111111111111111111111111111111111111111111110000000000000000000000111111000000000000001101100111111111111111111111111111111
110000000000000001111111111111111111111111111111111111111111111111111110000000000000000000000111111000000000000001101100111111111111111111111111111111
110000000000000001111111111111111111111111111111111111111111111111111000000000000000000000000011111111111110000000000000000000111111111111111111111111
110000000000000001111111111111111111111111111111111111111111111111111000000000000000000000000011111111111110000000000000000000111111111111111111111111
110000000000000001111111111111111111111111111111111111111111111111111100000000000000000000000000111111111111111111100000000000000001111111111111111111
110000000000000001111111111111111111111111111111111111111111111111111100000000000000000000000000111111111111111111100000000000000001111111111111111111
110000000000000001111111111111111111111111111111111111111111111111111000000000000000000000000000011111111111111111100000000000000000000000011111111111
110000000000000001111111111111111111111111111111111111111111111111111000000000000000000000000000011111111111111111100000000000000000000000011111111111
110000000000000011111111111111111111111111111111111111111111111111110000000000000000000000000000001111111111111111100000000001111110000000000000000000
110000000000000011111111111111111111111111111111111111111111111111110000000000000000000000000000001111111111111111100000000001111110000000000000000000
110000000000000011111111111111111111111111111111111111111111111111000000000000000000000000000000011111111111110000000000000011111111111111000000000000
110000000000000011111111111111111111111111111111111111111111111111000000000000000000000000000000011111111111110000000000000011111111111111000000000000
110000000000000011111111111111111111111111111111111111111111111111000000010000000000000000000000001111000000000000000000001111111111111111111111100000
110000000000000011111111111111111111111111111111111111111111111111000000010000000000000000000000001111000000000000000000001111111111111111111111100000
110000000000000011111111111111111111111111111111111111111111111110000000110000000000000000000000000000000000000000000001111111111111111111111111111111
110000000000000011111111111111111111111111111111111111111111111110000000110000000000000000000000000000000000000000000001111111111111111111111111111111
110000000000000011111111111111111111111111111111111111111111111110000000001000000000000000000000000000000000000000111111111111111111111111111111111111
110000000000000011111111111111111111111111111111111111111111111110000000001000000000000000000000000000000000000000111111111111111111111111111111111111
111000000000000011111111111111111111111111111111111111111111111111100000000000000000000000000000000000000000011111111111111111111111111111111111111111
111000000000000011111111111111111111111111111111111111111111111111100000000000000000000000000000000000000000011111111111111111111111111111111111111111
111000000000000011111111111111111111111111111111111111111111111111111000000000000000000000000010000000011111111111111111111111111111111111111111111111
111000000000000011111111111111111111111111111111111111111111111111111000000000000000000000000010000000011111111111111111111111111111111111111111111111
111000000000000011111111111111111111111111111111111111111111111111111111000000000000000000000111111111111111111111111111111111111111111111111111111111
111000000000000011111111111111111111111111111111111111111111111111111111000000000000000000000111111111111111111111111111111111111111111111111111111111
111100000000000001111111111111111111111111111111111111111111111111111111110000000000000000000011111111111111111111111111111111111111111111111111111111
111100000000000001111111111111111111111111111111111111111111111111111111110000000000000000000011111111111111111111111111111111111111111111111111111111
111100000000000001111111111111111111111111111111111111111111111111111111111000000000000000000111111111111111111111111111111111111111111111111111111111
111100000000000001111111111111111111111111111111111111111111111111111111111000000000000000000111111111111111111111111111111111111111111111111111111111
111110000000000000111111111111111111111111111111111111111111111111111111111100000000000000000001111111111111111111111111111111111111111111111111111111
111110000000000000111111111111111111111111111111111111111111111111111111111100000000000000000001111111111111111111111111111111111111111111111111111111
111110000000000000111111111111111111111111111111111111111111111111111111110000000000000000000000111111111111111111111111111111111111111111111111111111
111110000000000000111111111111111111111111111111111111111111111111111111110000000000000000000000111111111111111111111111111111111111111111111111111111
111111000000000000011111111111111111111111111111111111111111111111111111100000000000000000000000111111111111111111111111111111111111111111111111111111
111111000000000000011111111111111111111111111111111111111111111111111111100000000000000000000000111111111111111111111111111111111111111111111111111111
111111100000000000011111111111111111111111111111111111111111111111111111000000000000000000000000011111111111111111111111111111111111111111111111111111
111111100000000000011111111111111111111111111111111111111111111111111111000000000000000000000000011111111111111111111111111111111111111111111111111111
111111110000000000001111111111111111111111111111111111111111111111111100000000000000000000000000001111111111111111111111111111111111111111111111111111
111111110000000000001111111111111111111111111111111111111111111111111100000000000000000000000000001111111111111111111111111111111111111111111111111111
111111111000000000000111111111111111111111111111111111111111111111111000000000000000000000000000000011111111111111111111111111111111111111111111111111
111111111000000000000111111111111111111111111111111111111111111111111000000000000000000000000000000011111111111111111111111111111111111111111111111111
111111111000000000000111111111111111111111111111111111111111111111100000000000000000000000000000000001111111111111111111111111111111111111111111111111
111111111000000000000111111111111111111111111111111111111111111111100000000000000000000000000000000001111111111111111111111111111111111111111111111111
111111111100000000000011111111111111111111111111111111111111111110000000000000000000000000000000000000011111111111111111111111111111111111111111111111
111111111100000000000011111111111111111111111111111111111111111110000000000000000000000000000000000000011111111111111111111111111111111111111111111111
111111111110000000000001111111111111111111111111111111111111111100000000000000000000000000000000000000001111111111111111111111111111111111111111111111
111111111110000000000001111111111111111111111111111111111111111100000000000000000000000000000000000000001111111111111111111111111111111111111111111111
111111111111000000000001111111111111111111111111111111111111110000000000000000000000000000000000000000000111111111111111111111111111111111111111111111
111111111111000000000001111111111111111111111111111111111111110000000000000000000000000000000000000000000111111111111111111111111111111111111111111111
111111111111000000000011111111111111111111111111111111111111000000000000000000000000000000000000000000111111111111111111111111111111111111111111111111
111111111111000000000011111111111111111111111111111111111111000000000000000000000000000000000000000000111111111111111111111111111111111111111111111111
111111111111000000000011111111111111111111111111111111111110000000000000000000000000000000000000000000011111111111111111111111111111111111111111111111
111111111111000000000011111111111111111111111111111111111110000000000000000000000000000000000000000000011111111111111111111111111111111111111111111111
111111111111000000000111111111111111111111111111111111111000000000000000000000000000000000000000000000011111111111111111111111111111111111111111111111
111111111111000000000111111111111111111111111111111111111000000000000000000000000000000000000000000000011111111111111111111111111111111111111111111111
111111111111000000001111111111111111111111111111111111000000000000000000000000000000000000000000000000001111111111111111111111111111111111111111111111
111111111111000000001111111111111111111111111111111111000000000000000000000000000000000000000000000000001111111111111111111111111111111111111111111111
111111111111111111111111111111111111111111111111111111111111111111111111111111111111111111111111111111111111111111111111111111111111111111111111111111
111111111111111111111111111111111111111111111111111111111111111111111111111111111111111111111111111111111111111111111111111111111111111111111111111111
