111111111111111111111111111111111111111111111111111111111111111111111111111111111111111111111111111111111111111111111111111111111111111111111111111111
111111111111111111111111111111111111111111111111111111111111111111111111111111111111111111111111111111111111111111111111111111111111111111111111111111
111111111111111111111111111111111111111111111111111111111111111111111111111111111111111111111111111111111111111111111111111111111111111111111111111111
111111111111111111111111111111111111111111111111111111111111111111111111111111111111111111111111111111111111111111111111111111111111111111111111111111
111111111111111111111111111111111111111111111111111111111111111111111111111111111111111111111111111111111111111111111111111111111111111111111111111111
111111111111111111111111111111111111111111111111111111111111111111111111111111111111111111111111111111111111111111111111111111111111111111111111111111
111111111111111111111111111111111111111111111111111111111111111111111111111111111111111111111111111111111111111111111111111111111111111111111111111111
111111111111111111111111111111111111111111111111111111111111111111111111111111111111111111111111111111111111111111111111111111111111111111111111111111
111111111111111111111111111111111111111111111111111111111111111111111111111111111111111111111111111111111111111111111111111111111111111111111111111111
111111111111111111111111111111111111111111111111111111111111111111111111111111111111111111111111111111111111111111111111111111111111111111111111111111
111111111111111111111111111111111111111111111111111111111111111111111111111111111111111111111111111111111111111111111111111111111111111111111111111111
111111111111111111111111111111111111111111111111111111111111111111111111111111111111111111111111111111111111111111111111111111111111111111111111111111
111111111111111111111111111111111111111111111111111111111111111111111111111111111111111111111111111111111111111111111111111111111111111111111111111111
111111111111111111111111111111111111111111111111111111111111111111111111111111111111111111111111111111111111111111111111111111111111111111111111111111
111111111111111111111111111111111111111111111111111111111111111111111111100000000111111111111111111111111111111111111111111111111111111111111111111111
111111111111111111111111111111111111111111111111111111111111111111111111100000000111111111111111111111111111111111111111111111111111111111111111111111
111111111111111111111111111111111111111111111111111111111111111111111100000000000000011111111111111111111111111111111111111111111111111111111111111111
111111111111111111111111111111111111111111111111111111111111111111111100000000000000011111111111111111111111111111111111111111111111111111111111111111
111111111111111111111111111111111111111111111111111111111111110000000000000000000000000111111111111111111111111111111111111111111111111111111111111111
111111111111111111111111111111111111111111111111111111111111110000000000000000000000000111111111111111111111111111111111111111111111111111111111111111
111111111111111111111111111111111111111111111111111111111111000000000000000000000000000011111111111111111111111111111111111111111111111111111111111111
111111111111111111111111111111111111111111111111111111111111000000000000000000000000000011111111111111111111111111111111111111111111111111111111111111
111111111001111111111111111111111111111111111111111111111110000000000000000000000000000011111111111111111111111111111111111111111111111111111111111111
111111111001111111111111111111111111111111111111111111111110000000000000000000000000000011111111111111111111111111111111111111111111111111111111111111
111111110000000000111111111111111111111111111111111111111000000000000000000000000000000111111111111111111111111111111111111111111111111111111111111111
111111110000000000111111111111111111111111111111111111111000000000000000000000000000000111111111111111111111111111111111111111111111111111111111111111
111111111000000000000000111111111111111111111111111111100000000000000000000000000000001111111111111111111111111111111111111111111111111111111111111111
111111111000000000000000111111111111111111111111111111100000000000000000000000000000001111111111111111111111111111111111111111111111111111111111111111
111111111000000000000000000011111111111111111111111111000000000000000000000000000000000011111111111111111111111111111111111111111111111111111111111111
111111111000000000000000000011111111111111111111111111000000000000000000000000000000000011111111111111111111111111111111111111111111111111111111111111
111111111000000000000000000000000111111111111111111100000000000000000000000000000000000011111111111111111111111111111111111111111111111111111111111111
111111111000000000000000000000000111111111111111111100000000000000000000000000000000000011111111111111111111111111111111111111111111111111111111111111
111111110000000000000000011111000000000001111111000000000000000000000000000000000000000111111111111111111111111111111111111111111111111111111111111111
111111110000000000000000011111000000000001111111000000000000000000000000000000000000000111111111111111111111111111111111111111111111111111111111111111
111111110000000000000000011111111111100000000000000000000000000000000000000000000000000011111111111111111111111111111111111111111111111111111111111111
111111110000000000000000011111111111100000000000000000000000000000000000000000000000000011111111111111111111111111111111111111111111111111111111111111
111111100000000000000000111111111111111111110000000000000000000000000000000000000000011111111111111111111111111111111111111111111111111111111111111111
111111100000000000000000111111111111111111110000000000000000000000000000000000000000011111111111111111111111111111111111111111111111111111111111111111
111111000000000000000001111111111111111111111111111000000000000000000000000000000000111111111111111111111111111111111111111111111111111111111111111111
111111000000000000000001111111111111111111111111111000000000000000000000000000000000111111111111111111111111111111111111111111111111111111111111111111
111111000000000000000001111111111111111111111111111111101011000000000000000000000000000011111111111111111111111111111111111111111111111111111111111111
111111000000000000000001111111111111111111111111111111101011000000000000000000000000000011111111111111111111111111111111111111111111111111111111111111
111111000000000000000011111111111111111111111111111111111111100000000000000000000000000000001111111111111111111111111111111111111111111111111111111111
111111000000000000000011111111111111111111111111111111111111100000000000000000000000000000001111111111111111111111111111111111111111111111111111111111
111111000000000000000011111111111111111111111111111111111111100000000000000000000000000000000011111111111111111111111111111111111111111111111111111111
111111000000000000000011111111111111111111111111111111111111100000000000000000000000000000000011111111111111111111111111111111111111111111111111111111
111110000000000000000111111111111111111111111111111111111111110000000000000000000000000000000000000000011111111111111111111111111111111111111111111111
111110000000000000000111111111111111111111111111111111111111110000000000000000000000000000000000000000011111111111111111111111111111111111111111111111
111110000000000000000111111111111111111111111111111111111111000000000001000000000000000000000001000000000000000000010010000001111111111111111111111111
111110000000000000000111111111111111111111111111111111111111000000000001000000000000000000000001000000000000000000010010000001111111111111111111111111
111110000000000000001111111111111111111111111111111111111111110000101011000000000000000000000001111111111100000000000000000000001111111111111111111111
111110000000000000001111111111111111111111111111111111111111110000101011000000000000000000000001111111111100000000000000000000001111111111111111111111
111110000000000000001111111111111111111111111111111111111111111111111110000000000000000000000000111111111111111111110000000000000000000000000000111111
111110000000000000001111111111111111111111111111111111111111111111111110000000000000000000000000111111111111111111110000000000000000000000000000111111
111110000000000000001111111111111111111111111111111111111111111111111110000000000000000000000000001111111111111111110000000000011000000000000000000000
111110000000000000001111111111111111111111111111111111111111111111111110000000000000000000000000001111111111111111110000000000011000000000000000000000
111110000000000000011111111111111111111111111111111111111111111111111110000000000000000000000000000111111111111111110000000000111111111111111000000000
111110000000000000011111111111111111111111111111111111111111111111111110000000000000000000000000000111111111111111110000000000111111111111111000000000
111110000000000000011111111111111111111111111111111111111111111111111100000000000000000000000000000111111111111000000000000011111111111111111111111111
111110000000000000011111111111111111111111111111111111111111111111111100000000000000000000000000000111111111111000000000000011111111111111111111111111
111110000000000000011111111111111111111111111111111111111111111111110000000000000000000000000000000111110000000000000000001111111111111111111111111111
111110000000000000011111111111111111111111111111111111111111111111110000000000000000000000000000000111110000000000000000001111111111111111111111111111
111110000000000000011111111111111111111111111111111111111111111111100000000100000000000000000000000000000000000000000001111111111111111111111111111111
111110000000000000011111111111111111111111111111111111111111111111100000000100000000000000000000000000000000000000000001111111111111111111111111111111
111110000000000000011111111111111111111111111111111111111111111111100000011110000000000000000000000000000000000000011111111111111111111111111111111111
111110000000000000011111111111111111111111111111111111111111111111100000011110000000000000000000000000000000000000011111111111111111111111111111111111
111110000000000000011111111111111111111111111111111111111111111111100000000110000000000000000000000000000000011111111111111111111111111111111111111111
111110000000000000011111111111111111111111111111111111111111111111100000000110000000000000000000000000000000011111111111111111111111111111111111111111
111110000000000000011111111111111111111111111111111111111111111111110000000000000000000000000000100000000111111111111111111111111111111111111111111111
111110000000000000011111111111111111111111111111111111111111111111110000000000000000000000000000100000000111111111111111111111111111111111111111111111
111111000000000000011111111111111111111111111111111111111111111111111100000000000000000000000000111111111111111111111111111111111111111111111111111111
111111000000000000011111111111111111111111111111111111111111111111111100000000000000000000000000111111111111111111111111111111111111111111111111111111
111111000000000000011111111111111111111111111111111111111111111111111111000000000000000000000001111111111111111111111111111111111111111111111111111111
111111000000000000011111111111111111111111111111111111111111111111111111000000000000000000000001111111111111111111111111111111111111111111111111111111
111111000000000000001111111111111111111111111111111111111111111111111111111000000000000000000001111111111111111111111111111111111111111111111111111111
111111000000000000001111111111111111111111111111111111111111111111111111111000000000000000000001111111111111111111111111111111111111111111111111111111
111111100000000000001111111111111111111111111111111111111111111111111111111110000000000000000001111111111111111111111111111111111111111111111111111111
111111100000000000001111111111111111111111111111111111111111111111111111111110000000000000000001111111111111111111111111111111111111111111111111111111
111111100000000000000111111111111111111111111111111111111111111111111111111111000000000000000000001111111111111111111111111111111111111111111111111111
111111100000000000000111111111111111111111111111111111111111111111111111111111000000000000000000001111111111111111111111111111111111111111111111111111
111111110000000000000111111111111111111111111111111111111111111111111111111100000000000000000000001111111111111111111111111111111111111111111111111111
111111110000000000000111111111111111111111111111111111111111111111111111111100000000000000000000001111111111111111111111111111111111111111111111111111
111111110000000000000011111111111111111111111111111111111111111111111111110000000000000000000000001111111111111111111111111111111111111111111111111111
111111110000000000000011111111111111111111111111111111111111111111111111110000000000000000000000001111111111111111111111111111111111111111111111111111
111111111000000000000011111111111111111111111111111111111111111111111111100000000000000000000000000111111111111111111111111111111111111111111111111111
111111111000000000000011111111111111111111111111111111111111111111111111100000000000000000000000000111111111111111111111111111111111111111111111111111
111111111100000000000001111111111111111111111111111111111111111111111110000000000000000000000000000011111111111111111111111111111111111111111111111111
111111111100000000000001111111111111111111111111111111111111111111111110000000000000000000000000000011111111111111111111111111111111111111111111111111
111111111100000000000001111111111111111111111111111111111111111111111000000000000000000000000000000000111111111111111111111111111111111111111111111111
111111111100000000000001111111111111111111111111111111111111111111111000000000000000000000000000000000111111111111111111111111111111111111111111111111
111111111111000000000000011111111111111111111111111111111111111110000000000000000000000000000000000000011111111111111111111111111111111111111111111111
111111111111000000000000011111111111111111111111111111111111111110000000000000000000000000000000000000011111111111111111111111111111111111111111111111
111111111111100000000000011111111111111111111111111111111111110000000000000000000000000000000000000000000111111111111111111111111111111111111111111111
111111111111100000000000011111111111111111111111111111111111110000000000000000000000000000000000000000000111111111111111111111111111111111111111111111
111111111111110000000000001111111111111111111111111111111110000000000000000000000000000000000000000000000011111111111111111111111111111111111111111111
111111111111110000000000001111111111111111111111111111111110000000000000000000000000000000000000000000000011111111111111111111111111111111111111111111
111111111111111000000000000111111111111111111111111111110000000000000000000000000000000000000000000000100001111111111111111111111111111111111111111111
111111111111111000000000000111111111111111111111111111110000000000000000000000000000000000000000000000100001111111111111111111111111111111111111111111
111111111111111100000000000011111111111111111111111110000000000000000000000000000000000000000000000000011111111111111111111111111111111111111111111111
111111111111111100000000000011111111111111111111111110000000000000000000000000000000000000000000000000011111111111111111111111111111111111111111111111
111111111111111110000000000001111111111111111111110000000000000000000000000000000000000000000000000000011111111111111111111111111111111111111111111111
111111111111111110000000000001111111111111111111110000000000000000000000000000000000000000000000000000011111111111111111111111111111111111111111111111
111111111111111110000000000011111111111111111111000000000000000000000000000000000000000000000000000000011111111111111111111111111111111111111111111111
111111111111111110000000000011111111111111111111000000000000000000000000000000000000000000000000000000011111111111111111111111111111111111111111111111
111111111111111111000000000011111111111111111100000000000000000000000000000000000000000000000000000000001111111111111111111111111111111111111111111111
111111111111111111000000000011111111111111111100000000000000000000000000000000000000000000000000000000001111111111111111111111111111111111111111111111
111111111111111111000000000111111111111111110000000000000000000000000000000000000000000000000000000000001111111111111111111111111111111111111111111111
111111111111111111000000000111111111111111110000000000000000000000000000000000000000000000000000000000001111111111111111111111111111111111111111111111
111111111111111111000000001111111111111111000000000000000000000000000000000000000000000000000000000000001111111111111111111111111111111111111111111111
111111111111111111000000001111111111111111000000000000000000000000000000000000000000000000000000000000001111111111111111111111111111111111111111111111
111111111111111111000000001111111111111110000000000000000000000000000000000000000000000000000000000000001111111111111111111111111111111111111111111111
111111111111111111000000001111111111111110000000000000000000000000000000000000000000000000000000000000001111111111111111111111111111111111111111111111
111111111111111111000000011111111111111100000000000000000000000000000000000000000000000000000000000000001111111111111111111111111111111111111111111111
111111111111111111000000011111111111111100000000000000000000000000000000000000000000000000000000000000001111111111111111111111111111111111111111111111
111111111111111111111111111111111111111111111111111111111111111111111111111111111111111111111111111111111111111111111111111111111111111111111111111111
111111111111111111111111111111111111111111111111111111111111111111111111111111111111111111111111111111111111111111111111111111111111111111111111111111
