111111111111111111111111111111111111111111111111111111111111111111111111111111111111111111111111111111111111111111111111111111111111111111111111111111
111111111111111111111111111111111111111111111111111111111111111111111111111111111111111111111111111111111111111111111111111111111111111111111111111111
111111111111111111111111111111111111111111111111111111111111111111111111111111111111111111111111111111111111111111111111111111111111111111111111111111
111111111111111111111111111111111111111111111111111111111111111111111111111111111111111111111111111111111111111111111111111111111111111111111111111111
111111111111111111111111111111111111111111111111111111111111111111111111111111111111111111111111111111111111111111111111111111111111111111111111111111
111111111111111111111111111111111111111111111111111111111111111111111111111111111111111111111111111111111111111111111111111111111111111111111111111111
111111111111111111111111111111111111111111111111111111111111111111111111111111111111111111111111111111111111111111111111111111111111111111111111111111
111111111111111111111111111111111111111111111111111111111111111111111111111111111111111111111111111111111111111111111111111111111111111111111111111111
111111111111111111111111111111111111111111111111111111111111111111111111111111111111111111111111111111111111111111111111111111111111111111111111111111
111111111111111111111111111111111111111111111111111111111111111111111111111111111111111111111111111111111111111111111111111111111111111111111111111111
111111111111111111111111111111111111111111111111111111111111111111111111111111111111111111111111111111111111111111111111111111111111111111111111111111
111111111111111111111111111111111111111111111111111111111111111111111111111111111111111111111111111111111111111111111111111111111111111111111111111111
111111111111111111111111111111111111111111111111111111111111111111111111111111111111111111111111111111111111111111111111111111111111111111111111111111
111111111111111111111111111111111111111111111111111111111111111111111111111111111111111111111111111111111111111111111111111111111111111111111111111111
111111111111111111111111111111111111111111111111111111111111111111111111111110000000111111111111111111111111111111111111111111111111111111111111111111
111111111111111111111111111111111111111111111111111111111111111111111111111110000000111111111111111111111111111111111111111111111111111111111111111111
111111111111111111111111111111111111111111111111111111111111111111111111100000000000000111111111111111111111111111111111111111111111111111111111111111
111111111111111111111111111111111111111111111111111111111111111111111111100000000000000111111111111111111111111111111111111111111111111111111111111111
111111111111111111111111111111111111111111111111111111111111111111000000000000000000000000111111111111111111111111111111111111111111111111111111111111
111111111111111111111111111111111111111111111111111111111111111111000000000000000000000000111111111111111111111111111111111111111111111111111111111111
111111111111111111111111111111111111111111111111111111111111111100000000000000000000000000011111111111111111111111111111111111111111111111111111111111
111111111111111111111111111111111111111111111111111111111111111100000000000000000000000000011111111111111111111111111111111111111111111111111111111111
111111111111111111111111111111111111111111111111111111111111110000000000000000000000000000011111111111111111111111111111111111111111111111111111111111
111111111111111111111111111111111111111111111111111111111111110000000000000000000000000000011111111111111111111111111111111111111111111111111111111111
111111111000000000011111111111111111111111111111111111111111000000000000000000000000000000011111111111111111111111111111111111111111111111111111111111
111111111000000000011111111111111111111111111111111111111111000000000000000000000000000000011111111111111111111111111111111111111111111111111111111111
111111111110000000000000011111111111111111111111111111111100000000000000000000000000000001111111111111111111111111111111111111111111111111111111111111
111111111110000000000000011111111111111111111111111111111100000000000000000000000000000001111111111111111111111111111111111111111111111111111111111111
111111111110000000000000000000111111111111111111111111110000000000000000000000000000000000011111111111111111111111111111111111111111111111111111111111
111111111110000000000000000000111111111111111111111111110000000000000000000000000000000000011111111111111111111111111111111111111111111111111111111111
111111111100000000000000000000000011111111111111111110000000000000000000000000000000000000011111111111111111111111111111111111111111111111111111111111
111111111100000000000000000000000011111111111111111110000000000000000000000000000000000000011111111111111111111111111111111111111111111111111111111111
111111111100000000000000000000000000000000111111111000000000000000000000000000000000000000011111111111111111111111111111111111111111111111111111111111
111111111100000000000000000000000000000000111111111000000000000000000000000000000000000000011111111111111111111111111111111111111111111111111111111111
111111111000000000000000000111111111110000000000111110000000000000000000000000000000000000011111111111111111111111111111111111111111111111111111111111
111111111000000000000000000111111111110000000000111110000000000000000000000000000000000000011111111111111111111111111111111111111111111111111111111111
111111111000000000000000001111111111111111111000000000000000000000000000000000000000000111111111111111111111111111111111111111111111111111111111111111
111111111000000000000000001111111111111111111000000000000000000000000000000000000000000111111111111111111111111111111111111111111111111111111111111111
111111111000000000000000001111111111111111111111111100000000000001000000000000000000000111111111111111111111111111111111111111111111111111111111111111
111111111000000000000000001111111111111111111111111100000000000001000000000000000000000111111111111111111111111111111111111111111111111111111111111111
111111110000000000000000011111111111111111111111111111110110000000000000000000000000000000111111111111111111111111111111111111111111111111111111111111
111111110000000000000000011111111111111111111111111111110110000000000000000000000000000000111111111111111111111111111111111111111111111111111111111111
111111110000000000000000011111111111111111111111111111111111111000000000000000000000000000000001111111111111111111111111111111111111111111111111111111
111111110000000000000000011111111111111111111111111111111111111000000000000000000000000000000001111111111111111111111111111111111111111111111111111111
111111110000000000000000111111111111111111111111111111111111110000000000000000000000000000000000001111111111111111111111111111111111111111111111111111
111111110000000000000000111111111111111111111111111111111111110000000000000000000000000000000000001111111111111111111111111111111111111111111111111111
111111100000000000000001111111111111111111111111111111111111101100000000000000000000000000000000000000111111111111111111111111111111111111111111111111
111111100000000000000001111111111111111111111111111111111111101100000000000000000000000000000000000000111111111111111111111111111111111111111111111111
111111100000000000000001111111111111111111111111111111111111010000000000010000000000000000000000000000000000000000011111110000111111111111111111111111
111111100000000000000001111111111111111111111111111111111111010000000000010000000000000000000000000000000000000000011111110000111111111111111111111111
111111100000000000000011111111111111111111111111111111111111111100000000111000000000000000000000001111111000000000000000000000000000111111111111111111
111111100000000000000011111111111111111111111111111111111111111100000000111000000000000000000000001111111000000000000000000000000000111111111111111111
111111000000000000000011111111111111111111111111111111111111111111111111110000000000000000000000000011111111111111111000000000000000000000000111111111
111111000000000000000011111111111111111111111111111111111111111111111111110000000000000000000000000011111111111111111000000000000000000000000111111111
111111000000000000000011111111111111111111111111111111111111111111111111100000000000000000000000000011111111111111111111000000000000000000000000000000
111111000000000000000011111111111111111111111111111111111111111111111111100000000000000000000000000011111111111111111111000000000000000000000000000000
111111000000000000000011111111111111111111111111111111111111111111111111110000000000000000000000000000111111111111111111000000000011111111110000000000
111111000000000000000011111111111111111111111111111111111111111111111111110000000000000000000000000000111111111111111111000000000011111111110000000000
111111000000000000000011111111111111111111111111111111111111111111111111100000000000000000000000000000011111111111111100000000000111111111111111111111
111111000000000000000011111111111111111111111111111111111111111111111111100000000000000000000000000000011111111111111100000000000111111111111111111111
111111000000000000000011111111111111111111111111111111111111111111111110000000000000000000000000000000011111111000000000000000001111111111111111111111
111111000000000000000011111111111111111111111111111111111111111111111110000000000000000000000000000000011111111000000000000000001111111111111111111111
111111100000000000000111111111111111111111111111111111111111111111111100000000100000000000000000000000010000000000000000000001111111111111111111111111
111111100000000000000111111111111111111111111111111111111111111111111100000000100000000000000000000000010000000000000000000001111111111111111111111111
111111100000000000000111111111111111111111111111111111111111111111111000000001100000000000000000000000000000000000000000011111111111111111111111111111
111111100000000000000111111111111111111111111111111111111111111111111000000001100000000000000000000000000000000000000000011111111111111111111111111111
111111100000000000000111111111111111111111111111111111111111111111111000000001110000000000000000000000000000000000001111111111111111111111111111111111
111111100000000000000111111111111111111111111111111111111111111111111000000001110000000000000000000000000000000000001111111111111111111111111111111111
111111100000000000000111111111111111111111111111111111111111111111111100000000000000000000000000000000000000000011111111111111111111111111111111111111
111111100000000000000111111111111111111111111111111111111111111111111100000000000000000000000000000000000000000011111111111111111111111111111111111111
111111110000000000000011111111111111111111111111111111111111111111111111000000000000000000000000000011100111111111111111111111111111111111111111111111
111111110000000000000011111111111111111111111111111111111111111111111111000000000000000000000000000011100111111111111111111111111111111111111111111111
111111110000000000000011111111111111111111111111111111111111111111111111110000000000000000000000000111111111111111111111111111111111111111111111111111
111111110000000000000011111111111111111111111111111111111111111111111111110000000000000000000000000111111111111111111111111111111111111111111111111111
111111110000000000000011111111111111111111111111111111111111111111111111111110000000000000000000000111111111111111111111111111111111111111111111111111
111111110000000000000011111111111111111111111111111111111111111111111111111110000000000000000000000111111111111111111111111111111111111111111111111111
111111110000000000000011111111111111111111111111111111111111111111111111111111100000000000000000000111111111111111111111111111111111111111111111111111
111111110000000000000011111111111111111111111111111111111111111111111111111111100000000000000000000111111111111111111111111111111111111111111111111111
111111111000000000000011111111111111111111111111111111111111111111111111111111111000000000000000000011111111111111111111111111111111111111111111111111
111111111000000000000011111111111111111111111111111111111111111111111111111111111000000000000000000011111111111111111111111111111111111111111111111111
111111111000000000000001111111111111111111111111111111111111111111111111111111100000000000000000000000111111111111111111111111111111111111111111111111
111111111000000000000001111111111111111111111111111111111111111111111111111111100000000000000000000000111111111111111111111111111111111111111111111111
111111111100000000000001111111111111111111111111111111111111111111111111111111000000000000000000000001111111111111111111111111111111111111111111111111
111111111100000000000001111111111111111111111111111111111111111111111111111111000000000000000000000001111111111111111111111111111111111111111111111111
111111111100000000000000111111111111111111111111111111111111111111111111111100000000000000000000000000111111111111111111111111111111111111111111111111
111111111100000000000000111111111111111111111111111111111111111111111111111100000000000000000000000000111111111111111111111111111111111111111111111111
111111111110000000000000011111111111111111111111111111111111111111111111110000000000000000000000000000011111111111111111111111111111111111111111111111
111111111110000000000000011111111111111111111111111111111111111111111111110000000000000000000000000000011111111111111111111111111111111111111111111111
111111111111000000000000011111111111111111111111111111111111111111111110000000000000000000000000000000001111111111111111111111111111111111111111111111
111111111111000000000000011111111111111111111111111111111111111111111110000000000000000000000000000000001111111111111111111111111111111111111111111111
111111111111100000000000001111111111111111111111111111111111111111000000000000000000000000000000000000000011111111111111111111111111111111111111111111
111111111111100000000000001111111111111111111111111111111111111111000000000000000000000000000000000000000011111111111111111111111111111111111111111111
111111111111110000000000000111111111111111111111111111111111110000000000000000000000000000000000000000000001111111111111111111111111111111111111111111
111111111111110000000000000111111111111111111111111111111111110000000000000000000000000000000000000000000001111111111111111111111111111111111111111111
111111111111111000000000000011111111111111111111111111111000000000000000000000000000000000000000000000000000011111111111111111111111111111111111111111
111111111111111000000000000011111111111111111111111111111000000000000000000000000000000000000000000000000000011111111111111111111111111111111111111111
111111111111111100000000000001111111111111111111111110000000000000000000000000000000000000000000000000000000001111111111111111111111111111111111111111
111111111111111100000000000001111111111111111111111110000000000000000000000000000000000000000000000000000000001111111111111111111111111111111111111111
111111111111111110000000000000111111111111111111110000000000000000000000000000000000000000000000000000000011100111111111111111111111111111111111111111
111111111111111110000000000000111111111111111111110000000000000000000000000000000000000000000000000000000011100111111111111111111111111111111111111111
111111111111111111000000000000111111111111111110000000000000000000000000000000000000000000000000000000000001111111111111111111111111111111111111111111
111111111111111111000000000000111111111111111110000000000000000000000000000000000000000000000000000000000001111111111111111111111111111111111111111111
111111111111111111100000000000011111111111110000000000000000000000000000000000000000000000000000000000000001111111111111111111111111111111111111111111
111111111111111111100000000000011111111111110000000000000000000000000000000000000000000000000000000000000001111111111111111111111111111111111111111111
111111111111111111100000000000111111111111000000000000000000000000000000000000000000000000000000000000000001111111111111111111111111111111111111111111
111111111111111111100000000000111111111111000000000000000000000000000000000000000000000000000000000000000001111111111111111111111111111111111111111111
111111111111111111110000000000111111111100000000000000000000000000000000000000000000000000000000000000000001111111111111111111111111111111111111111111
111111111111111111110000000000111111111100000000000000000000000000000000000000000000000000000000000000000001111111111111111111111111111111111111111111
111111111111111111110000000001111111111000000000000000000000000000000000000000000000000000000000000000000000111111111111111111111111111111111111111111
111111111111111111110000000001111111111000000000000000000000000000000000000000000000000000000000000000000000111111111111111111111111111111111111111111
111111111111111111110000000001111111110000000000000000000000000000000000000000000000000000000000000000000000111111111111111111111111111111111111111111
111111111111111111110000000001111111110000000000000000000000000000000000000000000000000000000000000000000000111111111111111111111111111111111111111111
111111111111111111110000000011111111100000000000000000000000000000000000000000000000000000000000000000000000111111111111111111111111111111111111111111
111111111111111111110000000011111111100000000000000000000000000000000000000000000000000000000000000000000000111111111111111111111111111111111111111111
111111111111111111111111111111111111111111111111111111111111111111111111111111111111111111111111111111111111111111111111111111111111111111111111111111
111111111111111111111111111111111111111111111111111111111111111111111111111111111111111111111111111111111111111111111111111111111111111111111111111111
