111111111111111111111111111111111111111111111111111111111111111111111111111111111111111111111111111111111111111111111111111111111111111111111111111111
111111111111111111111111111111111111111111111111111111111111111111111111111111111111111111111111111111111111111111111111111111111111111111111111111111
111111111111111111111111111111111111111111111111111111111111111111111111111111111111111111111111111111111111111111111111111111111111111111111111111111
111111111111111111111111111111111111111111111111111111111111111111111111111111111111111111111111111111111111111111111111111111111111111111111111111111
111111111111111111111111111111111111111111111111111111111111111111111111111111111111111111111111111111111111111111111111111111111111111111111111111111
111111111111111111111111111111111111111111111111111111111111111111111111111111111111111111111111111111111111111111111111111111111111111111111111111111
111111111111111111111111111111111111111111111111111111111111111111111111111111111111111111111111111111111111111111111111111111111111111111111111111111
111111111111111111111111111111111111111111111111111111111111111111111111111111111111111111111111111111111111111111111111111111111111111111111111111111
111111111111111111111111111111111111111111111111111111111111111111111111111111111111111111111111111111111111111111111111111111111111111111111111111111
111111111111111111111111111111111111111111111111111111111111111111111111111111111111111111111111111111111111111111111111111111111111111111111111111111
111111111111111111111111111111111111111111111111111111111111111111111111111111111111111111111111111111111111111111111111111111111111111111111111111111
111111111111111111111111111111111111111111111111111111111111111111111111111111111111111111111111111111111111111111111111111111111111111111111111111111
111111111111111111111111111111111111111111111111111111111111111111111111111111111111111111111111111111111111111111111111111111111111111111111111111111
111111111111111111111111111111111111111111111111111111111111111111111111111111111111111111111111111111111111111111111111111111111111111111111111111111
111111111111111111111111111111111111111111111111111111111111111111111111111111111100000000000111111111111111111111111111111111111111111111111111111111
111111111111111111111111111111111111111111111111111111111111111111111111111111111100000000000111111111111111111111111111111111111111111111111111111111
111111111111111111111111111111111111111111111111111111111111111111111111111111100000000000000000111111111111111111111111111111111111111111111111111111
111111111111111111111111111111111111111111111111111111111111111111111111111111100000000000000000111111111111111111111111111111111111111111111111111111
111111111111111111111111111111111111111111111111111111111111111111111111100000000000000000000000000111111111111111111111111111111111111111111111111111
111111111111111111111111111111111111111111111111111111111111111111111111100000000000000000000000000111111111111111111111111111111111111111111111111111
111111111111111111111111111111111111111111111111111111111111111111111111000000000000000000000000000111111111111111111111111111111111111111111111111111
111111111111111111111111111111111111111111111111111111111111111111111111000000000000000000000000000111111111111111111111111111111111111111111111111111
111111111111111000111111111111111111111111111111111111111111111111111000000000000000000000000000000111111111111111111111111111111111111111111111111111
111111111111111000111111111111111111111111111111111111111111111111111000000000000000000000000000000111111111111111111111111111111111111111111111111111
111111111111100000000000111111111111111111111111111111111111111111110000000000000000000000000000000111111111111111111111111111111111111111111111111111
111111111111100000000000111111111111111111111111111111111111111111110000000000000000000000000000000111111111111111111111111111111111111111111111111111
111111111111111000000000000000011111111111111111111111111111111110000000000000000000000000000000011111111111111111111111111111111111111111111111111111
111111111111111000000000000000011111111111111111111111111111111110000000000000000000000000000000011111111111111111111111111111111111111111111111111111
111111111111111000000000000000000001111111111111111111111111111100000000000000000000000000000000000011111111111111111111111111111111111111111111111111
111111111111111000000000000000000001111111111111111111111111111100000000000000000000000000000000000011111111111111111111111111111111111111111111111111
111111111111111000000000000000000000000011111111111111111111100000000000000000000000000000000000000111111111111111111111111111111111111111111111111111
111111111111111000000000000000000000000011111111111111111111100000000000000000000000000000000000000111111111111111111111111111111111111111111111111111
111111111111110000000000000000000000000000000001111111111000000000000000000000000000000000000000000111111111111111111111111111111111111111111111111111
111111111111110000000000000000000000000000000001111111111000000000000000000000000000000000000000000111111111111111111111111111111111111111111111111111
111111111111110000000000000000001111111111000000000000110000000000000000000000000000000000000000000111111111111111111111111111111111111111111111111111
111111111111110000000000000000001111111111000000000000110000000000000000000000000000000000000000000111111111111111111111111111111111111111111111111111
111111111111100000000000000000011111111111111111110000000000001110000000000000000000000000000000001111111111111111111111111111111111111111111111111111
111111111111100000000000000000011111111111111111110000000000001110000000000000000000000000000000001111111111111111111111111111111111111111111111111111
111111111111100000000000000000011111111111111111111111111000000000000000000000000000000000000001111111111111111111111111111111111111111111111111111111
111111111111100000000000000000011111111111111111111111111000000000000000000000000000000000000001111111111111111111111111111111111111111111111111111111
111111111111000000000000000000111111111111111111111111111111111100000000000000000000000000000000001111111111111111111111111111111111111111111111111111
111111111111000000000000000000111111111111111111111111111111111100000000000000000000000000000000001111111111111111111111111111111111111111111111111111
111111111111000000000000000000111111111111111111111111111111111111111110000000000000000000000000000000001111111111111111111111111111111111111111111111
111111111111000000000000000000111111111111111111111111111111111111111110000000000000000000000000000000001111111111111111111111111111111111111111111111
111111111111000000000000000001111111111111111111111111111111111111111100000000000000000000000000000000000011111111111111111111111111111111111111111111
111111111111000000000000000001111111111111111111111111111111111111111100000000000000000000000000000000000011111111111111111111111111111111111111111111
111111111110000000000000000001111111111111111111111111111111111111111100000000000000000000000000000000000001111111111111111111111111111111111111111111
111111111110000000000000000001111111111111111111111111111111111111111100000000000000000000000000000000000001111111111111111111111111111111111111111111
111111111110000000000000000011111111111111111111111111111111111111111100000000000000000000000000000000000000000000000001111111111111111111111111111111
111111111110000000000000000011111111111111111111111111111111111111111100000000000000000000000000000000000000000000000001111111111111111111111111111111
111111111110000000000000000111111111111111111111111111111111111111111111000000000100000000000000000000000001100000000000000000000000000000011111111111
111111111110000000000000000111111111111111111111111111111111111111111111000000000100000000000000000000000001100000000000000000000000000000011111111111
111111111110000000000000000111111111111111111111111111111111111111111111110101111000000000000000000000000000111111111111100000000000000000000000111111
111111111110000000000000000111111111111111111111111111111111111111111111110101111000000000000000000000000000111111111111100000000000000000000000111111
111111111110000000000000000111111111111111111111111111111111111111111111111111111000000000000000000000000000011111111111111111111100000000000000000000
111111111110000000000000000111111111111111111111111111111111111111111111111111111000000000000000000000000000011111111111111111111100000000000000000000
111111111100000000000000000111111111111111111111111111111111111111111111111111111000000000000000000000000000001111111111111111111100000000000011000000
111111111100000000000000000111111111111111111111111111111111111111111111111111111000000000000000000000000000001111111111111111111100000000000011000000
111111111100000000000000001111111111111111111111111111111111111111111111111111110000000000000000000000000000000111111111111111111100000000000111111111
111111111100000000000000001111111111111111111111111111111111111111111111111111110000000000000000000000000000000111111111111111111100000000000111111111
111111111100000000000000001111111111111111111111111111111111111111111111111111000000000000000000000000000000000011111111111110000000000000001111111111
111111111100000000000000001111111111111111111111111111111111111111111111111111000000000000000000000000000000000011111111111110000000000000001111111111
111111111110000000000000001111111111111111111111111111111111111111111111111110000000000000000000000000000000000011111110000000000000000000111111111111
111111111110000000000000001111111111111111111111111111111111111111111111111110000000000000000000000000000000000011111110000000000000000000111111111111
111111111110000000000000001111111111111111111111111111111111111111111111111100000000010000000000000000000000000000000000000000000000000111111111111111
111111111110000000000000001111111111111111111111111111111111111111111111111100000000010000000000000000000000000000000000000000000000000111111111111111
111111111110000000000000001111111111111111111111111111111111111111111111111000000011110000000000000000000000000000000000000000000001111111111111111111
111111111110000000000000001111111111111111111111111111111111111111111111111000000011110000000000000000000000000000000000000000000001111111111111111111
111111111110000000000000001111111111111111111111111111111111111111111111111000000000111000000000000000000000000000000000000000011111111111111111111111
111111111110000000000000001111111111111111111111111111111111111111111111111000000000111000000000000000000000000000000000000000011111111111111111111111
111111111110000000000000001111111111111111111111111111111111111111111111111110000000000000000000000000000000000000000000011111111111111111111111111111
111111111110000000000000001111111111111111111111111111111111111111111111111110000000000000000000000000000000000000000000011111111111111111111111111111
111111111111000000000000001111111111111111111111111111111111111111111111111111100000000000000000000000000000111100001111111111111111111111111111111111
111111111111000000000000001111111111111111111111111111111111111111111111111111100000000000000000000000000000111100001111111111111111111111111111111111
111111111111000000000000001111111111111111111111111111111111111111111111111111111000000000000000000000000001111111111111111111111111111111111111111111
111111111111000000000000001111111111111111111111111111111111111111111111111111111000000000000000000000000001111111111111111111111111111111111111111111
111111111111000000000000000111111111111111111111111111111111111111111111111111111110000000000000000000000001111111111111111111111111111111111111111111
111111111111000000000000000111111111111111111111111111111111111111111111111111111110000000000000000000000001111111111111111111111111111111111111111111
111111111111100000000000000111111111111111111111111111111111111111111111111111111111110000000000000000000001111111111111111111111111111111111111111111
111111111111100000000000000111111111111111111111111111111111111111111111111111111111110000000000000000000001111111111111111111111111111111111111111111
111111111111100000000000000111111111111111111111111111111111111111111111111111111111111100000000000000000000111111111111111111111111111111111111111111
111111111111100000000000000111111111111111111111111111111111111111111111111111111111111100000000000000000000111111111111111111111111111111111111111111
111111111111110000000000000011111111111111111111111111111111111111111111111111111111111000000000000000000000001111111111111111111111111111111111111111
111111111111110000000000000011111111111111111111111111111111111111111111111111111111111000000000000000000000001111111111111111111111111111111111111111
111111111111110000000000000011111111111111111111111111111111111111111111111111111111100000000000000000000000001111111111111111111111111111111111111111
111111111111110000000000000011111111111111111111111111111111111111111111111111111111100000000000000000000000001111111111111111111111111111111111111111
111111111111111000000000000001111111111111111111111111111111111111111111111111111110000000000000000000000000000111111111111111111111111111111111111111
111111111111111000000000000001111111111111111111111111111111111111111111111111111110000000000000000000000000000111111111111111111111111111111111111111
111111111111111000000000000000111111111111111111111111111111111111111111111111111000000000000000000000000000000111111111111111111111111111111111111111
111111111111111000000000000000111111111111111111111111111111111111111111111111111000000000000000000000000000000111111111111111111111111111111111111111
111111111111111110000000000000111111111111111111111111111111111111111111111111000000000000000000000000000000000001111111111111111111111111111111111111
111111111111111110000000000000111111111111111111111111111111111111111111111111000000000000000000000000000000000001111111111111111111111111111111111111
111111111111111110000000000000011111111111111111111111111111111111111111110000000000000000000000000000000000000000111111111111111111111111111111111111
111111111111111110000000000000011111111111111111111111111111111111111111110000000000000000000000000000000000000000111111111111111111111111111111111111
111111111111111111000000000000001111111111111111111111111111111111111100000000000000000000000000000000000000000000001111111111111111111111111111111111
111111111111111111000000000000001111111111111111111111111111111111111100000000000000000000000000000000000000000000001111111111111111111111111111111111
111111111111111111100000000000000111111111111111111111111111111110000000000000000000000000000000000000000000000000000111111111111111111111111111111111
111111111111111111100000000000000111111111111111111111111111111110000000000000000000000000000000000000000000000000000111111111111111111111111111111111
111111111111111111111000000000000011111111111111111111111111100000000000000000000000000000000000000000000000000000000011111111111111111111111111111111
111111111111111111111000000000000011111111111111111111111111100000000000000000000000000000000000000000000000000000000011111111111111111111111111111111
111111111111111111111100000000000001111111111111111111111000000000000000000000000000000000000000000000000000000000000001111111111111111111111111111111
111111111111111111111100000000000001111111111111111111111000000000000000000000000000000000000000000000000000000000000001111111111111111111111111111111
111111111111111111111100000000000001111111111111111111000000000000000000000000000000000000000000000000000000000000000111111111111111111111111111111111
111111111111111111111100000000000001111111111111111111000000000000000000000000000000000000000000000000000000000000000111111111111111111111111111111111
111111111111111111111110000000000000111111111111110000000000000000000000000000000000000000000000000000000000000000000111111111111111111111111111111111
111111111111111111111110000000000000111111111111110000000000000000000000000000000000000000000000000000000000000000000111111111111111111111111111111111
111111111111111111111111000000000000111111111110000000000000000000000000000000000000000000000000000000000000000000000011111111111111111111111111111111
111111111111111111111111000000000000111111111110000000000000000000000000000000000000000000000000000000000000000000000011111111111111111111111111111111
111111111111111111111111100000000001111111110000000000000000000000000000000000000000000000000000000000000000000000000001111111111111111111111111111111
111111111111111111111111100000000001111111110000000000000000000000000000000000000000000000000000000000000000000000000001111111111111111111111111111111
111111111111111111111111100000000001111111100000000000000000000000000000000000000000000000000000000000000000000000000001111111111111111111111111111111
111111111111111111111111100000000001111111100000000000000000000000000000000000000000000000000000000000000000000000000001111111111111111111111111111111
111111111111111111111111100000000011111110000000000000000000000000000000000000000000000000000000000000000000000000000001111111111111111111111111111111
111111111111111111111111100000000011111110000000000000000000000000000000000000000000000000000000000000000000000000000001111111111111111111111111111111
111111111111111111111111111111111111111111111111111111111111111111111111111111111111111111111111111111111111111111111111111111111111111111111111111111
111111111111111111111111111111111111111111111111111111111111111111111111111111111111111111111111111111111111111111111111111111111111111111111111111111
