111111111111111111111111111111111111111111111111111111111111111111111111111100000000000000000000000000000000000000000000000000000000000000000000000000
111111111111111111111111111111111111111111111111111111111111111111111111111100000000000000000000000000000000000000000000000000000000000000000000000000
111111111111111111111111111111111111111111111111111111111111111111111111111100000000000000000000000000000000000000000000000000000000000000000000000000
111111111111111111111111111111111111111111111111111111111111111111111111111100000000000000000000000000000000000000000000000000000000000000000000000000
111111111111111111111111111111111111111111111111111111111111111111111111111100000000000000000000000000000000000000000000000000000000000000000000000000
111111111111111111111111111111111111111111111111111111111111111111111111111100000000000000000000000000000000000000000000000000000000000000000000000000
111111111111111111111111111111111111111111111111111111111111111111111111111100000000000000000000000000000000000000000000000000000000000000000000000000
111111111111111111111111111111111111111111111111111111111111111111111111111100000000000000000000000000000000000000000000000000000000000000000000000000
111111111111111111111111111111111111111111111111111111111111111111111111111100000000000000000000000000000000000000000000000000000000000000000000000000
111111111111111111111111111111111111111111111111111111111111111111111111111100000000000000000000000000000000000000000000000000000000000000000000000000
111111111111111111111111111111111111111111111111111111111111111111111111111100000000000000000000000000000000000000000000000000000000000000000000000000
111111111111111111111111111111111111111111111111111111111111111111111111111100000000000000000000000000000000000000000000000000000000000000000000000000
111111111111111111111111111111111111111111111111111111111111111111111111111100000000000000000000000000000000000000000000000000000000000000000000000000
111111111111111111111111111111111111111111111111111111111111111111111111111100000000000000000000000000000000000000000000000000000000000000000000000000
111111111111111111111111111111111111111111111111111111111111111111111111111100000000000000000000000000000000000000000000000000000000000000000000000000
111111111111111111111111111111111111111111111111111111111111111111111111111100000000000000000000000000000000000000000000000000000000000000000000000000
111111111111111111111111111111111111111111111111111111111111111111111111111100000000000000000000000000000000000000000000000000000000000000000000000000
111111111111111111111111111111111111111111111111111111111111111111111111111100000000000000000000000000000000000000000000000000000000000000000000000000
111111111111111111111111111111111111111111111111111111111111111111111111111100000000000000000000000000000000000000000000000000000000000000000000000000
111111111111111111111111111111111111111111111111111111111111111111111111111100000000000000000000000000000000000000000000000000000000000000000000000000
111111111111111111111111111111111111111111111111111111111111111111111111111100000000000000000000000000000000000000000000000000000000000000000000000000
111111111111111111111111111111111111111111111111111111111111111111111111111100000000000000000000000000000000000000000000000000000000000000000000000000
111111111111111111111111111111111111111111111111111111111111111111111111111100000000000000000000000000000000000000000000000000000000000000000000000000
111111111111111111111111111111111111111111111111111111111111111111111111111100000000000000000000000000000000000000000000000000000000000000000000000000
111111111111111111111111111111111111111111111111111111111111111111111111111100000000000000000000000000000000000000000000000000000000000000000000000000
111111111111111111111111111111111111111111111111111111111111111111111111111100000000000000000000000000000000000000000000000000000000000000000000000000
111111111111111111111111111111111111111111111111111111111111111111111111111100000000000000000000000000000000000000000000000000000000000000000000000000
111111111111111111111111111111111111111111111111111111111111111111111111111100000000000000000000000000000000000000000000000000000000000000000000000000
111111111111111111111111111111111111111111111111111111111111111111111111111100000000000000000000000000000000000000000000000000000000000000000000000000
111111111111111111111111111111111111111111111111111111111111111111111111111100000000000000000000000000000000000000000000000000000000000000000000000000
111111111111111111111111111111111111111111111111111111111111111111111111111111000000000000000000000000000000000000000000000000000000000000000000000000
111111111111111111111111111111111111111111111111111111111111111111111111111111000000000000000000000000000000000000000000000000000000000000000000000000
111111111111111111111111111111111111111111111111111111111111111111111111100111100000000000000000000000000000000000000000000000000000000000000000000000
111111111111111111111111111111111111111111111111111111111111111111111111100111100000000000000000000000000000000000000000000000000000000000000000000000
111111111111111111111111111111111111111111111111111111111111110001110000000111111111100011100000000000000000000000000000000000000000000000000000000000
111111111111111111111111111111111111111111111111111111111111110001110000000111111111100011100000000000000000000000000000000000000000000000000000000000
111111111111111111111111111111111111111111111111111111111111110000000000000111111111111111100000000000000000000000000000000000000000000000000000000000
111111111111111111111111111111111111111111111111111111111111110000000000000111111111111111100000000000000000000000000000000000000000000000000000000000
111111111111111111111111111111111111111111111111111111111111110000000000000111111111111111100000000000000000000000000000000000000000000000000000000000
111111111111111111111111111111111111111111111111111111111111110000000000000111111111111111100000000000000000000000000000000000000000000000000000000000
111111111111111111111111111111111111111111111111111111111111110000000000000111111111111111100000000000000000000000000000000000000000000000000000000000
111111111111111111111111111111111111111111111111111111111111110000000000000111111111111111100000000000000000000000000000000000000000000000000000000000
111111111111111111111111111111111111111111111111111111111111111000000000000111111111111111000000000000000000000000000000000000000000000000000000000000
111111111111111111111111111111111111111111111111111111111111111000000000000111111111111111000000000000000000000000000000000000000000000000000000000000
111111111111111111111111111111111111111111111111111111111110000000000000000111111111111111011000000000000000000000000000000000000000000000000000000000
111111111111111111111111111111111111111111111111111111111110000000000000000111111111111111011000000000000000000000000000000000000000000000000000000000
111111111111111111111111111111111111111111111111111111111111100000000000000111111111111111111000000000000000000000000000000000000000000000000000000000
111111111111111111111111111111111111111111111111111111111111100000000000000111111111111111111000000000000000000000000000000000000000000000000000000000
111111111111111111111111111111111111111111111111111111111111000000000000000111111111111111100000000000000000000000000000000000000000000000000000000000
111111111111111111111111111111111111111111111111111111111111000000000000000111111111111111100000000000000000000000000000000000000000000000000000000000
111111111111111111111111111111111111111111111111111111111111000000000000000111111111111111111100000000000000000000000000000000000000000000000000000000
111111111111111111111111111111111111111111111111111111111111000000000000000111111111111111111100000000000000000000000000000000000000000000000000000000
111111111111111111111111111111111111111111111111111111111111001100000000000111111111111111000110000000000000000000000000000000000000000000000000000000
111111111111111111111111111111111111111111111111111111111111001100000000000111111111111111000110000000000000000000000000000000000000000000000000000000
111111111111111111111111111111111111111111111111111111111111011100000000000111111111111111100010000000000000000000000000000000000000000000000000000000
111111111111111111111111111111111111111111111111111111111111011100000000000111111111111111100010000000000000000000000000000000000000000000000000000000
111111111111111111111111111111111111111111111111111111111111101101000000000111111111111010001100000000000000000000000000000000000000000000000000000000
111111111111111111111111111111111111111111111111111111111111101101000000000111111111111010001100000000000000000000000000000000000000000000000000000000
111111111111111111111111111111111111111111111111111111111111110011100000000111111111111000011000000000000000000000000000000000000000000000000000000000
111111111111111111111111111111111111111111111111111111111111110011100000000111111111111000011000000000000000000000000000000000000000000000000000000000
111111111111111111111111111111111111111111111111111111111111111100111001000111111101110011100000000000000000000000000000000000000000000000000000000000
111111111111111111111111111111111111111111111111111111111111111100111001000111111101110011100000000000000000000000000000000000000000000000000000000000
111111111111111111111111111111111111111111111111111111111111111111000011100111111000111100000000000000000000000000000000000000000000000000000000000000
111111111111111111111111111111111111111111111111111111111111111111000011100111111000111100000000000000000000000000000000000000000000000000000000000000
111111111111111111111111111111111111111111111111111111111111111100000000000111111111111110000000000000000000000000000000000000000000000000000000000000
111111111111111111111111111111111111111111111111111111111111111100000000000111111111111110000000000000000000000000000000000000000000000000000000000000
111111111111111111111111111111111111111111111111111111111111111110000000000111111111111110000000000000000000000000000000000000000000000000000000000000
111111111111111111111111111111111111111111111111111111111111111110000000000111111111111110000000000000000000000000000000000000000000000000000000000000
111111111111111111111111111111111111111111111111111111111111111100000000000111111111111111000000000000000000000000000000000000000000000000000000000000
111111111111111111111111111111111111111111111111111111111111111100000000000111111111111111000000000000000000000000000000000000000000000000000000000000
111111111111111111111111111111111111111111111111111111111111110000000000000111111111111111100000000000000000000000000000000000000000000000000000000000
111111111111111111111111111111111111111111111111111111111111110000000000000111111111111111100000000000000000000000000000000000000000000000000000000000
111111111111111111111111111111111111111111111111111111111111110000000000000111111111111111100000000000000000000000000000000000000000000000000000000000
111111111111111111111111111111111111111111111111111111111111110000000000000111111111111111100000000000000000000000000000000000000000000000000000000000
111111111111111111111111111111111111111111111111111111111111000000000000000111111111111111110000000000000000000000000000000000000000000000000000000000
111111111111111111111111111111111111111111111111111111111111000000000000000111111111111111110000000000000000000000000000000000000000000000000000000000
111111111111111111111111111111111111111111111111111111111111000000000000000111111111111111111000000000000000000000000000000000000000000000000000000000
111111111111111111111111111111111111111111111111111111111111000000000000000111111111111111111000000000000000000000000000000000000000000000000000000000
111111111111111111111111111111111111111111111111111111111110000000000000000111111111111111111100000000000000000000000000000000000000000000000000000000
111111111111111111111111111111111111111111111111111111111110000000000000000111111111111111111100000000000000000000000000000000000000000000000000000000
111111111111111111111111111111111111111111111111111111111110000000000000000111111111111111111100000000000000000000000000000000000000000000000000000000
111111111111111111111111111111111111111111111111111111111110000000000000000111111111111111111100000000000000000000000000000000000000000000000000000000
111111111111111111111111111111111111111111111111111111111100100000000000000111111111111111111110000000000000000000000000000000000000000000000000000000
111111111111111111111111111111111111111111111111111111111100100000000000000111111111111111111110000000000000000000000000000000000000000000000000000000
111111111111111111111111111111111111111111111111111111111101000000000000000111111111111111110100000000000000000000000000000000000000000000000000000000
111111111111111111111111111111111111111111111111111111111101000000000000000111111111111111110100000000000000000000000000000000000000000000000000000000
111111111111111111111111111111111111111111111111111111111111100000000000000111111111111111110000000000000000000000000000000000000000000000000000000000
111111111111111111111111111111111111111111111111111111111111100000000000000111111111111111110000000000000000000000000000000000000000000000000000000000
111111111111111111111111111111111111111111111111111111111111000000000000000111111111111111110000000000000000000000000000000000000000000000000000000000
111111111111111111111111111111111111111111111111111111111111000000000000000111111111111111110000000000000000000000000000000000000000000000000000000000
111111111111111111111111111111111111111111111111111111111111000000000000000111111111111111100000000000000000000000000000000000000000000000000000000000
111111111111111111111111111111111111111111111111111111111111000000000000000111111111111111100000000000000000000000000000000000000000000000000000000000
111111111111111111111111111111111111111111111111111111111111000000000000000111111111111111100000000000000000000000000000000000000000000000000000000000
111111111111111111111111111111111111111111111111111111111111000000000000000111111111111111100000000000000000000000000000000000000000000000000000000000
111111111111111111111111111111111111111111111111111111111111000000000000000111111111111111100000000000000000000000000000000000000000000000000000000000
111111111111111111111111111111111111111111111111111111111111000000000000000111111111111111100000000000000000000000000000000000000000000000000000000000
111111111111111111111111111111111111111111111111111111111111100000000000000111111111111111100000000000000000000000000000000000000000000000000000000000
111111111111111111111111111111111111111111111111111111111111100000000000000111111111111111100000000000000000000000000000000000000000000000000000000000
111111111111111111111111111111111111111111111111111111111111100000000000000111111111111110100000000000000000000000000000000000000000000000000000000000
111111111111111111111111111111111111111111111111111111111111100000000000000111111111111110100000000000000000000000000000000000000000000000000000000000
111111111111111111111111111111111111111111111111111111111111100000000000000111111111111111100000000000000000000000000000000000000000000000000000000000
111111111111111111111111111111111111111111111111111111111111100000000000000111111111111111100000000000000000000000000000000000000000000000000000000000
111111111111111111111111111111111111111111111111111111111111100000000000000111111111111111100000000000000000000000000000000000000000000000000000000000
111111111111111111111111111111111111111111111111111111111111100000000000000111111111111111100000000000000000000000000000000000000000000000000000000000
111111111111111111111111111111111111111111111111111111111111100000000000000111111111111111110000000000000000000000000000000000000000000000000000000000
111111111111111111111111111111111111111111111111111111111111100000000000000111111111111111110000000000000000000000000000000000000000000000000000000000
111111111111111111111111111111111111111111111111111111111111000000000000000111111111111111110000000000000000000000000000000000000000000000000000000000
111111111111111111111111111111111111111111111111111111111111000000000000000111111111111111110000000000000000000000000000000000000000000000000000000000
111111111111111111111111111111111111111111111111111111111111000000000000000111111111111111111000000000000000000000000000000000000000000000000000000000
111111111111111111111111111111111111111111111111111111111111000000000000000111111111111111111000000000000000000000000000000000000000000000000000000000
111111111111111111111111111111111111111111111111111111111110000000000000000111111111111111111100000000000000000000000000000000000000000000000000000000
111111111111111111111111111111111111111111111111111111111110000000000000000111111111111111111100000000000000000000000000000000000000000000000000000000
111111111111111111111111111111111111111111111111111111111110000000000000000111111111111111111100000000000000000000000000000000000000000000000000000000
111111111111111111111111111111111111111111111111111111111110000000000000000111111111111111111100000000000000000000000000000000000000000000000000000000
111111111111111111111111111111111111111111111111111111111111111111111111111111111111111111111111111111111111111111111111111111111111111111111111111111
111111111111111111111111111111111111111111111111111111111111111111111111111111111111111111111111111111111111111111111111111111111111111111111111111111
