111111111111111111111111111111111111111111111111111111111111111111111111111100000000000000000000000000000000000000000000000000000000000000000000000000
111111111111111111111111111111111111111111111111111111111111111111111111111100000000000000000000000000000000000000000000000000000000000000000000000000
111111111111111111111111111111111111111111111111111111111111111111111111111100000000000000000000000000000000000000000000000000000000000000000000000000
111111111111111111111111111111111111111111111111111111111111111111111111111100000000000000000000000000000000000000000000000000000000000000000000000000
111111111111111111111111111111111111111111111111111111111111111111111111111100000000000000000000000000000000000000000000000000000000000000000000000000
111111111111111111111111111111111111111111111111111111111111111111111111111100000000000000000000000000000000000000000000000000000000000000000000000000
111111111111111111111111111111111111111111111111111111111111111111111111111100000000000000000000000000000000000000000000000000000000000000000000000000
111111111111111111111111111111111111111111111111111111111111111111111111111100000000000000000000000000000000000000000000000000000000000000000000000000
111111111111111111111111111111111111111111111111111111111111111111111111111100000000000000000000000000000000000000000000000000000000000000000000000000
111111111111111111111111111111111111111111111111111111111111111111111111111100000000000000000000000000000000000000000000000000000000000000000000000000
111111111111111111111111111111111111111111111111111111111111111111111111111100000000000000000000000000000000000000000000000000000000000000000000000000
111111111111111111111111111111111111111111111111111111111111111111111111111100000000000000000000000000000000000000000000000000000000000000000000000000
111111111111111111111111111111111111111111111111111111111111111111111111111100000000000000000000000000000000000000000000000000000000000000000000000000
111111111111111111111111111111111111111111111111111111111111111111111111111100000000000000000000000000000000000000000000000000000000000000000000000000
111111111111111111111111111111111111111111111111111111111111111111111111111100000000000000000000000000000000000000000000000000000000000000000000000000
111111111111111111111111111111111111111111111111111111111111111111111111111100000000000000000000000000000000000000000000000000000000000000000000000000
111111111111111111111111111111111111111111111111111111111111111111111111111100000000000000000000000000000000000000000000000000000000000000000000000000
111111111111111111111111111111111111111111111111111111111111111111111111111100000000000000000000000000000000000000000000000000000000000000000000000000
111111111111111111111111111111111111111111111111111111111111111111111111111100000000000000000000000000000000000000000000000000000000000000000000000000
111111111111111111111111111111111111111111111111111111111111111111111111111100000000000000000000000000000000000000000000000000000000000000000000000000
111111111111111111111111111111111111111111111111111111111111111111111111111100000000000000000000000000000000000000000000000000000000000000000000000000
111111111111111111111111111111111111111111111111111111111111111111111111111100000000000000000000000000000000000000000000000000000000000000000000000000
111111111111111111111111111111111111111111111111111111111111111111111111111100000000000000000000000000000000000000000000000000000000000000000000000000
111111111111111111111111111111111111111111111111111111111111111111111111111100000000000000000000000000000000000000000000000000000000000000000000000000
111111111111111111111111111111111111111111111111111111111111111111111111111100000000000000000000000000000000000000000000000000000000000000000000000000
111111111111111111111111111111111111111111111111111111111111111111111111111100000000000000000000000000000000000000000000000000000000000000000000000000
111111111111111111111111111111111111111111111111111111111111111111111111111100000000000000000000000000000000000000000000000000000000000000000000000000
111111111111111111111111111111111111111111111111111111111111111111111111111100000000000000000000000000000000000000000000000000000000000000000000000000
111111111111111111111111111111111111111111111111111111111111111111111111111100000000000000000000000000000000000000000000000000000000000000000000000000
111111111111111111111111111111111111111111111111111111111111111111111111111100000000000000000000000000000000000000000000000000000000000000000000000000
111111111111111111111111111111111111111111111111111111111111111111111111111100000000000000000000000000000000000000000000000000000000000000000000000000
111111111111111111111111111111111111111111111111111111111111111111111111111100000000000000000000000000000000000000000000000000000000000000000000000000
111111111111111111111111111111111111111111111111111111111111111111111111111100000000000000000000000000000000000000000000000000000000000000000000000000
111111111111111111111111111111111111111111111111111111111111111111111111111100000000000000000000000000000000000000000000000000000000000000000000000000
111111111111111111111111111111111111111111111111111111111111111111111111110111111111111110000011000000000000000000000000000000000000000000000000000000
111111111111111111111111111111111111111111111111111111111111111111111111110111111111111110000011000000000000000000000000000000000000000000000000000000
111111111111111111111111111111111111111111111111111111111111111111100010000111111111111111101111000000000000000000000000000000000000000000000000000000
111111111111111111111111111111111111111111111111111111111111111111100010000111111111111111101111000000000000000000000000000000000000000000000000000000
111111111111111111111111111111111111111111111111111111111111111111100000000111111111111111111111000000000000000000000000000000000000000000000000000000
111111111111111111111111111111111111111111111111111111111111111111100000000111111111111111111111000000000000000000000000000000000000000000000000000000
111111111111111111111111111111111111111111111111111111111111111111110000000111111111111111111110000000000000000000000000000000000000000000000000000000
111111111111111111111111111111111111111111111111111111111111111111110000000111111111111111111110000000000000000000000000000000000000000000000000000000
111111111111111111111111111111111111111111111111111111111111111111110000000111111111111111111110000000000000000000000000000000000000000000000000000000
111111111111111111111111111111111111111111111111111111111111111111110000000111111111111111111110000000000000000000000000000000000000000000000000000000
111111111111111111111111111111111111111111111111111111111111111111000000000111111111111111111111100000000000000000000000000000000000000000000000000000
111111111111111111111111111111111111111111111111111111111111111111000000000111111111111111111111100000000000000000000000000000000000000000000000000000
111111111111111111111111111111111111111111111111111111111111111111000000000111111111111111111111000000000000000000000000000000000000000000000000000000
111111111111111111111111111111111111111111111111111111111111111111000000000111111111111111111111000000000000000000000000000000000000000000000000000000
111111111111111111111111111111111111111111111111111111111111111100010000000111111111111111111111111000000000000000000000000000000000000000000000000000
111111111111111111111111111111111111111111111111111111111111111100010000000111111111111111111111111000000000000000000000000000000000000000000000000000
111111111111111111111111111111111111111111111111111111111111111000000000000111111111111111111110001100000000000000000000000000000000000000000000000000
111111111111111111111111111111111111111111111111111111111111111000000000000111111111111111111110001100000000000000000000000000000000000000000000000000
111111111111111111111111111111111111111111111111111111111111111011111000000111111111111111111110000100000000000000000000000000000000000000000000000000
111111111111111111111111111111111111111111111111111111111111111011111000000111111111111111111110000100000000000000000000000000000000000000000000000000
111111111111111111111111111111111111111111111111111111111111111100110010000111111111111111110000001100000000000000000000000000000000000000000000000000
111111111111111111111111111111111111111111111111111111111111111100110010000111111111111111110000001100000000000000000000000000000000000000000000000000
111111111111111111111111111111111111111111111111111111111111111111000111100111111111111111100001110000000000000000000000000000000000000000000000000000
111111111111111111111111111111111111111111111111111111111111111111000111100111111111111111100001110000000000000000000000000000000000000000000000000000
111111111111111111111111111111111111111111111111111111111111111111110000000011111111111111111110000000000000000000000000000000000000000000000000000000
111111111111111111111111111111111111111111111111111111111111111111110000000011111111111111111110000000000000000000000000000000000000000000000000000000
111111111111111111111111111111111111111111111111111111111111111111111000000001111111100001100000000000000000000000000000000000000000000000000000000000
111111111111111111111111111111111111111111111111111111111111111111111000000001111111100001100000000000000000000000000000000000000000000000000000000000
111111111111111111111111111111111111111111111111111111111111111111000000000111111111111000000000000000000000000000000000000000000000000000000000000000
111111111111111111111111111111111111111111111111111111111111111111000000000111111111111000000000000000000000000000000000000000000000000000000000000000
111111111111111111111111111111111111111111111111111111111111111110000000000111111111111111110000000000000000000000000000000000000000000000000000000000
111111111111111111111111111111111111111111111111111111111111111110000000000111111111111111110000000000000000000000000000000000000000000000000000000000
111111111111111111111111111111111111111111111111111111111111111100000000000111111111111111111000000000000000000000000000000000000000000000000000000000
111111111111111111111111111111111111111111111111111111111111111100000000000111111111111111111000000000000000000000000000000000000000000000000000000000
111111111111111111111111111111111111111111111111111111111111111100000000000111111111111111111000000000000000000000000000000000000000000000000000000000
111111111111111111111111111111111111111111111111111111111111111100000000000111111111111111111000000000000000000000000000000000000000000000000000000000
111111111111111111111111111111111111111111111111111111111111111100000000000111111111111111110000000000000000000000000000000000000000000000000000000000
111111111111111111111111111111111111111111111111111111111111111100000000000111111111111111110000000000000000000000000000000000000000000000000000000000
111111111111111111111111111111111111111111111111111111111111111110000000000111111111111111111000000000000000000000000000000000000000000000000000000000
111111111111111111111111111111111111111111111111111111111111111110000000000111111111111111111000000000000000000000000000000000000000000000000000000000
111111111111111111111111111111111111111111111111111111111111111111100000000111111111111111111100000000000000000000000000000000000000000000000000000000
111111111111111111111111111111111111111111111111111111111111111111100000000111111111111111111100000000000000000000000000000000000000000000000000000000
111111111111111111111111111111111111111111111111111111111111111111110000000111111111111111111100000000000000000000000000000000000000000000000000000000
111111111111111111111111111111111111111111111111111111111111111111110000000111111111111111111100000000000000000000000000000000000000000000000000000000
111111111111111111111111111111111111111111111111111111111111111111110000000111111111111111111110000000000000000000000000000000000000000000000000000000
111111111111111111111111111111111111111111111111111111111111111111110000000111111111111111111110000000000000000000000000000000000000000000000000000000
111111111111111111111111111111111111111111111111111111111111111111100000000111111111111111111111100000000000000000000000000000000000000000000000000000
111111111111111111111111111111111111111111111111111111111111111111100000000111111111111111111111100000000000000000000000000000000000000000000000000000
111111111111111111111111111111111111111111111111111111111111111111000000000111111111111111111111111111111100000000000000000000000000000000000000000000
111111111111111111111111111111111111111111111111111111111111111111000000000111111111111111111111111111111100000000000000000000000000000000000000000000
111111111111111111111111111111111111111111111111111111111111111111010000000111111111111111111111111111111110000000000000000000000000000000000000000000
111111111111111111111111111111111111111111111111111111111111111111010000000111111111111111111111111111111110000000000000000000000000000000000000000000
111111111111111111111111111111111111111111111111111111111111111110110000000111111111111111111000111111111111000000000000000000000000000000000000000000
111111111111111111111111111111111111111111111111111111111111111110110000000111111111111111111000111111111111000000000000000000000000000000000000000000
111111111111111111111111111111111111111111111111111111111111111100100000000111111111111111110000000011111111110000000000000000000000000000000000000000
111111111111111111111111111111111111111111111111111111111111111100100000000111111111111111110000000011111111110000000000000000000000000000000000000000
111111111111111111111111111111111111111111111111111111111111111101000000000111111111111111110000000001110000000000000000000000000000000000000000000000
111111111111111111111111111111111111111111111111111111111111111101000000000111111111111111110000000001110000000000000000000000000000000000000000000000
111111111111111111111111111111111111111111111111111111111111111001000000000111111111111111110000000000000000000000000000000000000000000000000000000000
111111111111111111111111111111111111111111111111111111111111111001000000000111111111111111110000000000000000000000000000000000000000000000000000000000
111111111111111111111111111111111111111111111111111111111111111000000000000111111111111111110000000000000000000000000000000000000000000000000000000000
111111111111111111111111111111111111111111111111111111111111111000000000000111111111111111110000000000000000000000000000000000000000000000000000000000
111111111111111111111111111111111111111111111111111111111111110000000000000111111111111111111100000000000000000000000000000000000000000000000000000000
111111111111111111111111111111111111111111111111111111111111110000000000000111111111111111111100000000000000000000000000000000000000000000000000000000
111111111111111111111111111111111111111111111111111111111111110000000000000111111111111111111110000000000000000000000000000000000000000000000000000000
111111111111111111111111111111111111111111111111111111111111110000000000000111111111111111111110000000000000000000000000000000000000000000000000000000
111111111111111111111111111111111111111111111111111111111111110000000000000111111111111111111110000000000000000000000000000000000000000000000000000000
111111111111111111111111111111111111111111111111111111111111110000000000000111111111111111111110000000000000000000000000000000000000000000000000000000
111111111111111111111111111111111111111111111111111111111111110000000000000111111111111111111111000000000000000000000000000000000000000000000000000000
111111111111111111111111111111111111111111111111111111111111110000000000000111111111111111111111000000000000000000000000000000000000000000000000000000
111111111111111111111111111111111111111111111111111111111111100000000000000111111111111111111111110000000000000000000000000000000000000000000000000000
111111111111111111111111111111111111111111111111111111111111100000000000000111111111111111111111110000000000000000000000000000000000000000000000000000
111111111111111111111111111111111111111111111111111111111111000000000000000111111111111111111111110000000000000000000000000000000000000000000000000000
111111111111111111111111111111111111111111111111111111111111000000000000000111111111111111111111110000000000000000000000000000000000000000000000000000
111111111111111111111111111111111111111111111111111111111110000000000000000111111111111111111111000000000000000000000000000000000000000000000000000000
111111111111111111111111111111111111111111111111111111111110000000000000000111111111111111111111000000000000000000000000000000000000000000000000000000
111111111111111111111111111111111111111111111111111111111110000000000000000111111111111111111100000000000000000000000000000000000000000000000000000000
111111111111111111111111111111111111111111111111111111111110000000000000000111111111111111111100000000000000000000000000000000000000000000000000000000
111111111111111111111111111111111111111111111111111111111110000000000000000111111111111111111100000000000000000000000000000000000000000000000000000000
111111111111111111111111111111111111111111111111111111111110000000000000000111111111111111111100000000000000000000000000000000000000000000000000000000
111111111111111111111111111111111111111111111111111111111111111111111111111111111111111111111111111111111111111111111111111111111111111111111111111111
111111111111111111111111111111111111111111111111111111111111111111111111111111111111111111111111111111111111111111111111111111111111111111111111111111
