111111111111111111111111111111111111111111111111111111111111111111111111111000000000000000000000000000000000000000000000000000000000000000000000000000
111111111111111111111111111111111111111111111111111111111111111111111111111000000000000000000000000000000000000000000000000000000000000000000000000000
111111111111111111111111111111111111111111111111111111111111111111111111111000000000000000000000000000000000000000000000000000000000000000000000000000
111111111111111111111111111111111111111111111111111111111111111111111111111000000000000000000000000000000000000000000000000000000000000000000000000000
111111111111111111111111111111111111111111111111111111111111111111111111111000000000000000000000000000000000000000000000000000000000000000000000000000
111111111111111111111111111111111111111111111111111111111111111111111111111000000000000000000000000000000000000000000000000000000000000000000000000000
111111111111111111111111111111111111111111111111111111111111111111111111111000000000000000000000000000000000000000000000000000000000000000000000000000
111111111111111111111111111111111111111111111111111111111111111111111111111000000000000000000000000000000000000000000000000000000000000000000000000000
111111111111111111111111111111111111111111111111111111111111111111111111111000000000000000000000000000000000000000000000000000000000000000000000000000
111111111111111111111111111111111111111111111111111111111111111111111111111000000000000000000000000000000000000000000000000000000000000000000000000000
111111111111111111111111111111111111111111111111111111111111110001111111111000000000000000000000000000000000000000000000000000000000000000000000000000
111111111111111111111111111111111111111111111111111111111111110001111111111000000000000000000000000000000000000000000000000000000000000000000000000000
111111111111111111111111111111111111111111111111111111111111100000011111111000000000000000000000000000000000000000000000000000000000000000000000000000
111111111111111111111111111111111111111111111111111111111111100000011111111000000000000000000000000000000000000000000000000000000000000000000000000000
111111111111111111111111111111111111111111111111111111111111100000001111111000000000000000000000000000000000000000000000000000000000000000000000000000
111111111111111111111111111111111111111111111111111111111111100000001111111000000000000000000000000000000000000000000000000000000000000000000000000000
111111111111111111111111111111111111111111111111111111111111100000001111111000000000000000000000000000000000000000000000000000000000000000000000000000
111111111111111111111111111111111111111111111111111111111111100000001111111000000000000000000000000000000000000000000000000000000000000000000000000000
111111111111111111111111111111111111111111111111111111111111100000001111111000000000000000000000000000000000000000000000000000000000000000000000000000
111111111111111111111111111111111111111111111111111111111111100000001111111000000000000000000000000000000000000000000000000000000000000000000000000000
111111111111111111111111111111111111111111111111111111111111110000001111111000000000000000000000000000000000000000000000000000000000000000000000000000
111111111111111111111111111111111111111111111111111111111111110000001111111000000000000000000000000000000000000000000000000000000000000000000000000000
111111111111111111111111111111111111111111111111111111111111110000000111111000000000000000000000000000000000000000000000000000000000000000000000000000
111111111111111111111111111111111111111111111111111111111111110000000111111000000000000000000000000000000000000000000000000000000000000000000000000000
111111111111111111111111111111111111111111111111111111111111111000000111111000000000000000000000000000000000000000000000000000000000000000000000000000
111111111111111111111111111111111111111111111111111111111111111000000111111000000000000000000000000000000000000000000000000000000000000000000000000000
111111111111111111111111111111111111111111111111111111111111111000000111111000000000000000000000000000000000000000000000000000000000000000000000000000
111111111111111111111111111111111111111111111111111111111111111000000111111000000000000000000000000000000000000000000000000000000000000000000000000000
111111111111111111111111111111111111111111111111111111111111111100000011111000000000000000000000000000000000000000000000000000000000000000000000000000
111111111111111111111111111111111111111111111111111111111111111100000011111000000000000000000000000000000000000000000000000000000000000000000000000000
111111111111111111111111111111111111111111111111111111111111111100000011111000000000000000000000000000000000000000000000000000000000000000000000000000
111111111111111111111111111111111111111111111111111111111111111100000011111000000000000000000000000000000000000000000000000000000000000000000000000000
111111111111111111111111111111111111111111111111111111111111111110000011111000000000000000000000000000000000000000000000000000000000000000000000000000
111111111111111111111111111111111111111111111111111111111111111110000011111000000000000000000000000000000000000000000000000000000000000000000000000000
111111111111111111111111111111111111111111111111111111111111111110000001111000000000000000000000000000000000000000000000000000000000000000000000000000
111111111111111111111111111111111111111111111111111111111111111110000001111000000000000000000000000000000000000000000000000000000000000000000000000000
111111111111111111111111111111111111111111111111111111111111111111000001111000000000000000000000000000000000000000000000000000000000000000000000000000
111111111111111111111111111111111111111111111111111111111111111111000001111000000000000000000000000000000000000000000000000000000000000000000000000000
111111111111111111111111111111111111111111111111111111111111111111000001111000000000000000000000000000000000000000000000000000000000000000000000000000
111111111111111111111111111111111111111111111111111111111111111111000001111000000000000000000000000000000000000000000000000000000000000000000000000000
111111111111111111111111111111111111111111111111111111111111111111000000111000000000000000000000000000000000000000000000000000000000000000000000000000
111111111111111111111111111111111111111111111111111111111111111111000000111000000000000000000000000000000000000000000000000000000000000000000000000000
111111111111111111111111111111111111111111111111111111111111111111100000111000000000000000000000000000000000000000000000000000000000000000000000000000
111111111111111111111111111111111111111111111111111111111111111111100000111000000000000000000000000000000000000000000000000000000000000000000000000000
111111111111111111111111111111111111111111111111111111111111111111110000001000000000000000000000000000000000000000000000000000000000000000000000000000
111111111111111111111111111111111111111111111111111111111111111111110000001000000000000000000000000000000000000000000000000000000000000000000000000000
111111111111111111111111111111111111111111111111111111111111111111110000001000000000000000000000000000000000000000000000000000000000000000000000000000
111111111111111111111111111111111111111111111111111111111111111111110000001000000000000000000000000000000000000000000000000000000000000000000000000000
111111111111111111111111111111111111111111111111111111111111111111100000001000000000000000000000000000000000000000000000000000000000000000000000000000
111111111111111111111111111111111111111111111111111111111111111111100000001000000000000000000000000000000000000000000000000000000000000000000000000000
111111111111111111111111111111111111111111111111111111111111111111000000000000000000000000000000000000000000000000000000000000000000000000000000000000
111111111111111111111111111111111111111111111111111111111111111111000000000000000000000000000000000000000000000000000000000000000000000000000000000000
111111111111111111111111111111111111111111111111111111111111111111000000000000000000000000000000000000000000000000000000000000000000000000000000000000
111111111111111111111111111111111111111111111111111111111111111111000000000000000000000000000000000000000000000000000000000000000000000000000000000000
111111111111111111111111111111111111111111111111111111111111111111000000001000000000000000000000000000000000000000000000000000000000000000000000000000
111111111111111111111111111111111111111111111111111111111111111111000000001000000000000000000000000000000000000000000000000000000000000000000000000000
111111111111111111111111111111111111111111111111111111111111111110000000001000000000000000000000000000000000000000000000000000000000000000000000000000
111111111111111111111111111111111111111111111111111111111111111110000000001000000000000000000000000000000000000000000000000000000000000000000000000000
111111111111111111111111111111111111111111111111111111111111111100000000000000000000000000000000000000000000000000000000000000000000000000000000000000
111111111111111111111111111111111111111111111111111111111111111100000000000000000000000000000000000000000000000000000000000000000000000000000000000000
111111111111111111111111111111111111111111111111111111111111111100000000000000000000000000000000000000000000000000000000000000000000000000000000000000
111111111111111111111111111111111111111111111111111111111111111100000000000000000000000000000000000000000000000000000000000000000000000000000000000000
111111111111111111111111111111111111111111111111111111111111111100000000000000000000000000000000000000000000000000000000000000000000000000000000000000
111111111111111111111111111111111111111111111111111111111111111100000000000000000000000000000000000000000000000000000000000000000000000000000000000000
111111111111111111111111111111111111111111111111111111111111111100000001111000000000000000000000000000000000000000000000000000000000000000000000000000
111111111111111111111111111111111111111111111111111111111111111100000001111000000000000000000000000000000000000000000000000000000000000000000000000000
111111111111111111111111111111111111111111111111111111111111111100000000000100000000000000000000000000000000000000000000000000000000000000000000000000
111111111111111111111111111111111111111111111111111111111111111100000000000100000000000000000000000000000000000000000000000000000000000000000000000000
111111111111111111111111111111111111111111111111111111111111111100000000000111110000000000000000000000000000000000000000000000000000000000000000000000
111111111111111111111111111111111111111111111111111111111111111100000000000111110000000000000000000000000000000000000000000000000000000000000000000000
111111111111111111111111111111111111111111111111111111111111100000000000000111111111000000000000000000000000000000000000000000000000000000000000000000
111111111111111111111111111111111111111111111111111111111111100000000000000111111111000000000000000000000000000000000000000000000000000000000000000000
111111111111111111111111111111111111111111111111111111111111000000000000000111111111110000000000000000000000000000000000000000000000000000000000000000
111111111111111111111111111111111111111111111111111111111111000000000000000111111111110000000000000000000000000000000000000000000000000000000000000000
111111111111111111111111111111111111111111111111111111111111000000000000000111111111110000000000000000000000000000000000000000000000000000000000000000
111111111111111111111111111111111111111111111111111111111111000000000000000111111111110000000000000000000000000000000000000000000000000000000000000000
111111111111111111111111111111111111111111111111111111111110000000000000000111111111111000000000000000000000000000000000000000000000000000000000000000
111111111111111111111111111111111111111111111111111111111110000000000000000111111111111000000000000000000000000000000000000000000000000000000000000000
111111111111111111111111111111111111111111111111111111111100000000000000000111111111111110000000000000000000000000000000000000000000000000000000000000
111111111111111111111111111111111111111111111111111111111100000000000000000111111111111110000000000000000000000000000000000000000000000000000000000000
111111111111111111111111111111111111111111111111111111111100000000000000000111111111111100000000000000000000000000000000000000000000000000000000000000
111111111111111111111111111111111111111111111111111111111100000000000000000111111111111100000000000000000000000000000000000000000000000000000000000000
111111111111111111111111111111111111111111111111111111111100000000000000000111111111111110000000000000000000000000000000000000000000000000000000000000
111111111111111111111111111111111111111111111111111111111100000000000000000111111111111110000000000000000000000000000000000000000000000000000000000000
111111111111111111111111111111111111111111111111111111111110000000000000000111111111111100000000000000000000000000000000000000000000000000000000000000
111111111111111111111111111111111111111111111111111111111110000000000000000111111111111100000000000000000000000000000000000000000000000000000000000000
111111111111111111111111111111111111111111111111111111111110000000000000000111111111110000000000000000000000000000000000000000000000000000000000000000
111111111111111111111111111111111111111111111111111111111110000000000000000111111111110000000000000000000000000000000000000000000000000000000000000000
111111111111111111111111111111111111111111111111111111111111000000000000000111111111111000000000000000000000000000000000000000000000000000000000000000
111111111111111111111111111111111111111111111111111111111111000000000000000111111111111000000000000000000000000000000000000000000000000000000000000000
111111111111111111111111111111111111111111111111111111111110000000000000000111111111110000000000000000000000000000000000000000000000000000000000000000
111111111111111111111111111111111111111111111111111111111110000000000000000111111111110000000000000000000000000000000000000000000000000000000000000000
111111111111111111111111111111111111111111111111111111111110000000000000000111111111110000000000000000000000000000000000000000000000000000000000000000
111111111111111111111111111111111111111111111111111111111110000000000000000111111111110000000000000000000000000000000000000000000000000000000000000000
111111111111111111111111111111111111111111111111111111111110000000000000000111111111011000000000000000000000000000000000000000000000000000000000000000
111111111111111111111111111111111111111111111111111111111110000000000000000111111111011000000000000000000000000000000000000000000000000000000000000000
111111111111111111111111111111111111111111111111111111111001100000000000000111111110000100000000000000000000000000000000000000000000000000000000000000
111111111111111111111111111111111111111111111111111111111001100000000000000111111110000100000000000000000000000000000000000000000000000000000000000000
111111111111111111111111111111111111111111111111111111111011110000000000000111111111110110000000000000000000000000000000000000000000000000000000000000
111111111111111111111111111111111111111111111111111111111011110000000000000111111111110110000000000000000000000000000000000000000000000000000000000000
111111111111111111111111111111111111111111111111111111111011111000000000000111111111111100000000000000000000000000000000000000000000000000000000000000
111111111111111111111111111111111111111111111111111111111011111000000000000111111111111100000000000000000000000000000000000000000000000000000000000000
111111111111111111111111111111111111111111111111111111111001111100000000000111111111111000000000000000000000000000000000000000000000000000000000000000
111111111111111111111111111111111111111111111111111111111001111100000000000111111111111000000000000000000000000000000000000000000000000000000000000000
111111111111111111111111111111111111111111111111111111111110001000000000000111111111111000000000000000000000000000000000000000000000000000000000000000
111111111111111111111111111111111111111111111111111111111110001000000000000111111111111000000000000000000000000000000000000000000000000000000000000000
111111111111111111111111111111111111111111111111111111111111100000000000000111111111111110000000000000000000000000000000000000000000000000000000000000
111111111111111111111111111111111111111111111111111111111111100000000000000111111111111110000000000000000000000000000000000000000000000000000000000000
111111111111111111111111111111111111111111111111111111111111111100000000000111111111111111110000000000000000000000000000000000000000000000000000000000
111111111111111111111111111111111111111111111111111111111111111100000000000111111111111111110000000000000000000000000000000000000000000000000000000000
111111111111111111111111111111111111111111111111111111111111111100000000000111111111111111111111000000000000000000000000000000000000000000000000000000
111111111111111111111111111111111111111111111111111111111111111100000000000111111111111111111111000000000000000000000000000000000000000000000000000000
111111111111111111111111111111111111111111111111111111111111111100000000000111111111111111111111100000000000000000000000000000000000000000000000000000
111111111111111111111111111111111111111111111111111111111111111100000000000111111111111111111111100000000000000000000000000000000000000000000000000000
111111111111111111111111111111111111111111111111111111111111111111111111111111111111111111111111111111111111111111111111111111111111111111111111111111
111111111111111111111111111111111111111111111111111111111111111111111111111111111111111111111111111111111111111111111111111111111111111111111111111111
