111111111111111111111111111111111111111111111111111111111111111111111111000000000000000000000000000000000000000000000000000000000000000000000000000000
111111111111111111111111111111111111111111111111111111111111111111111111000000000000000000000000000000000000000000000000000000000000000000000000000000
111111111111111111111111111111111111111111111111111111111111111111111111000000000000000000000000000000000000000000000000000000000000000000000000000000
111111111111111111111111111111111111111111111111111111111111111111111111000000000000000000000000000000000000000000000000000000000000000000000000000000
111111111111111111111111111111111111111111111111111111111111111111111111000000000000000000000000000000000000000000000000000000000000000000000000000000
111111111111111111111111111111111111111111111111111111111111111111111111000000000000000000000000000000000000000000000000000000000000000000000000000000
111111111111111111111111111111111111111111111111111111111111111111111111000000000000000000000000000000000000000000000000000000000000000000000000000000
111111111111111111111111111111111111111111111111111111111111111111111111000000000000000000000000000000000000000000000000000000000000000000000000000000
111111111111111111111111111111111111111111111111111111111111111111111111000000000000000000000000000000000000000000000000000000000000000000000000000000
111111111111111111111111111111111111111111111111111111111111111111111111000000000000000000000000000000000000000000000000000000000000000000000000000000
111111111111111111111111111111111111111111111111111111111111111111111111000000000000000000000000000000000000000000000000000000000000000000000000000000
111111111111111111111111111111111111111111111111111111111111111111111111000000000000000000000000000000000000000000000000000000000000000000000000000000
111111111111111111111111111111111111111111111111111111111111111111111111000000000000000000000000000000000000000000000000000000000000000000000000000000
111111111111111111111111111111111111111111111111111111111111111111111111000000000000000000000000000000000000000000000000000000000000000000000000000000
111111111111111111111111111111111111111111111111111111111111111111111111000000000000000000000000000000000000000000000000000000000000000000000000000000
111111111111111111111111111111111111111111111111111111111111111111111111000000000000000000000000000000000000000000000000000000000000000000000000000000
111111111111111111111111111111111111111111111111111111111111111101111111000000000000000000000000000000000000000000000000000000000000000000000000000000
111111111111111111111111111111111111111111111111111111111111111101111111000000000000000000000000000000000000000000000000000000000000000000000000000000
111111111111111111111111111111111111111111111111111111111111111000011111000000000000000000000000000000000000000000000000000000000000000000000000000000
111111111111111111111111111111111111111111111111111111111111111000011111000000000000000000000000000000000000000000000000000000000000000000000000000000
111111111111111111111111111111111111111111111111111111111111110000001111000000000000000000000000000000000000000000000000000000000000000000000000000000
111111111111111111111111111111111111111111111111111111111111110000001111000000000000000000000000000000000000000000000000000000000000000000000000000000
111111111111111111111111111111111111111111111111111111111111110000001111000000000000000000000000000000000000000000000000000000000000000000000000000000
111111111111111111111111111111111111111111111111111111111111110000001111000000000000000000000000000000000000000000000000000000000000000000000000000000
111111111111111111111111111111111111111111111111111111111111110000001111000000000000000000000000000000000000000000000000000000000000000000000000000000
111111111111111111111111111111111111111111111111111111111111110000001111000000000000000000000000000000000000000000000000000000000000000000000000000000
111111111111111111111111111111111111111111111111111111111111110000001111000000000000000000000000000000000000000000000000000000000000000000000000000000
111111111111111111111111111111111111111111111111111111111111110000001111000000000000000000000000000000000000000000000000000000000000000000000000000000
111111111111111111111111111111111111111111111111111111111111110000000111000000000000000000000000000000000000000000000000000000000000000000000000000000
111111111111111111111111111111111111111111111111111111111111110000000111000000000000000000000000000000000000000000000000000000000000000000000000000000
111111111111111111111111111111111111111111111111111111111111111000000111000000000000000000000000000000000000000000000000000000000000000000000000000000
111111111111111111111111111111111111111111111111111111111111111000000111000000000000000000000000000000000000000000000000000000000000000000000000000000
111111111111111111111111111111111111111111111111111111111111111000000111000000000000000000000000000000000000000000000000000000000000000000000000000000
111111111111111111111111111111111111111111111111111111111111111000000111000000000000000000000000000000000000000000000000000000000000000000000000000000
111111111111111111111111111111111111111111111111111111111111111000000111000000000000000000000000000000000000000000000000000000000000000000000000000000
111111111111111111111111111111111111111111111111111111111111111000000111000000000000000000000000000000000000000000000000000000000000000000000000000000
111111111111111111111111111111111111111111111111111111111111111100000111000000000000000000000000000000000000000000000000000000000000000000000000000000
111111111111111111111111111111111111111111111111111111111111111100000111000000000000000000000000000000000000000000000000000000000000000000000000000000
111111111111111111111111111111111111111111111111111111111111111100000111000000000000000000000000000000000000000000000000000000000000000000000000000000
111111111111111111111111111111111111111111111111111111111111111100000111000000000000000000000000000000000000000000000000000000000000000000000000000000
111111111111111111111111111111111111111111111111111111111111111100000111000000000000000000000000000000000000000000000000000000000000000000000000000000
111111111111111111111111111111111111111111111111111111111111111100000111000000000000000000000000000000000000000000000000000000000000000000000000000000
111111111111111111111111111111111111111111111111111111111111111100000111000000000000000000000000000000000000000000000000000000000000000000000000000000
111111111111111111111111111111111111111111111111111111111111111100000111000000000000000000000000000000000000000000000000000000000000000000000000000000
111111111111111111111111111111111111111111111111111111111111111110000111000000000000000000000000000000000000000000000000000000000000000000000000000000
111111111111111111111111111111111111111111111111111111111111111110000111000000000000000000000000000000000000000000000000000000000000000000000000000000
111111111111111111111111111111111111111111111111111111111111111110000011000000000000000000000000000000000000000000000000000000000000000000000000000000
111111111111111111111111111111111111111111111111111111111111111110000011000000000000000000000000000000000000000000000000000000000000000000000000000000
111111111111111111111111111111111111111111111111111111111111111110000011000000000000000000000000000000000000000000000000000000000000000000000000000000
111111111111111111111111111111111111111111111111111111111111111110000011000000000000000000000000000000000000000000000000000000000000000000000000000000
111111111111111111111111111111111111111111111111111111111111111110000011000000000000000000000000000000000000000000000000000000000000000000000000000000
111111111111111111111111111111111111111111111111111111111111111110000011000000000000000000000000000000000000000000000000000000000000000000000000000000
111111111111111111111111111111111111111111111111111111111111111111000011000000000000000000000000000000000000000000000000000000000000000000000000000000
111111111111111111111111111111111111111111111111111111111111111111000011000000000000000000000000000000000000000000000000000000000000000000000000000000
111111111111111111111111111111111111111111111111111111111111111110000000000000000000000000000000000000000000000000000000000000000000000000000000000000
111111111111111111111111111111111111111111111111111111111111111110000000000000000000000000000000000000000000000000000000000000000000000000000000000000
111111111111111111111111111111111111111111111111111111111111111100000000000000000000000000000000000000000000000000000000000000000000000000000000000000
111111111111111111111111111111111111111111111111111111111111111100000000000000000000000000000000000000000000000000000000000000000000000000000000000000
111111111111111111111111111111111111111111111111111111111111111000000000000000000000000000000000000000000000000000000000000000000000000000000000000000
111111111111111111111111111111111111111111111111111111111111111000000000000000000000000000000000000000000000000000000000000000000000000000000000000000
111111111111111111111111111111111111111111111111111111111111110000000001000000000000000000000000000000000000000000000000000000000000000000000000000000
111111111111111111111111111111111111111111111111111111111111110000000001000000000000000000000000000000000000000000000000000000000000000000000000000000
111111111111111111111111111111111111111111111111111111111111110000000001000000000000000000000000000000000000000000000000000000000000000000000000000000
111111111111111111111111111111111111111111111111111111111111110000000001000000000000000000000000000000000000000000000000000000000000000000000000000000
111111111111111111111111111111111111111111111111111111111111000000000001000000000000000000000000000000000000000000000000000000000000000000000000000000
111111111111111111111111111111111111111111111111111111111111000000000001000000000000000000000000000000000000000000000000000000000000000000000000000000
111111111111111111111111111111111111111111111111111111111111000000000001000000000000000000000000000000000000000000000000000000000000000000000000000000
111111111111111111111111111111111111111111111111111111111111000000000001000000000000000000000000000000000000000000000000000000000000000000000000000000
111111111111111111111111111111111111111111111111111111111111000000000001000000000000000000000000000000000000000000000000000000000000000000000000000000
111111111111111111111111111111111111111111111111111111111111000000000001000000000000000000000000000000000000000000000000000000000000000000000000000000
111111111111111111111111111111111111111111111111111111111111000000001111000000000000000000000000000000000000000000000000000000000000000000000000000000
111111111111111111111111111111111111111111111111111111111111000000001111000000000000000000000000000000000000000000000000000000000000000000000000000000
111111111111111111111111111111111111111111111111111111111111000000011000000000000000000000000000000000000000000000000000000000000000000000000000000000
111111111111111111111111111111111111111111111111111111111111000000011000000000000000000000000000000000000000000000000000000000000000000000000000000000
111111111111111111111111111111111111111111111111111111111111000000000000111000000000000000000000000000000000000000000000000000000000000000000000000000
111111111111111111111111111111111111111111111111111111111111000000000000111000000000000000000000000000000000000000000000000000000000000000000000000000
111111111111111111111111111111111111111111111111111111111110000000000000111111100000000000000000000000000000000000000000000000000000000000000000000000
111111111111111111111111111111111111111111111111111111111110000000000000111111100000000000000000000000000000000000000000000000000000000000000000000000
111111111111111111111111111111111111111111111111111111111000000000000000111111111110000000000000000000000000000000000000000000000000000000000000000000
111111111111111111111111111111111111111111111111111111111000000000000000111111111110000000000000000000000000000000000000000000000000000000000000000000
111111111111111111111111111111111111111111111111111111111000000000000000111111111110000000000000000000000000000000000000000000000000000000000000000000
111111111111111111111111111111111111111111111111111111111000000000000000111111111110000000000000000000000000000000000000000000000000000000000000000000
111111111111111111111111111111111111111111111111111111100000000000000000111111111111100000000000000000000000000000000000000000000000000000000000000000
111111111111111111111111111111111111111111111111111111100000000000000000111111111111100000000000000000000000000000000000000000000000000000000000000000
111111111111111111111111111111111111111111111111111111100000000000000000111111111111100000000000000000000000000000000000000000000000000000000000000000
111111111111111111111111111111111111111111111111111111100000000000000000111111111111100000000000000000000000000000000000000000000000000000000000000000
111111111111111111111111111111111111111111111111111110000000000000000000111111111111110000000000000000000000000000000000000000000000000000000000000000
111111111111111111111111111111111111111111111111111110000000000000000000111111111111110000000000000000000000000000000000000000000000000000000000000000
111111111111111111111111111111111111111111111111111111100000000000000000111111111111110000000000000000000000000000000000000000000000000000000000000000
111111111111111111111111111111111111111111111111111111100000000000000000111111111111110000000000000000000000000000000000000000000000000000000000000000
111111111111111111111111111111111111111111111111111111000000000000000000111111111111100000000000000000000000000000000000000000000000000000000000000000
111111111111111111111111111111111111111111111111111111000000000000000000111111111111100000000000000000000000000000000000000000000000000000000000000000
111111111111111111111111111111111111111111111111111111100000000000000000111111111111000000000000000000000000000000000000000000000000000000000000000000
111111111111111111111111111111111111111111111111111111100000000000000000111111111111000000000000000000000000000000000000000000000000000000000000000000
111111111111111111111111111111111111111111111111111111110000000000000000111111111110000000000000000000000000000000000000000000000000000000000000000000
111111111111111111111111111111111111111111111111111111110000000000000000111111111110000000000000000000000000000000000000000000000000000000000000000000
111111111111111111111111111111111111111111111111111111100000000000000000111111111110000000000000000000000000000000000000000000000000000000000000000000
111111111111111111111111111111111111111111111111111111100000000000000000111111111110000000000000000000000000000000000000000000000000000000000000000000
111111111111111111111111111111111111111111111111111111100000000000000000111111111111000000000000000000000000000000000000000000000000000000000000000000
111111111111111111111111111111111111111111111111111111100000000000000000111111111111000000000000000000000000000000000000000000000000000000000000000000
111111111111111111111111111111111111111111111111111111100000000000000000111111111100000000000000000000000000000000000000000000000000000000000000000000
111111111111111111111111111111111111111111111111111111100000000000000000111111111100000000000000000000000000000000000000000000000000000000000000000000
111111111111111111111111111111111111111111111111111111000000000000000000111111100010000000000000000000000000000000000000000000000000000000000000000000
111111111111111111111111111111111111111111111111111111000000000000000000111111100010000000000000000000000000000000000000000000000000000000000000000000
111111111111111111111111111111111111111111111111111110010100000000000000111111111101000000000000000000000000000000000000000000000000000000000000000000
111111111111111111111111111111111111111111111111111110010100000000000000111111111101000000000000000000000000000000000000000000000000000000000000000000
111111111111111111111111111111111111111111111111111110011101000000000000111111111111000000000000000000000000000000000000000000000000000000000000000000
111111111111111111111111111111111111111111111111111110011101000000000000111111111111000000000000000000000000000000000000000000000000000000000000000000
111111111111111111111111111111111111111111111111111111001101000000000000111111111111000000000000000000000000000000000000000000000000000000000000000000
111111111111111111111111111111111111111111111111111111001101000000000000111111111111000000000000000000000000000000000000000000000000000000000000000000
111111111111111111111111111111111111111111111111111111100000000000000000111111111111000000000000000000000000000000000000000000000000000000000000000000
111111111111111111111111111111111111111111111111111111100000000000000000111111111111000000000000000000000000000000000000000000000000000000000000000000
111111111111111111111111111111111111111111111111111111111000000000000000111111111111000000000000000000000000000000000000000000000000000000000000000000
111111111111111111111111111111111111111111111111111111111000000000000000111111111111000000000000000000000000000000000000000000000000000000000000000000
111111111111111111111111111111111111111111111111111111111111111111111111111111111111111111111111111111111111111111111111111111111111111111111111111111
111111111111111111111111111111111111111111111111111111111111111111111111111111111111111111111111111111111111111111111111111111111111111111111111111111
