111111111111111111111111111111111111111111111111111111110000000000000000000000000000000000000000000000000000000000000000000000000000000000000000000000
111111111111111111111111111111111111111111111111111111110000000000000000000000000000000000000000000000000000000000000000000000000000000000000000000000
111111111111111111111111111111111111111111111111111111110000000000000000000000000000000000000000000000000000000000000000000000000000000000000000000000
111111111111111111111111111111111111111111111111111111110000000000000000000000000000000000000000000000000000000000000000000000000000000000000000000000
111111111111111111111111111111111111111111111111111111110000000000000000000000000000000000000000000000000000000000000000000000000000000000000000000000
111111111111111111111111111111111111111111111111111111110000000000000000000000000000000000000000000000000000000000000000000000000000000000000000000000
111111111111111111111111111111111111111111111111111111110000000000000000000000000000000000000000000000000000000000000000000000000000000000000000000000
111111111111111111111111111111111111111111111111111111110000000000000000000000000000000000000000000000000000000000000000000000000000000000000000000000
111111111111111111111111111111111111111111111111111111110000000000000000000000000000000000000000000000000000000000000000000000000000000000000000000000
111111111111111111111111111111111111111111111111111111110000000000000000000000000000000000000000000000000000000000000000000000000000000000000000000000
111111111111111111111111111111111111111111111111111111110000000000000000000000000000000000000000000000000000000000000000000000000000000000000000000000
111111111111111111111111111111111111111111111111111111110000000000000000000000000000000000000000000000000000000000000000000000000000000000000000000000
111111111111111111111111111111111111111111111111111111110000000000000000000000000000000000000000000000000000000000000000000000000000000000000000000000
111111111111111111111111111111111111111111111111111111110000000000000000000000000000000000000000000000000000000000000000000000000000000000000000000000
111111111111111111111111111111111111111111111111111111110000000000000000000000000000000000000000000000000000000000000000000000000000000000000000000000
111111111111111111111111111111111111111111111111111111110000000000000000000000000000000000000000000000000000000000000000000000000000000000000000000000
111111111111111111111111111111111111111111111111111111110000000000000000000000000000000000000000000000000000000000000000000000000000000000000000000000
111111111111111111111111111111111111111111111111111111110000000000000000000000000000000000000000000000000000000000000000000000000000000000000000000000
111111111111111111111111111111111111111111111111111111110000011110000000000000000000000000000000000000000000000000000000000000000000000000000000000000
111111111111111111111111111111111111111111111111111111110000011110000000000000000000000000000000000000000000000000000000000000000000000000000000000000
111111111111111111111111111111111111111111111111111111110000011111111000000000000000000000000000000000000000000000000000000000000000000000000000000000
111111111111111111111111111111111111111111111111111111110000011111111000000000000000000000000000000000000000000000000000000000000000000000000000000000
111111111111111111111111111111111111111111111111111111110000011111111110000000000000000000000000000000000000000000000000000000000000000000000000000000
111111111111111111111111111111111111111111111111111111110000011111111110000000000000000000000000000000000000000000000000000000000000000000000000000000
111111111111111111111111111111111111111111111111111111110000001111111111000000000000000000000000000000000000000000000000000000000000000000000000000000
111111111111111111111111111111111111111111111111111111110000001111111111000000000000000000000000000000000000000000000000000000000000000000000000000000
111111111111111111111111111111111111111111111111111111110000000111111111100000000000000000000000000000000000000000000000000000000000000000000000000000
111111111111111111111111111111111111111111111111111111110000000111111111100000000000000000000000000000000000000000000000000000000000000000000000000000
111111111111111111111111111111111111111111111111111111110000000011111111110000000000000000000000000000000000000000000000000000000000000000000000000000
111111111111111111111111111111111111111111111111111111110000000011111111110000000000000000000000000000000000000000000000000000000000000000000000000000
111111111111111111111111111111111111111111111111111111110000000000111111111000000000000000000000000000000000000000000000000000000000000000000000000000
111111111111111111111111111111111111111111111111111111110000000000111111111000000000000000000000000000000000000000000000000000000000000000000000000000
111111111111111111111111111111111111111111111111111111110000000000001111111110000000000000000000000000000000000000000000000000000000000000000000000000
111111111111111111111111111111111111111111111111111111110000000000001111111110000000000000000000000000000000000000000000000000000000000000000000000000
111111111111111111111111111111111111111111111111111111110000000000000111111111000000000000000000000000000000000000000000000000000000000000000000000000
111111111111111111111111111111111111111111111111111111110000000000000111111111000000000000000000000000000000000000000000000000000000000000000000000000
111111111111111111111111111111111111111111111111111111110000000000000011111111100000000000000000000000000000000000000000000000000000000000000000000000
111111111111111111111111111111111111111111111111111111110000000000000011111111100000000000000000000000000000000000000000000000000000000000000000000000
111111111111111111111111111111111111111111111111111111110000000000000000111111110000000000000000000000000000000000000000000000000000000000000000000000
111111111111111111111111111111111111111111111111111111110000000000000000111111110000000000000000000000000000000000000000000000000000000000000000000000
111111111111111111111111111111111111111111111111111111110000000000000000011111111000000000000000000000000000000000000000000000000000000000000000000000
111111111111111111111111111111111111111111111111111111110000000000000000011111111000000000000000000000000000000000000000000000000000000000000000000000
111111111111111111111111111111111111111111111111111111110000000000000000001111111100000000000000000000000000000000000000000000000000000000000000000000
111111111111111111111111111111111111111111111111111111110000000000000000001111111100000000000000000000000000000000000000000000000000000000000000000000
111111111111111111111111111111111111111111111111111111110000000001110000000011111111100000000000000000000000000000000000000000000000000000000000000000
111111111111111111111111111111111111111111111111111111110000000001110000000011111111100000000000000000000000000000000000000000000000000000000000000000
111111111111111111111111111111111111111111111111111111110000000111111000000001111111110000000000000000000000000000000000000000000000000000000000000000
111111111111111111111111111111111111111111111111111111110000000111111000000001111111110000000000000000000000000000000000000000000000000000000000000000
111111111111111111111111111111111111111111111111111111110000011111111111111111111111111000000000000000000000000000000000000000000000000000000000000000
111111111111111111111111111111111111111111111111111111110000011111111111111111111111111000000000000000000000000000000000000000000000000000000000000000
111111111111111111111111111111111111111111111111111111111101111111111111111111111111111100000000000000000000000000000000000000000000000000000000000000
111111111111111111111111111111111111111111111111111111111101111111111111111111111111111100000000000000000000000000000000000000000000000000000000000000
111111111111111111111111111111111111111111111111111111111111111111111111111111111111111100000000000000000000000000000000000000000000000000000000000000
111111111111111111111111111111111111111111111111111111111111111111111111111111111111111100000000000000000000000000000000000000000000000000000000000000
111111111111111111111111111111111111111111111111111111111111111111111111111111111111111110000000000000000000000000000000000000000000000000000000000000
111111111111111111111111111111111111111111111111111111111111111111111111111111111111111110000000000000000000000000000000000000000000000000000000000000
111111111111111111111111111111111111111111111111111110111111111111111111111111111111111111000000000000000000000000000000000000000000000000000000000000
111111111111111111111111111111111111111111111111111110111111111111111111111111111111111111000000000000000000000000000000000000000000000000000000000000
111111111111111111111111111111111111111111111111111110011111111111111111111111111111111111100000000000000000000000000000000000000000000000000000000000
111111111111111111111111111111111111111111111111111110011111111111111111111111111111111111100000000000000000000000000000000000000000000000000000000000
111111111111111111111111111111111111111111111111111111011111111111111111111111111111100111000000000000000000000000000000000000000000000000000000000000
111111111111111111111111111111111111111111111111111111011111111111111111111111111111100111000000000000000000000000000000000000000000000000000000000000
111111111111111111111111111111111111111111111111111110011111111111111111111111111111000000000000000000000000000000000000000000000000000000000000000000
111111111111111111111111111111111111111111111111111110011111111111111111111111111111000000000000000000000000000000000000000000000000000000000000000000
111111111111111111111111111111111111111111111111111111011111111111111111111111111110000000000000000000000000000000000000000000000000000000000000000000
111111111111111111111111111111111111111111111111111111011111111111111111111111111110000000000000000000000000000000000000000000000000000000000000000000
111111111111111111111111111111111111111111111111111110010111111111111111111111111100000000000000000000000000000000000000000000000000000000000000000000
111111111111111111111111111111111111111111111111111110010111111111111111111111111100000000000000000000000000000000000000000000000000000000000000000000
111111111111111111111111111111111111111111111111111110100111111111111111111111111000000000000000000000000000000000000000000000000000000000000000000000
111111111111111111111111111111111111111111111111111110100111111111111111111111111000000000000000000000000000000000000000000000000000000000000000000000
111111111111111111111111111111111111111111111111111100000011111111111111111111111000000000000000000000000000000000000000000000000000000000000000000000
111111111111111111111111111111111111111111111111111100000011111111111111111111111000000000000000000000000000000000000000000000000000000000000000000000
111111111111111111111111111111111111111111111111111110010000111111111111111111110000000000000000000000000000000000000000000000000000000000000000000000
111111111111111111111111111111111111111111111111111110010000111111111111111111110000000000000000000000000000000000000000000000000000000000000000000000
111111111111111111111111111111111111111111111111111111111110011111111111111111100000000000000000000000000000000000000000000000000000000000000000000000
111111111111111111111111111111111111111111111111111111111110011111111111111111100000000000000000000000000000000000000000000000000000000000000000000000
111111111111111111111111111111111111111111111111111111101111111111111111111111100000000000000000000000000000000000000000000000000000000000000000000000
111111111111111111111111111111111111111111111111111111101111111111111111111111100000000000000000000000000000000000000000000000000000000000000000000000
111111111111111111111111111111111111111111111111111111110111111111111111111111110000000000000000000000000000000000000000000000000000000000000000000000
111111111111111111111111111111111111111111111111111111110111111111111111111111110000000000000000000000000000000000000000000000000000000000000000000000
111111111111111111111111111111111111111111111111111100110011111111111111111111111000000000000000000000000000000000000000000000000000000000000000000000
111111111111111111111111111111111111111111111111111100110011111111111111111111111000000000000000000000000000000000000000000000000000000000000000000000
111111111111111111111111111111111111111111111111110000100011111111111111111111111000000000000000000000000000000000000000000000000000000000000000000000
111111111111111111111111111111111111111111111111110000100011111111111111111111111000000000000000000000000000000000000000000000000000000000000000000000
111111111111111111111111111111111111111111111111100011100001111111111111111111111000000000000000000000000000000000000000000000000000000000000000000000
111111111111111111111111111111111111111111111111100011100001111111111111111111111000000000000000000000000000000000000000000000000000000000000000000000
111111111111111111111111111111111111111111111111001111100111111111111111111111111100000000000000000000000000000000000000000000000000000000000000000000
111111111111111111111111111111111111111111111111001111100111111111111111111111111100000000000000000000000000000000000000000000000000000000000000000000
111111111111111111111111111111111111111111111110011111100111111111111111111111111110000000000000000000000000000000000000000000000000000000000000000000
111111111111111111111111111111111111111111111110011111100111111111111111111111111110000000000000000000000000000000000000000000000000000000000000000000
111111111111111111111111111111111111111111111100111111101111111111111111111111111111111000000000000000000000000000000000000000000000000000000000000000
111111111111111111111111111111111111111111111100111111101111111111111111111111111111111000000000000000000000000000000000000000000000000000000000000000
111111111111111111111111111111111111111111111101111111111101111111111111111111111111110000000000000000000000000000000000000000000000000000000000000000
111111111111111111111111111111111111111111111101111111111101111111111111111111111111110000000000000000000000000000000000000000000000000000000000000000
111111111111111111111111111111111111111111111011111111011011111111111111111111111000100000000000000000000000000000000000000000000000000000000000000000
111111111111111111111111111111111111111111111011111111011011111111111111111111111000100000000000000000000000000000000000000000000000000000000000000000
111111111111111111111111111111111111111111110011111110011011111111111111111111111000000000000000000000000000000000000000000000000000000000000000000000
111111111111111111111111111111111111111111110011111110011011111111111111111111111000000000000000000000000000000000000000000000000000000000000000000000
111111111111111111111111111111111111111111110011111110010111111111111111111111110000000000000000000000000000000000000000000000000000000000000000000000
111111111111111111111111111111111111111111110011111110010111111111111111111111110000000000000000000000000000000000000000000000000000000000000000000000
111111111111111111111111111111111111111111100111111100010111111111111111111111111100000000000000000000000000000000000000000000000000000000000000000000
111111111111111111111111111111111111111111100111111100010111111111111111111111111100000000000000000000000000000000000000000000000000000000000000000000
111111111111111111111111111111111111111111100111111100000111111111111111111111111111000000000000000000000000000000000000000000000000000000000000000000
111111111111111111111111111111111111111111100111111100000111111111111111111111111111000000000000000000000000000000000000000000000000000000000000000000
111111111111111111111111111111111111111111101111111100000111111111111111111111111111110000000000000000000000000000000000000000000000000000000000000000
111111111111111111111111111111111111111111101111111100000111111111111111111111111111110000000000000000000000000000000000000000000000000000000000000000
111111111111111111111111111111111111111111111111111000001111111111111111111111111111111110000000000000000000000000000000000000000000000000000000000000
111111111111111111111111111111111111111111111111111000001111111111111111111111111111111110000000000000000000000000000000000000000000000000000000000000
111111111111111111111111111111111111111111111111111000001111111111111111111111100111111111000000000000000000000000000000000000000000000000000000000000
111111111111111111111111111111111111111111111111111000001111111111111111111111100111111111000000000000000000000000000000000000000000000000000000000000
111111111111111111111111111111111111111111111111110000101111111111111111111111110011111111100000000000000000000000000000000000000000000000000000000000
111111111111111111111111111111111111111111111111110000101111111111111111111111110011111111100000000000000000000000000000000000000000000000000000000000
111111111111111111111111111111111111111111111111110000101111111111111111111111111000011111111100000000000000000000000000000000000000000000000000000000
111111111111111111111111111111111111111111111111110000101111111111111111111111111000011111111100000000000000000000000000000000000000000000000000000000
111111111111111111111111111111111111111111111111111111111111111111111111111111111111111111111111111111111111111111111111111111111111111111111111111111
111111111111111111111111111111111111111111111111111111111111111111111111111111111111111111111111111111111111111111111111111111111111111111111111111111
