111111111111111111111111111111111111111111111111100000000000000000000000000000000000000000000000000000000000000000000000000000000000000000000000000000
111111111111111111111111111111111111111111111111100000000000000000000000000000000000000000000000000000000000000000000000000000000000000000000000000000
111111111111111111111111111111111111111111111111100000000000000000000000000000000000000000000000000000000000000000000000000000000000000000000000000000
111111111111111111111111111111111111111111111111100000000000000000000000000000000000000000000000000000000000000000000000000000000000000000000000000000
111111111111111111111111111111111111111111111111100000000000000000000000000000000000000000000000000000000000000000000000000000000000000000000000000000
111111111111111111111111111111111111111111111111100000000000000000000000000000000000000000000000000000000000000000000000000000000000000000000000000000
111111111111111111111111111111111111111111111111100000000000000000000000000000000000000000000000000000000000000000000000000000000000000000000000000000
111111111111111111111111111111111111111111111111100000000000000000000000000000000000000000000000000000000000000000000000000000000000000000000000000000
111111111111111111111111111111111111111111111111100000000000000000000000000000000000000000000000000000000000000000000000000000000000000000000000000000
111111111111111111111111111111111111111111111111100000000000000000000000000000000000000000000000000000000000000000000000000000000000000000000000000000
111111111111111111111111111111111111111111111111100000000000000000000000000000000000000000000000000000000000000000000000000000000000000000000000000000
111111111111111111111111111111111111111111111111100000000000000000000000000000000000000000000000000000000000000000000000000000000000000000000000000000
111111111111111111111111111111111111111111111111100000000000000000000000000000000000000000000000000000000000000000000000000000000000000000000000000000
111111111111111111111111111111111111111111111111100000000000000000000000000000000000000000000000000000000000000000000000000000000000000000000000000000
111111111111111111111111111111111111111111111111100000000000000000000000000000000000000000000000000000000000000000000000000000000000000000000000000000
111111111111111111111111111111111111111111111111100000000000000000000000000000000000000000000000000000000000000000000000000000000000000000000000000000
111111111111111111111111111111111111111111111111100000000000000000000000000000000000000000000000000000000000000000000000000000000000000000000000000000
111111111111111111111111111111111111111111111111100000000000000000000000000000000000000000000000000000000000000000000000000000000000000000000000000000
111111111111111111111111111111111111111111111111100000000000000000000000000000000000000000000000000000000000000000000000000000000000000000000000000000
111111111111111111111111111111111111111111111111100000000000000000000000000000000000000000000000000000000000000000000000000000000000000000000000000000
111111111111111111111111111111111111111111111111100000000000000000000000000000000000000000000000000000000000000000000000000000000000000000000000000000
111111111111111111111111111111111111111111111111100000000000000000000000000000000000000000000000000000000000000000000000000000000000000000000000000000
111111111111111111111111111111111111111111111111100000000000000000000000000000000000000000000000000000000000000000000000000000000000000000000000000000
111111111111111111111111111111111111111111111111100000000000000000000000000000000000000000000000000000000000000000000000000000000000000000000000000000
111111111111111111111111111111111111111111111111100000000000000000000000000000000000000000000000000000000000000000000000000000000000000000000000000000
111111111111111111111111111111111111111111111111100000000000000000000000000000000000000000000000000000000000000000000000000000000000000000000000000000
111111111111111111111111111111111111111111111111100000000000111111000000000000000000000000000000000000000000000000000000000000000000000000000000000000
111111111111111111111111111111111111111111111111100000000000111111000000000000000000000000000000000000000000000000000000000000000000000000000000000000
111111111111111111111111111111111111111111111111111110001111111111110000000000000000000000000000000000000000000000000000000000000000000000000000000000
111111111111111111111111111111111111111111111111111110001111111111110000000000000000000000000000000000000000000000000000000000000000000000000000000000
111111111111111111111111111111111111111111111111111111111111111111110000000000000000000000000000000000000000000000000000000000000000000000000000000000
111111111111111111111111111111111111111111111111111111111111111111110000000000000000000000000000000000000000000000000000000000000000000000000000000000
111111111111111111111111111111111111111111111111011111111111111111111100000000000000000000000000000000000000000000000000000000000000000000000000000000
111111111111111111111111111111111111111111111111011111111111111111111100000000000000000000000000000000000000000000000000000000000000000000000000000000
111111111111111111111111111111111111111111111101011111111111111111111110000000000000000000000000000000000000000000000000000000000000000000000000000000
111111111111111111111111111111111111111111111101011111111111111111111110000000000000000000000000000000000000000000000000000000000000000000000000000000
111111111111111111111111111111111111111111111100011111111111111111111111100000000000000000000000000000000000000000000000000000000000000000000000000000
111111111111111111111111111111111111111111111100011111111111111111111111100000000000000000000000000000000000000000000000000000000000000000000000000000
111111111111111111111111111111111111111111111110011111111111111111111111111111111111100000000000000000000000000000000000000000000000000000000000000000
111111111111111111111111111111111111111111111110011111111111111111111111111111111111100000000000000000000000000000000000000000000000000000000000000000
111111111111111111111111111111111111111111111110011111111111111111111111110000000000010000000000000000000000000000000000000000000000000000000000000000
111111111111111111111111111111111111111111111110011111111111111111111111110000000000010000000000000000000000000000000000000000000000000000000000000000
111111111111111111111111111111111111111111111100011111111111111111111111110000000000011000000000000000000000000000000000000000000000000000000000000000
111111111111111111111111111111111111111111111100011111111111111111111111110000000000011000000000000000000000000000000000000000000000000000000000000000
111111111111111111111111111111111111111111111000011111111111111111111111111100000000110000000000000000000000000000000000000000000000000000000000000000
111111111111111111111111111111111111111111111000011111111111111111111111111100000000110000000000000000000000000000000000000000000000000000000000000000
111111111111111111111111111111111111111111111111011111111111111111111111111000000001110000000000000000000000000000000000000000000000000000000000000000
111111111111111111111111111111111111111111111111011111111111111111111111111000000001110000000000000000000000000000000000000000000000000000000000000000
111111111111111111111111111111111111111111111111011111111111111111111111111111000111100000000000000000000000000000000000000000000000000000000000000000
111111111111111111111111111111111111111111111111011111111111111111111111111111000111100000000000000000000000000000000000000000000000000000000000000000
111111111111111111111111111111111111111111111111100001111111111111111111000001111110000000000000000000000000000000000000000000000000000000000000000000
111111111111111111111111111111111111111111111111100001111111111111111111000001111110000000000000000000000000000000000000000000000000000000000000000000
111111111111111111111111111111111111111111111111100000011111111111111111100000011000000000000000000000000000000000000000000000000000000000000000000000
111111111111111111111111111111111111111111111111100000011111111111111111100000011000000000000000000000000000000000000000000000000000000000000000000000
111111111111111111111111111111111111111111111111100000001011011111111111110000000011111000000000000000000000000000000000000000000000000000000000000000
111111111111111111111111111111111111111111111111100000001011011111111111110000000011111000000000000000000000000000000000000000000000000000000000000000
111111111111111111111111111111111111111111111111100000001111111111111111111111111111111111111111111111100000000000000000000000000000000000000000000000
111111111111111111111111111111111111111111111111100000001111111111111111111111111111111111111111111111100000000000000000000000000000000000000000000000
111111111111111111111111111111111111111111111111100000011111111111111111111111111111111111111111111111111000000000000000000000000000000000000000000000
111111111111111111111111111111111111111111111111100000011111111111111111111111111111111111111111111111111000000000000000000000000000000000000000000000
111111111111111111111111111111111111111111111111100000011111111111111111111111111111111111111111111111100000000000000000000000000000000000000000000000
111111111111111111111111111111111111111111111111100000011111111111111111111111111111111111111111111111100000000000000000000000000000000000000000000000
111111111111111111111111111111111111111111111111100000001111111111111111111111111111111111111111000000000000000000000000000000000000000000000000000000
111111111111111111111111111111111111111111111111100000001111111111111111111111111111111111111111000000000000000000000000000000000000000000000000000000
111111111111111111111111111111111111111111111111100000001111111111111111111111111000000000000000000000000000000000000000000000000000000000000000000000
111111111111111111111111111111111111111111111111100000001111111111111111111111111000000000000000000000000000000000000000000000000000000000000000000000
111111111111111111111111111111111111111111111111100000000111111111111111111111111110000000000000000000000000000000000000000000000000000000000000000000
111111111111111111111111111111111111111111111111100000000111111111111111111111111110000000000000000000000000000000000000000000000000000000000000000000
111111111111111111111111111111111111111111111111100000000011111111111111111111111111100000000000000000000000000000000000000000000000000000000000000000
111111111111111111111111111111111111111111111111100000000011111111111111111111111111100000000000000000000000000000000000000000000000000000000000000000
111111111111111111111111111111111111111111111111100000000011111111111111111111111001000000000000000000000000000000000000000000000000000000000000000000
111111111111111111111111111111111111111111111111100000000011111111111111111111111001000000000000000000000000000000000000000000000000000000000000000000
111111111111111111111111111111111111111111111111100000000111111111111111111111111000000000000000000000000000000000000000000000000000000000000000000000
111111111111111111111111111111111111111111111111100000000111111111111111111111111000000000000000000000000000000000000000000000000000000000000000000000
111111111111111111111111111111111111111111111111100000001110111111111111111111111100000000000000000000000000000000000000000000000000000000000000000000
111111111111111111111111111111111111111111111111100000001110111111111111111111111100000000000000000000000000000000000000000000000000000000000000000000
111111111111111111111111111111111111111111111111100000111101111111111111111111111100000000000000000000000000000000000000000000000000000000000000000000
111111111111111111111111111111111111111111111111100000111101111111111111111111111100000000000000000000000000000000000000000000000000000000000000000000
111111111111111111111111111111111111111111111111100011111001111111111111111111111111000000000000000000000000000000000000000000000000000000000000000000
111111111111111111111111111111111111111111111111100011111001111111111111111111111111000000000000000000000000000000000000000000000000000000000000000000
111111111111111111111111111111111111111111111111101011110011111111111111111110111111110000000000000000000000000000000000000000000000000000000000000000
111111111111111111111111111111111111111111111111101011110011111111111111111110111111110000000000000000000000000000000000000000000000000000000000000000
111111111111111111111111111111111111111111111110011111100111111111111111111100011111111100000000000000000000000000000000000000000000000000000000000000
111111111111111111111111111111111111111111111110011111100111111111111111111100011111111100000000000000000000000000000000000000000000000000000000000000
111111111111111111111111111111111111111111111101100111101111111111111111111100110011111111000000000000000000000000000000000000000000000000000000000000
111111111111111111111111111111111111111111111101100111101111111111111111111100110011111111000000000000000000000000000000000000000000000000000000000000
111111111111111111111111111111111111111111111111101111111111111111111111111101000000111111100000000000000000000000000000000000000000000000000000000000
111111111111111111111111111111111111111111111111101111111111111111111111111101000000111111100000000000000000000000000000000000000000000000000000000000
111111111111111111111111111111111111111111111111111111111111111111111111111111000000011111111000000000000000000000000000000000000000000000000000000000
111111111111111111111111111111111111111111111111111111111111111111111111111111000000011111111000000000000000000000000000000000000000000000000000000000
111111111111111111111111111111111111111111111111111111111111111111111111111110000000000000111110000000000000000000000000000000000000000000000000000000
111111111111111111111111111111111111111111111111111111111111111111111111111110000000000000111110000000000000000000000000000000000000000000000000000000
111111111111111111111111111111111111111111111111100111111111111111111111111111000000000000001111000000000000000000000000000000000000000000000000000000
111111111111111111111111111111111111111111111111100111111111111111111111111111000000000000001111000000000000000000000000000000000000000000000000000000
111111111111111111111111111111111111111111111111100111111111111111111111111111100000000000000001100000000000000000000000000000000000000000000000000000
111111111111111111111111111111111111111111111111100111111111111111111111111111100000000000000001100000000000000000000000000000000000000000000000000000
111111111111111111111111111111111111111111111111101111111111111111111111111111100000000000000001110000000000000000000000000000000000000000000000000000
111111111111111111111111111111111111111111111111101111111111111111111111111111100000000000000001110000000000000000000000000000000000000000000000000000
111111111111111111111111111111111111111111111111111111111111111111111111111111110000000000000001100000000000000000000000000000000000000000000000000000
111111111111111111111111111111111111111111111111111111111111111111111111111111110000000000000001100000000000000000000000000000000000000000000000000000
111111111111111111111111111111111111111111111111111111111111111111111111111111111000000000000000000000000000000000000000000000000000000000000000000000
111111111111111111111111111111111111111111111111111111111111111111111111111111111000000000000000000000000000000000000000000000000000000000000000000000
111111111111111111111111111111111111111111111111111111111111111111111111111111111100000000000000000000000000000000000000000000000000000000000000000000
111111111111111111111111111111111111111111111111111111111111111111111111111111111100000000000000000000000000000000000000000000000000000000000000000000
111111111111111111111111111111111111111111111111111111111111111111111111111111111110000000000000000000000000000000000000000000000000000000000000000000
111111111111111111111111111111111111111111111111111111111111111111111111111111111110000000000000000000000000000000000000000000000000000000000000000000
111111111111111111111111111111111111111111111110011111111111111111111111111111111111000000000000000000000000000000000000000000000000000000000000000000
111111111111111111111111111111111111111111111110011111111111111111111111111111111111000000000000000000000000000000000000000000000000000000000000000000
111111111111111111111111111111111111111111111110011111111111111111111111111111111111100000000000000000000000000000000000000000000000000000000000000000
111111111111111111111111111111111111111111111110011111111111111111111111111111111111100000000000000000000000000000000000000000000000000000000000000000
111111111111111111111111111111111111111111111110011111111111111111111111111111111111110000000000000000000000000000000000000000000000000000000000000000
111111111111111111111111111111111111111111111110011111111111111111111111111111111111110000000000000000000000000000000000000000000000000000000000000000
111111111111111111111111111111111111111111111100011111111111111111111111111111111111110000000000000000000000000000000000000000000000000000000000000000
111111111111111111111111111111111111111111111100011111111111111111111111111111111111110000000000000000000000000000000000000000000000000000000000000000
111111111111111111111111111111111111111111111111111111111111111111111111111111111111111111111111111111111111111111111111111111111111111111111111111111
111111111111111111111111111111111111111111111111111111111111111111111111111111111111111111111111111111111111111111111111111111111111111111111111111111
