111111111111111111111111111111111111111111111111111111111111111111111111111111111111111111111111111111111111111111111111111111111111111111111111111111
111111111111111111111111111111111111111111111111111111111111111111111111111111111111111111111111111111111111111111111111111111111111111111111111111111
111111111111111111111111111111111111111111111111111111111111111111111111111111111111111111111111111111111111111111111111111111111111111111111111111111
111111111111111111111111111111111111111111111111111111111111111111111111111111111111111111111111111111111111111111111111111111111111111111111111111111
111111111111111111111111111111111111111111111111111111111111111111111111111111111111111111111111111111111111111111111111111111111111111111111111111111
111111111111111111111111111111111111111111111111111111111111111111111111111111111111111111111111111111111111111111111111111111111111111111111111111111
111111111111111111111111111111111111111111111111111111111111111111110111111111111111111111111111111111111111111111111111111111111111111111111111111111
111111111111111111111111111111111111111111111111111111111111111111110111111111111111111111111111111111111111111111111111111111111111111111111111111111
111111111111111111111111111111111111111111111111111111111111111111000000001111111111111111111111111111111111111111111111111111111111111111111111111111
111111111111111111111111111111111111111111111111111111111111111111000000001111111111111111111111111111111111111111111111111111111111111111111111111111
111111111111111111111111111111111111111111111111111111111111111110000000000000111111111111111111111111111111111111111111111111111111111111111111111111
111111111111111111111111111111111111111111111111111111111111111110000000000000111111111111111111111111111111111111111111111111111111111111111111111111
111111111111111111111111111111111111111111111111111111111111111100000000000000001111111110000001111111111111111111111111111111111111111111111111111111
111111111111111111111111111111111111111111111111111111111111111100000000000000001111111110000001111111111111111111111111111111111111111111111111111111
111111111111111111111111111111111111111111111111111111111111111100000000000000000000000000000001111111111111111111111111111111111111111111111111111111
111111111111111111111111111111111111111111111111111111111111111100000000000000000000000000000001111111111111111111111111111111111111111111111111111111
111111111111111111111111111111111111111111111111111111111111111000000000000000000000000000000011111111111111111111111111111111111111111111111111111111
111111111111111111111111111111111111111111111111111111111111111000000000000000000000000000000011111111111111111111111111111111111111111111111111111111
111111111111111111111111111111111111111111111111111111111111111000000000000000000000000000000011111111111111111111111111111111111111111111111111111111
111111111111111111111111111111111111111111111111111111111111111000000000000000000000000000000011111111111111111111111111111111111111111111111111111111
111111111111111111111111111111111111111111111111111111111111111111110000000000000000000000000111111111111111111111111111111111111111111111111111111111
111111111111111111111111111111111111111111111111111111111111111111110000000000000000000000000111111111111111111111111111111111111111111111111111111111
111111111111111111111111111111111111111111111111111111111111111111000000000000000000000000001111111111111111111111111111111111111111111111111111111111
111111111111111111111111111111111111111111111111111111111111111111000000000000000000000000001111111111111111111111111111111111111111111111111111111111
111111111111111111111111111111111111111111111111111111111111111110000000000000000000000000001111111111111111111111111111111111111111111111111111111111
111111111111111111111111111111111111111111111111111111111111111110000000000000000000000000001111111111111111111111111111111111111111111111111111111111
111111111111111111111111111111111111111111111111111111111111111100000000000000000000000000000011111111111111111111111111111111111111111111111111111111
111111111111111111111111111111111111111111111111111111111111111100000000000000000000000000000011111111111111111111111111111111111111111111111111111111
111111111111111111111111111111111111111111111111111111111111111100000000000000000000000000000011111111111111111111111111111111111111111111111111111111
111111111111111111111111111111111111111111111111111111111111111100000000000000000000000000000011111111111111111111111111111111111111111111111111111111
111111111111111111111111111111111111111111111111111111111111111000000000000000000000000000000011111111111111111111111111111111111111111111111111111111
111111111111111111111111111111111111111111111111111111111111111000000000000000000000000000000011111111111111111111111111111111111111111111111111111111
111111111111111111111111111111111111111111111111111111111111110000000000000000000000000000000111111111111111111111111111111111111111111111111111111111
111111111111111111111111111111111111111111111111111111111111110000000000000000000000000000000111111111111111111111111111111111111111111111111111111111
111111111111111111111111111111111111111111111111111111111111110000000000000000000000000000001111111111111111111111111111111111111111111111111111111111
111111111111111111111111111111111111111111111111111111111111110000000000000000000000000000001111111111111111111111111111111111111111111111111111111111
111111111111111111111111111111111110001100111111111111111111110000000000000000000000000001011111111111111111111111111111111111111111111111111111111111
111111111111111111111111111111111110001100111111111111111111110000000000000000000000000001011111111111111111111111111111111111111111111111111111111111
111111111111111111111111111111111100000000011111111111111111110000000000000000000000001111111111111111111111111111111111111111111111111111111111111111
111111111111111111111111111111111100000000011111111111111111110000000000000000000000001111111111111111111111111111111111111111111111111111111111111111
111111111111111111111111111111101100000000011111111111111111100000000000000000000000001111111111111111111111111111111111111111111111111111111111111111
111111111111111111111111111111101100000000011111111111111111100000000000000000000000001111111111111111111111111111111111111111111111111111111111111111
111111111111111111111111111111000100000000011111111111111111100000000000000000000000001111111111111111111111111111111111111111111111111111111111111111
111111111111111111111111111111000100000000011111111111111111100000000000000000000000001111111111111111111111111111111111111111111111111111111111111111
111111111111111111111111111110000100000000011111111111111111100000000000000000000001001111111111111111111111111111111111111111111111111111111111111111
111111111111111111111111111110000100000000011111111111111111100000000000000000000001001111111111111111111111111111111111111111111111111111111111111111
111111111111111111111111111110000000000000111111111111111111100000000000000000000000000001111111111111111111111111111111111111111111111111111111111111
111111111111111111111111111110000000000000111111111111111111100000000000000000000000000001111111111111111111111111111111111111111111111111111111111111
111111111111111111111111111110000000000000111111111111111110000000000000000000000000000001111111111111111111111111111111111111111111111111111111111111
111111111111111111111111111110000000000000111111111111111110000000000000000000000000000001111111111111111111111111111111111111111111111111111111111111
111111111111111111111111111111000000000000001111111111111110000000000000000000000000000000011111111111111111111111111111111111111111111111111111111111
111111111111111111111111111111000000000000001111111111111110000000000000000000000000000000011111111111111111111111111111111111111111111111111111111111
111111111111111111111111111000000000000000011111111111111110000000000000000000000000000000001111111111111111111111111111111111111111111111111111111111
111111111111111111111111111000000000000000011111111111111110000000000000000000000000000000001111111111111111111111111111111111111111111111111111111111
111111111111111111111111111100000000000000011111111111111110000000000000000000000000000000000011111111111111111111111111111111111111111111111111111111
111111111111111111111111111100000000000000011111111111111110000000000000000000000000000000000011111111111111111111111111111111111111111111111111111111
111111111111111111111111111110000000000000001111111111111110000000000000000000000000000000000001111111111111111111111111111111111111111111111111111111
111111111111111111111111111110000000000000001111111111111110000000000000000000000000000000000001111111111111111111111111111111111111111111111111111111
111111111111111111111111111111000000000000001111111111111000000000000000000000000000000000000000111111111111111111111111111111111111111111111111111111
111111111111111111111111111111000000000000001111111111111000000000000000000000000000000000000000111111111111111111111111111111111111111111111111111111
111111111111111111111111111110001000000011111111111111111000000000000000000000000000000000000000011111111111111111111111111111111111111111111111111111
111111111111111111111111111110001000000011111111111111111000000000000000000000000000000000000000011111111111111111111111111111111111111111111111111111
111111111111111111111111111111111111011111111111111111110000000000000000000000000000000000000000011111111111111111111111111111111111111111111111111111
111111111111111111111111111111111111011111111111111111110000000000000000000000000000000000000000011111111111111111111111111111111111111111111111111111
111111111111111111111111000100000000000010010011111111110000000000000000000000000000000000000000111111111111111111111111111111111111111111111111111111
111111111111111111111111000100000000000010010011111111110000000000000000000000000000000000000000111111111111111111111111111111111111111111111111111111
111111111111111111111111111000000000000000000000001111100000000000000000000000000000000000000000111111111111111111111111111111111111111111111111111111
111111111111111111111111111000000000000000000000001111100000000000000000000000000000000000000000111111111111111111111111111111111111111111111111111111
111111111111111111111111111111110000000000000000000000100000000000000000000000000000000000000000011111111111111111111111111111111111111111111111111111
111111111111111111111111111111110000000000000000000000100000000000000000000000000000000000000000011111111111111111111111111111111111111111111111111111
111111111111111111111111111111111111111000000000000000000000000000000000000000000000000000000000011111111111111111111111111001111111111111111111111111
111111111111111111111111111111111111111000000000000000000000000000000000000000000000000000000000011111111111111111111111111001111111111111111111111111
111111111111111111111111111111111111111110000000000000000000000000000000000000000000000110000000000000000000111111111111001000111111111111111111111111
111111111111111111111111111111111111111110000000000000000000000000000000000000000000000110000000000000000000111111111111001000111111111111111111111111
111111111111111111111111111111111111111111111111000000000000000000000000000000000000000000000000000000000000000000000000000001111111111111111111111111
111111111111111111111111111111111111111111111111000000000000000000000000000000000000000000000000000000000000000000000000000001111111111111111111111111
111111111111111111111111111111111111111111111111111110000000000000000000000000000000000000000000000000000000000000000000000011111111111111111111111111
111111111111111111111111111111111111111111111111111110000000000000000000000000000000000000000000000000000000000000000000000011111111111111111111111111
111111111111111111111111111111111111111111111111111111000011110000000000000000000000000111110000000000000000000000000000111111111111111111111111111111
111111111111111111111111111111111111111111111111111111000011110000000000000000000000000111110000000000000000000000000000111111111111111111111111111111
111111111111111111111111111111111111111111111111111111110111111000000000000000000000000011111011111111111000000001111111111111111111111111111111111111
111111111111111111111111111111111111111111111111111111110111111000000000000000000000000011111011111111111000000001111111111111111111111111111111111111
111111111111111111111111111111111111111111111111111111111111111000000000000000000000000011111101111111111111111111111111111111111111111111111111111111
111111111111111111111111111111111111111111111111111111111111111000000000000000000000000011111101111111111111111111111111111111111111111111111111111111
111111111111111111111111111111111111111111111111111111111111111100000000000000000000000011111110111111111111111111111111111111111111111111111111111111
111111111111111111111111111111111111111111111111111111111111111100000000000000000000000011111110111111111111111111111111111111111111111111111111111111
111111111111111111111111111111111111111111111111111111111111111100000000000000000000000011111111111111111111111111111111111111111111111111111111111111
111111111111111111111111111111111111111111111111111111111111111100000000000000000000000011111111111111111111111111111111111111111111111111111111111111
111111111111111111111111111111111111111111111111111111111111111000000000000000000000000001111111111111111111111111111111111111111111111111111111111111
111111111111111111111111111111111111111111111111111111111111111000000000000000000000000001111111111111111111111111111111111111111111111111111111111111
111111111111111111111111111111111111111111111111111111111111110000000000000000000000000001111111111111111111111111111111111111111111111111111111111111
111111111111111111111111111111111111111111111111111111111111110000000000000000000000000001111111111111111111111111111111111111111111111111111111111111
111111111111111111111111111111111111111111111111111111111111110000000000000000000000000000111111111111111111111111111111111111111111111111111111111111
111111111111111111111111111111111111111111111111111111111111110000000000000000000000000000111111111111111111111111111111111111111111111111111111111111
111111111111111111111111111111111111111111111111111111111111100000000000000000000000000000011111111111111111111111111111111111111111111111111111111111
111111111111111111111111111111111111111111111111111111111111100000000000000000000000000000011111111111111111111111111111111111111111111111111111111111
111111111111111111111111111111111111111111111111111111111111000000000000000000000000000000001111111111111111111111111111111111111111111111111111111111
111111111111111111111111111111111111111111111111111111111111000000000000000000000000000000001111111111111111111111111111111111111111111111111111111111
111111111111111111111111111111111111111111111111111111111111000000000000000000000000000000000111111111111111111111111111111111111111111111111111111111
111111111111111111111111111111111111111111111111111111111111000000000000000000000000000000000111111111111111111111111111111111111111111111111111111111
111111111111111111111111111111111111111111111111111111111110000000000000000000000000000000000011111111111111111111111111111111111111111111111111111111
111111111111111111111111111111111111111111111111111111111110000000000000000000000000000000000011111111111111111111111111111111111111111111111111111111
111111111111111111111111111111111111111111111111111111111110000000000000000000000000000000000011111111111111111111111111111111111111111111111111111111
111111111111111111111111111111111111111111111111111111111110000000000000000000000000000000000011111111111111111111111111111111111111111111111111111111
111111111111111111111111111111111111111111111111111111111100000000000000000000000000000000000001111111111111111111111111111111111111111111111111111111
111111111111111111111111111111111111111111111111111111111100000000000000000000000000000000000001111111111111111111111111111111111111111111111111111111
111111111111111111111111111111111111111111111111111111111000000000000000000000000000000000000001111111111111111111111111111111111111111111111111111111
111111111111111111111111111111111111111111111111111111111000000000000000000000000000000000000001111111111111111111111111111111111111111111111111111111
111111111111111111111111111111111111111111111111111111111000000000000000000000000000000000000000111111111111111111111111111111111111111111111111111111
111111111111111111111111111111111111111111111111111111111000000000000000000000000000000000000000111111111111111111111111111111111111111111111111111111
111111111111111111111111111111111111111111111111111111110000000000000000000000000000000000000000011111111111111111111111111111111111111111111111111111
111111111111111111111111111111111111111111111111111111110000000000000000000000000000000000000000011111111111111111111111111111111111111111111111111111
111111111111111111111111111111111111111111111111111111110000000000000000000000000000000000000000001111111111111111111111111111111111111111111111111111
111111111111111111111111111111111111111111111111111111110000000000000000000000000000000000000000001111111111111111111111111111111111111111111111111111
111111111111111111111111111111111111111111111111111111111111111111111111111111111111111111111111111111111111111111111111111111111111111111111111111111
111111111111111111111111111111111111111111111111111111111111111111111111111111111111111111111111111111111111111111111111111111111111111111111111111111
