111111111111111111111111111111111111111111111111111111111111111111111111111111111111111111111111111111111111111111111111111111111111111111111111111111
111111111111111111111111111111111111111111111111111111111111111111111111111111111111111111111111111111111111111111111111111111111111111111111111111111
111111111111111111111111111111111111111111111111111111111111111111111111111111111111111111111111111111111111111111111111111111111111111111111111111111
111111111111111111111111111111111111111111111111111111111111111111111111111111111111111111111111111111111111111111111111111111111111111111111111111111
111111111111111111111111111111111111111111111111111111111111111111111111111111111111111111111111111111111111111111111111111111111111111111111111111111
111111111111111111111111111111111111111111111111111111111111111111111111111111111111111111111111111111111111111111111111111111111111111111111111111111
111111111111111111111111111111111111111111111111111111111111111110011111111111111111111111111111111111111111111111111111111111111111111111111111111111
111111111111111111111111111111111111111111111111111111111111111110011111111111111111111111111111111111111111111111111111111111111111111111111111111111
111111111111111111111111111111111111111111111111111111111111111100000000111111111111111111111111111111111111111111111111111111111111111111111111111111
111111111111111111111111111111111111111111111111111111111111111100000000111111111111111111111111111111111111111111111111111111111111111111111111111111
111111111111111111111111111111111111111111111111111111111111111000000000000111111111111111111111111111111111111111111111111111111111111111111111111111
111111111111111111111111111111111111111111111111111111111111111000000000000111111111111111111111111111111111111111111111111111111111111111111111111111
111111111111111111111111111111111111111111111111111111111111110000000000000000111111111000000001111111111111111111111111111111111111111111111111111111
111111111111111111111111111111111111111111111111111111111111110000000000000000111111111000000001111111111111111111111111111111111111111111111111111111
111111111111111111111111111111111111111111111111111111111111100000000000000000000000000000000001111111111111111111111111111111111111111111111111111111
111111111111111111111111111111111111111111111111111111111111100000000000000000000000000000000001111111111111111111111111111111111111111111111111111111
111111111111111111111111111111111111111111111111111111111111100000000000000000000000000000000011111111111111111111111111111111111111111111111111111111
111111111111111111111111111111111111111111111111111111111111100000000000000000000000000000000011111111111111111111111111111111111111111111111111111111
111111111111111111111111111111111111111111111111111111111111100000000000000000000000000000000011111111111111111111111111111111111111111111111111111111
111111111111111111111111111111111111111111111111111111111111100000000000000000000000000000000011111111111111111111111111111111111111111111111111111111
111111111111111111111111111111111111111111111111111111111111111111100000000000000000000000000111111111111111111111111111111111111111111111111111111111
111111111111111111111111111111111111111111111111111111111111111111100000000000000000000000000111111111111111111111111111111111111111111111111111111111
111111111111111111111111111111111111111111111111111111111111111110000000000000000000000000000111111111111111111111111111111111111111111111111111111111
111111111111111111111111111111111111111111111111111111111111111110000000000000000000000000000111111111111111111111111111111111111111111111111111111111
111111111111111111111111111111111111111111111111111111111111111110000000000000000000000000001111111111111111111111111111111111111111111111111111111111
111111111111111111111111111111111111111111111111111111111111111110000000000000000000000000001111111111111111111111111111111111111111111111111111111111
111111111111111111111111111111111111111111111111111111111111111100000000000000000000000000000111111111111111111111111111111111111111111111111111111111
111111111111111111111111111111111111111111111111111111111111111100000000000000000000000000000111111111111111111111111111111111111111111111111111111111
111111111111111111111111111111111111111111111111111111111111111000000000000000000000000000000111111111111111111111111111111111111111111111111111111111
111111111111111111111111111111111111111111111111111111111111111000000000000000000000000000000111111111111111111111111111111111111111111111111111111111
111111111111111111111111111111111111111111111111111111111111110000000000000000000000000000000111111111111111111111111111111111111111111111111111111111
111111111111111111111111111111111111111111111111111111111111110000000000000000000000000000000111111111111111111111111111111111111111111111111111111111
111111111111111111111111111111111111111111111111111111111111110000000000000000000000000000001111111111111111111111111111111111111111111111111111111111
111111111111111111111111111111111111111111111111111111111111110000000000000000000000000000001111111111111111111111111111111111111111111111111111111111
111111111111111111111111111111011111101111111111111111111111110000000000000000000000000000011111111111111111111111111111111111111111111111111111111111
111111111111111111111111111111011111101111111111111111111111110000000000000000000000000000011111111111111111111111111111111111111111111111111111111111
111111111111111111111111111111001100001111111111111111111111100000000000000000000000000000111111111111111111111111111111111111111111111111111111111111
111111111111111111111111111111001100001111111111111111111111100000000000000000000000000000111111111111111111111111111111111111111111111111111111111111
111111111111111111111111111111000000000111111111111111111111100000000000000000000000000111111111111111111111111111111111111111111111111111111111111111
111111111111111111111111111111000000000111111111111111111111100000000000000000000000000111111111111111111111111111111111111111111111111111111111111111
111111111111111111111111111110000000000111111111111111111111100000000000000000000000000111111111111111111111111111111111111111111111111111111111111111
111111111111111111111111111110000000000111111111111111111111100000000000000000000000000111111111111111111111111111111111111111111111111111111111111111
111111111111111111111111111110000000000111111111111111111111100000000000000000000000000111111111111111111111111111111111111111111111111111111111111111
111111111111111111111111111110000000000111111111111111111111100000000000000000000000000111111111111111111111111111111111111111111111111111111111111111
111111111111111111111111110010000000000011111111111111111111000000000000000000000000000111111111111111111111111111111111111111111111111111111111111111
111111111111111111111111110010000000000011111111111111111111000000000000000000000000000111111111111111111111111111111111111111111111111111111111111111
111111111111111111111111110000000000000011111111111111111111000000000000000000000000000011111111111111111111111111111111111111111111111111111111111111
111111111111111111111111110000000000000011111111111111111111000000000000000000000000000011111111111111111111111111111111111111111111111111111111111111
111111111111111111111111111000000000000011111111111111111000000000000000000000000000000010111111111111111111111111111111111111111111111111111111111111
111111111111111111111111111000000000000011111111111111111000000000000000000000000000000010111111111111111111111111111111111111111111111111111111111111
111111111111111111111111111100000000000011111111111111111000000000000000000000000000000000111111111111111111111111111111111111111111111111111111111111
111111111111111111111111111100000000000011111111111111111000000000000000000000000000000000111111111111111111111111111111111111111111111111111111111111
111111111111111111111111111100000000000011111111111111111000000000000000000000000000000000011111111111111111111111111111111111111111111111111111111111
111111111111111111111111111100000000000011111111111111111000000000000000000000000000000000011111111111111111111111111111111111111111111111111111111111
111111111111111111111111111110000000000011111111111111111000000000000000000000000000000000001111111111111111111111111111111111111111111111111111111111
111111111111111111111111111110000000000011111111111111111000000000000000000000000000000000001111111111111111111111111111111111111111111111111111111111
111111111111111111111111111111000000000011111111111111110000000000000000000000000000000000000011111111111111111111111111111111111111111111111111111111
111111111111111111111111111111000000000011111111111111110000000000000000000000000000000000000011111111111111111111111111111111111111111111111111111111
111111111111111111111111111111000000000011111111111111100000000000000000000000000000000000000001111111111111111111111101001111111111111111111111111111
111111111111111111111111111111000000000011111111111111100000000000000000000000000000000000000001111111111111111111111101001111111111111111111111111111
111111111111111111111111111111111001111111111111111110000000000000000000000000000000000000000000111111111111111111111000000111111111111111111111111111
111111111111111111111111111111111001111111111111111110000000000000000000000000000000000000000000111111111111111111111000000111111111111111111111111111
111111111111111111111110000000000000001000001111111110000000000000000000000000000000000000000000111111111111111110110000000001111111111111111111111111
111111111111111111111110000000000000001000001111111110000000000000000000000000000000000000000000111111111111111110110000000001111111111111111111111111
111111111111111111111111100000000000000000000001111101000000000000000000000000000000000000000001111111111111111110000000000000011111111111111111111111
111111111111111111111111100000000000000000000001111101000000000000000000000000000000000000000001111111111111111110000000000000011111111111111111111111
111111111111111111111111111111111000000000000000001110000000000000000000000000000000000000000000111111111111111111000000000000111111111111111111111111
111111111111111111111111111111111000000000000000001110000000000000000000000000000000000000000000111111111111111111000000000000111111111111111111111111
111111111111111111111111111111111111100000000000000000000000000000000000000000000000000000000000111111111111111111110000000000111111111111111111111111
111111111111111111111111111111111111100000000000000000000000000000000000000000000000000000000000111111111111111111110000000000111111111111111111111111
111111111111111111111111111111111111111000000000000000000000000000000000000000000000000100000000111111111111111111111000000001111111111111111111111111
111111111111111111111111111111111111111000000000000000000000000000000000000000000000000100000000111111111111111111111000000001111111111111111111111111
111111111111111111111111111111111111111111110000000000000000000000000000000000000000000110000000000000011111111111111100000111111111111111111111111111
111111111111111111111111111111111111111111110000000000000000000000000000000000000000000110000000000000011111111111111100000111111111111111111111111111
111111111111111111111111111111111111111111111111100000000000000000000000000000000000000110000000000000000000000001100000000011111111111111111111111111
111111111111111111111111111111111111111111111111100000000000000000000000000000000000000110000000000000000000000001100000000011111111111111111111111111
111111111111111111111111111111111111111111111111111100000000000000000000000000000000000111000000000000000000000000000000011011111111111111111111111111
111111111111111111111111111111111111111111111111111100000000000000000000000000000000000111000000000000000000000000000000011011111111111111111111111111
111111111111111111111111111111111111111111111111111111110000000000000000000000000000001111110000000000000000000000000000000000000111111111111111111111
111111111111111111111111111111111111111111111111111111110000000000000000000000000000001111110000000000000000000000000000000000000111111111111111111111
111111111111111111111111111111111111111111111111111111110000000000000000000000000000000111111111111111100000000010000000000011111111111111111111111111
111111111111111111111111111111111111111111111111111111110000000000000000000000000000000111111111111111100000000010000000000011111111111111111111111111
111111111111111111111111111111111111111111111111111111110011000000000000000000000000000011111111111111111111111111111111111111111111111111111111111111
111111111111111111111111111111111111111111111111111111110011000000000000000000000000000011111111111111111111111111111111111111111111111111111111111111
111111111111111111111111111111111111111111111111111111111111000000000000000000000000000011111111111111111111111111111111111111111111111111111111111111
111111111111111111111111111111111111111111111111111111111111000000000000000000000000000011111111111111111111111111111111111111111111111111111111111111
111111111111111111111111111111111111111111111111111111111111010000000000000000000000000011111111111111111111111111111111111111111111111111111111111111
111111111111111111111111111111111111111111111111111111111111010000000000000000000000000011111111111111111111111111111111111111111111111111111111111111
111111111111111111111111111111111111111111111111111111111111011000000000000000000000000011111111111111111111111111111111111111111111111111111111111111
111111111111111111111111111111111111111111111111111111111111011000000000000000000000000011111111111111111111111111111111111111111111111111111111111111
111111111111111111111111111111111111111111111111111111111111110000000000000000000000000001111111111111111111111111111111111111111111111111111111111111
111111111111111111111111111111111111111111111111111111111111110000000000000000000000000001111111111111111111111111111111111111111111111111111111111111
111111111111111111111111111111111111111111111111111111111111100000000000000000000000000000111111111111111111111111111111111111111111111111111111111111
111111111111111111111111111111111111111111111111111111111111100000000000000000000000000000111111111111111111111111111111111111111111111111111111111111
111111111111111111111111111111111111111111111111111111111111100000000000000000000000000000011111111111111111111111111111111111111111111111111111111111
111111111111111111111111111111111111111111111111111111111111100000000000000000000000000000011111111111111111111111111111111111111111111111111111111111
111111111111111111111111111111111111111111111111111111111111000000000000000000000000000000011111111111111111111111111111111111111111111111111111111111
111111111111111111111111111111111111111111111111111111111111000000000000000000000000000000011111111111111111111111111111111111111111111111111111111111
111111111111111111111111111111111111111111111111111111111110000000000000000000000000000000001111111111111111111111111111111111111111111111111111111111
111111111111111111111111111111111111111111111111111111111110000000000000000000000000000000001111111111111111111111111111111111111111111111111111111111
111111111111111111111111111111111111111111111111111111111110000000000000000000000000000000000111111111111111111111111111111111111111111111111111111111
111111111111111111111111111111111111111111111111111111111110000000000000000000000000000000000111111111111111111111111111111111111111111111111111111111
111111111111111111111111111111111111111111111111111111111100000000000000000000000000000000000011111111111111111111111111111111111111111111111111111111
111111111111111111111111111111111111111111111111111111111100000000000000000000000000000000000011111111111111111111111111111111111111111111111111111111
111111111111111111111111111111111111111111111111111111111000000000000000000000000000000000000011111111111111111111111111111111111111111111111111111111
111111111111111111111111111111111111111111111111111111111000000000000000000000000000000000000011111111111111111111111111111111111111111111111111111111
111111111111111111111111111111111111111111111111111111111000000000000000000000000000000000000001111111111111111111111111111111111111111111111111111111
111111111111111111111111111111111111111111111111111111111000000000000000000000000000000000000001111111111111111111111111111111111111111111111111111111
111111111111111111111111111111111111111111111111111111110000000000000000000000000000000000000000111111111111111111111111111111111111111111111111111111
111111111111111111111111111111111111111111111111111111110000000000000000000000000000000000000000111111111111111111111111111111111111111111111111111111
111111111111111111111111111111111111111111111111111111110000000000000000000000000000000000000000111111111111111111111111111111111111111111111111111111
111111111111111111111111111111111111111111111111111111110000000000000000000000000000000000000000111111111111111111111111111111111111111111111111111111
111111111111111111111111111111111111111111111111111111100000000000000000000000000000000000000000011111111111111111111111111111111111111111111111111111
111111111111111111111111111111111111111111111111111111100000000000000000000000000000000000000000011111111111111111111111111111111111111111111111111111
111111111111111111111111111111111111111111111111111111111111111111111111111111111111111111111111111111111111111111111111111111111111111111111111111111
111111111111111111111111111111111111111111111111111111111111111111111111111111111111111111111111111111111111111111111111111111111111111111111111111111
