111111111111111111111111111111111111111111111111111111111111111111100000000000000000000000000000000000000000000000000000000000000000000000000000000000
111111111111111111111111111111111111111111111111111111111111111111100000000000000000000000000000000000000000000000000000000000000000000000000000000000
111111111111111111111111111111111111111111111111111111111111111111100000000000000000000000000000000000000000000000000000000000000000000000000000000000
111111111111111111111111111111111111111111111111111111111111111111100000000000000000000000000000000000000000000000000000000000000000000000000000000000
111111111111111111111111111111111111111111111111111111111111111111100000000000000000000000000000000000000000000000000000000000000000000000000000000000
111111111111111111111111111111111111111111111111111111111111111111100000000000000000000000000000000000000000000000000000000000000000000000000000000000
111111111111111111111111111111111111111111111111111111111111111111100000000000000000000000000000000000000000000000000000000000000000000000000000000000
111111111111111111111111111111111111111111111111111111111111111111100000000000000000000000000000000000000000000000000000000000000000000000000000000000
100111111111111111111111111111111111111111111111111111111111111111110000000000000000000000000000000000000000000000000000000000000000000000000000000000
100111111111111111111111111111111111111111111111111111111111111111110000000000000000000000000000000000000000000000000000000000000000000000000000000000
111000101111110111111111111111111111111111111111111111111111111111110000000000000000000000000000000000000000000000000000000000000000000000000000000000
111000101111110111111111111111111111111111111111111111111111111111110000000000000000000000000000000000000000000000000000000000000000000000000000000000
111111000010000001111111111111111111111111111111111111111111111111100000000000000000000000000000000000000000000000000000000000000000000000000000000000
111111000010000001111111111111111111111111111111111111111111111111100000000000000000000000000000000000000000000000000000000000000000000000000000000000
111111110000000010000000001111111111111111111111111111111111111111000000000000000000000000000000000000000000000000000000000000000000000000000000000000
111111110000000010000000001111111111111111111111111111111111111111000000000000000000000000000000000000000000000000000000000000000000000000000000000000
111111110000000000000000000111111111111111111111111111111111111100000000000000000000000000000000000000000000000000000000000000000000000000000000000000
111111110000000000000000000111111111111111111111111111111111111100000000000000000000000000000000000000000000000000000000000000000000000000000000000000
111111000000000000000000000111111111111111111111111111111111110000000000000000000000000000000000000000000000000000000000000000000000000000000000000000
111111000000000000000000000111111111111111111111111111111111110000000000000000000000000000000000000000000000000000000000000000000000000000000000000000
111111100000000000000000000001111111111111111111111111111111100000000000000000000000000000000000000000000000000000000000000000000000000000000000000000
111111100000000000000000000001111111111111111111111111111111100000000000000000000000000000000000000000000000000000000000000000000000000000000000000000
111111111110000000000000000001111111111111111111111111111111000000000000000000000000000000000000000000000000000000000000000000000000000000000000000000
111111111110000000000000000001111111111111111111111111111111000000000000000000000000000000000000000000000000000000000000000000000000000000000000000000
111111111110000000000000000000111111111111111111111111111111000000000000000000000000000000000000000000000000000000000000000000000000000000000000000000
111111111110000000000000000000111111111111111111111111111111000000000000000000000000000000000000000000000000000000000000000000000000000000000000000000
111111111110000000000000000001111111111111111111111111111110000000000000000000000000000000000000000000000000000000000000000000000000000000000000000000
111111111110000000000000000001111111111111111111111111111110000000000000000000000000000000000000000000000000000000000000000000000000000000000000000000
111111111111000000000000000001111111111111111111111111111000000000000000000000000000000000000000000000000000000000000000000000000000000000000000000000
111111111111000000000000000001111111111111111111111111111000000000000000000000000000000000000000000000000000000000000000000000000000000000000000000000
111111111111000000000000000000011111111111111111111111111000000000000000000000000000000000000000000000000000000000000000000000000000000000000000000000
111111111111000000000000000000011111111111111111111111111000000000000000000000000000000000000000000000000000000000000000000000000000000000000000000000
111111111111000000000000000000000011111111111111111111111000000000000000000000000000000000000000000000000000000000000000000000000000000000000000000000
111111111111000000000000000000000011111111111111111111111000000000000000000000000000000000000000000000000000000000000000000000000000000000000000000000
111111111111000000000000000000000001111111111111111111111000000000000000000000000000000000000000000000000000000000000000000000000000000000000000000000
111111111111000000000000000000000001111111111111111111111000000000000000000000000000000000000000000000000000000000000000000000000000000000000000000000
111111111110000000000000000000000000001111111111111111110000000000000000000000000000000000000000000000000000000000000000000000000000000000000000000000
111111111110000000000000000000000000001111111111111111110000000000000000000000000000000000000000000000000000000000000000000000000000000000000000000000
111111111100000000000000000000000000000011111111111111110000000000000000000000000000000000000000000000000000000000000000000000000000000000000000000000
111111111100000000000000000000000000000011111111111111110000000000000000000000000000000000000000000000000000000000000000000000000000000000000000000000
111111111100000000000000000000000000000000111111111111110000000000000000000000000000000000000000000000000000000000000000000000000000000000000000000000
111111111100000000000000000000000000000000111111111111110000000000000000000000000000000000000000000000000000000000000000000000000000000000000000000000
111111111000000000000000000000000000000000111111111111110000000000000000000000000000000000000000000000000000000000000000000000000000000000000000000000
111111111000000000000000000000000000000000111111111111110000000000000000000000000000000000000000000000000000000000000000000000000000000000000000000000
111111110000000000000000000000000000000001111111111111111000000000000000000000000000000000000000000000000000000000000000000000000000000000000000000000
111111110000000000000000000000000000000001111111111111111000000000000000000000000000000000000000000000000000000000000000000000000000000000000000000000
111111100000000000000000000000000000000001111111111111111000000000000000000000000000000000000000000000000000000000000000000000000000000000000000000000
111111100000000000000000000000000000000001111111111111111000000000000000000000000000000000000000000000000000000000000000000000000000000000000000000000
111110000000000000000000100000000000000001111111111111110000000000000000000000000000000000000000000000000000000000000000000000000000000000000000000000
111110000000000000000000100000000000000001111111111111110000000000000000000000000000000000000000000000000000000000000000000000000000000000000000000000
111100000000000000000001000001000000000001111111111111110000000000000000000000000000000000000000000000000000000000000000000000000000000000000000000000
111100000000000000000001000001000000000001111111111111110000000000000000000000000000000000000000000000000000000000000000000000000000000000000000000000
111000000000000000000001000001000000000000111111111111000000000000000000000000000000000000000000000000000000000000000000000000000000000000000000000000
111000000000000000000001000001000000000000111111111111000000000000000000000000000000000000000000000000000000000000000000000000000000000000000000000000
110000000000000000000000000001000000000000111111111111000000000000000000000000000000000000000000000000000000000000000000000000000000000000000000000000
110000000000000000000000000001000000000000111111111111000000000000000000000000000000000000000000000000000000000000000000000000000000000000000000000000
100000000000000000000010100000000000000000111111111111000000000000000000000000000000000000000000000000000000000000000000000000000000000000000000000000
100000000000000000000010100000000000000000111111111111000000000000000000000000000000000000000000000000000000000000000000000000000000000000000000000000
000000000000000000000111000000000000000000111111110000000000000000000000000000000000000000000000000000000000000000000000000000000000000000000000000000
000000000000000000000111000000000000000000111111110000000000000000000000000000000000000000000000000000000000000000000000000000000000000000000000000000
001100000000000000001111000000000000000000011111100000000000000000000000000000000000000000000000000000000000000000000000000000000000000000000000000000
001100000000000000001111000000000000000000011111100000000000000000000000000000000000000000000000000000000000000000000000000000000000000000000000000000
111101111100000000001111000000000000000000011111100000000000000000000000000000000000000000000000000000000000000000000000000000000000000000000000000000
111101111100000000001111000000000000000000011111100000000000000000000000000000000000000000000000000000000000000000000000000000000000000000000000000000
111111111111000000000111000000000000000000001111100000000000000000000000000000000000000000000000000000000000000000000000000000000000000000000000000000
111111111111000000000111000000000000000000001111100000000000000000000000000000000000000000000000000000000000000000000000000000000000000000000000000000
111111111111000000000110000000000000000000001111100000000000000000000000000000000000000000000000000000000000000000000000000000000000000000000000000000
111111111111000000000110000000000000000000001111100000000000000000000000000000000000000000000000000000000000000000000000000000000000000000000000000000
111111111110000011011100000000000000000000000111100000000000000000000000000000000000000000000000000000000000000000000000000000000000000000000000000000
111111111110000011011100000000000000000000000111100000000000000000000000000000000000000000000000000000000000000000000000000000000000000000000000000000
111111111110001111111000000000000000000000000011111110000000000000000000000000000000000000000000000000000000000000000000000000000000000000000000000000
111111111110001111111000000000000000000000000011111110000000000000000000000000000000000000000000000000000000000000000000000000000000000000000000000000
111111111110011111110000000000000000000000000011111111000000000000000000000000000000000000000000000000000000000000000000000000000000000000000000000000
111111111110011111110000000000000000000000000011111111000000000000000000000000000000000000000000000000000000000000000000000000000000000000000000000000
111111111111111111100000000000000000000000000001111111111000000000000000000000000000000000000000000000000000000000000000000000000000000000000000000000
111111111111111111100000000000000000000000000001111111111000000000000000000000000000000000000000000000000000000000000000000000000000000000000000000000
111111111111111111000000000000000000000000000001111111111110000000000000000000000000000000000000000000000000000000000000000000000000000000000000000000
111111111111111111000000000000000000000000000001111111111110000000000000000000000000000000000000000000000000000000000000000000000000000000000000000000
111111111111111100000000000000000000000000000000111111111111000000000000000000000000000000000000000000000000000000000000000000000000000000000000000000
111111111111111100000000000000000000000000000000111111111111000000000000000000000000000000000000000000000000000000000000000000000000000000000000000000
111111111111111000000000000000000000000000000000111111111111100000000000000000000000000000000000000000000000000000000000000000000000000000000000000000
111111111111111000000000000000000000000000000000111111111111100000000000000000000000000000000000000000000000000000000000000000000000000000000000000000
111111111111110000000000000000000000000000000000011111111111100000000000000000000000000000000000000000000000000000000000000000000000000000000000000000
111111111111110000000000000000000000000000000000011111111111100000000000000000000000000000000000000000000000000000000000000000000000000000000000000000
111111111111100000000000000000000000000000000000001111111111110000000000000000000000000000000000000000000000000000000000000000000000000000000000000000
111111111111100000000000000000000000000000000000001111111111110000000000000000000000000000000000000000000000000000000000000000000000000000000000000000
111111111110000000000000000000000000000000000000000111111111110000000000000000000000000000000000000000000000000000000000000000000000000000000000000000
111111111110000000000000000000000000000000000000000111111111110000000000000000000000000000000000000000000000000000000000000000000000000000000000000000
111111111100000000000000000000000000000000000000000111111111110000000000000000000000000000000000000000000000000000000000000000000000000000000000000000
111111111100000000000000000000000000000000000000000111111111110000000000000000000000000000000000000000000000000000000000000000000000000000000000000000
111111110000000000000000000000000000000000000000000111111111111000000000000000000000000000000000000000000000000000000000000000000000000000000000000000
111111110000000000000000000000000000000000000000000111111111111000000000000000000000000000000000000000000000000000000000000000000000000000000000000000
111111110000000000000000000000000000000000000000000011111111111000000000000000000000000000000000000000000000000000000000000000000000000000000000000000
111111110000000000000000000000000000000000000000000011111111111000000000000000000000000000000000000000000000000000000000000000000000000000000000000000
111111100000000000000000000000000000000000000000000011111111111000000000000000000000000000000000000000000000000000000000000000000000000000000000000000
111111100000000000000000000000000000000000000000000011111111111000000000000000000000000000000000000000000000000000000000000000000000000000000000000000
111111000000000000000000000000000000000000000000000011111111111100000000000000000000000000000000000000000000000000000000000000000000000000000000000000
111111000000000000000000000000000000000000000000000011111111111100000000000000000000000000000000000000000000000000000000000000000000000000000000000000
111111000000000000000000000000000000000000000000000011111111111110000000000000000000000000000000000000000000000000000000000000000000000000000000000000
111111000000000000000000000000000000000000000000000011111111111110000000000000000000000000000000000000000000000000000000000000000000000000000000000000
111111111111111100000000000000000000000000000000000011111111111111000000000000000000000000000000000000000000000000000000000000000000000000000000000000
111111111111111100000000000000000000000000000000000011111111111111000000000000000000000000000000000000000000000000000000000000000000000000000000000000
111111111111111110000000000000000000000000000000111111111111111111110000000000000000000000000000000000000000000000000000000000000000000000000000000000
111111111111111110000000000000000000000000000000111111111111111111110000000000000000000000000000000000000000000000000000000000000000000000000000000000
111111111111111111111111100000000000000110000001111111111111111111111000000000000000000000000000000000000000000000000000000000000000000000000000000000
111111111111111111111111100000000000000110000001111111111111111111111000000000000000000000000000000000000000000000000000000000000000000000000000000000
111111111111111111111111100000110000011111111111111111111111111111111110000000000000000000000000000000000000000000000000000000000000000000000000000000
111111111111111111111111100000110000011111111111111111111111111111111110000000000000000000000000000000000000000000000000000000000000000000000000000000
111111111111111111111111000001111000011111111111111111111111111111111111100000000000000000000000000000000000000000000000000000000000000000000000000000
111111111111111111111111000001111000011111111111111111111111111111111111100000000000000000000000000000000000000000000000000000000000000000000000000000
111111111111111111111111000001111000011111111111111111111111111111111111111000000000000000000000000000000000000000000000000000000000000000000000000000
111111111111111111111111000001111000011111111111111111111111111111111111111000000000000000000000000000000000000000000000000000000000000000000000000000
111111111111111111111110000011111000011111111111111111111111111111111111111110000000000000000000000000000000000000000000000000000000000000000000000000
111111111111111111111110000011111000011111111111111111111111111111111111111110000000000000000000000000000000000000000000000000000000000000000000000000
111111111111111111111111111111111111111111111111111111111111111111111111111111111111111111111111111111111111111111111111111111111111111111111111111111
111111111111111111111111111111111111111111111111111111111111111111111111111111111111111111111111111111111111111111111111111111111111111111111111111111
