111111111111111111111111111111111111111111111111111111100000000000000000000000000000000000000000000000000000000000000000000000000000000000000000000000
111111111111111111111111111111111111111111111111111111100000000000000000000000000000000000000000000000000000000000000000000000000000000000000000000000
111111111111111111111111111111111111111111111111111111100000000000000000000000000000000000000000000000000000000000000000000000000000000000000000000000
111111111111111111111111111111111111111111111111111111100000000000000000000000000000000000000000000000000000000000000000000000000000000000000000000000
111111111111111111111111111111111111111111111111111111100000000000000000000000000000000000000000000000000000000000000000000000000000000000000000000000
111111111111111111111111111111111111111111111111111111100000000000000000000000000000000000000000000000000000000000000000000000000000000000000000000000
111111111111111111111111111111111111111111111111111111110000000000000000000000000000000000000000000000000000000000000000000000000000000000000000000000
111111111111111111111111111111111111111111111111111111110000000000000000000000000000000000000000000000000000000000000000000000000000000000000000000000
111111111111111111111111111111111111111111111111111111110000000000000000000000000000000000000000000000000000000000000000000000000000000000000000000000
111111111111111111111111111111111111111111111111111111110000000000000000000000000000000000000000000000000000000000000000000000000000000000000000000000
111111111111111111111111111111111111111111111111111111110000000000000000000000000000000000000000000000000000000000000000000000000000000000000000000000
111111111111111111111111111111111111111111111111111111110000000000000000000000000000000000000000000000000000000000000000000000000000000000000000000000
111111111111111111111111111111111111111111111111111111110000000000000000000000000000000000000000000000000000000000000000000000000000000000000000000000
111111111111111111111111111111111111111111111111111111110000000000000000000000000000000000000000000000000000000000000000000000000000000000000000000000
111100001111110000111111111111111111111111111111111111110000000000000000000000000000000000000000000000000000000000000000000000000000000000000000000000
111100001111110000111111111111111111111111111111111111110000000000000000000000000000000000000000000000000000000000000000000000000000000000000000000000
111111110000000000111111111111111111111111111111111111110000000000000000000000000000000000000000000000000000000000000000000000000000000000000000000000
111111110000000000111111111111111111111111111111111111110000000000000000000000000000000000000000000000000000000000000000000000000000000000000000000000
111111111100000000000000000111111111111111111111111111110000000000000000000000000000000000000000000000000000000000000000000000000000000000000000000000
111111111100000000000000000111111111111111111111111111110000000000000000000000000000000000000000000000000000000000000000000000000000000000000000000000
111111111000000000000000000011111111111111111111111111110000000000000000000000000000000000000000000000000000000000000000000000000000000000000000000000
111111111000000000000000000011111111111111111111111111110000000000000000000000000000000000000000000000000000000000000000000000000000000000000000000000
111111110000000000000000000001111111111111111111111111110000000000000000000000000000000000000000000000000000000000000000000000000000000000000000000000
111111110000000000000000000001111111111111111111111111110000000000000000000000000000000000000000000000000000000000000000000000000000000000000000000000
111111111111100000000000000000111111111111111111111111111000000000000000000000000000000000000000000000000000000000000000000000000000000000000000000000
111111111111100000000000000000111111111111111111111111111000000000000000000000000000000000000000000000000000000000000000000000000000000000000000000000
111111111111000000000000000000111111111111111111111111111000000000000000000000000000000000000000000000000000000000000000000000000000000000000000000000
111111111111000000000000000000111111111111111111111111111000000000000000000000000000000000000000000000000000000000000000000000000000000000000000000000
111111111111000000000000000000011111111111111111111111111000000000000000000000000000000000000000000000000000000000000000000000000000000000000000000000
111111111111000000000000000000011111111111111111111111111000000000000000000000000000000000000000000000000000000000000000000000000000000000000000000000
111111111111000000000000000000111111111111111111111111111000000000000000000000000000000000000000000000000000000000000000000000000000000000000000000000
111111111111000000000000000000111111111111111111111111111000000000000000000000000000000000000000000000000000000000000000000000000000000000000000000000
111111111111100000000000000000111111111111111111111111111000000000000000000000000000000000000000000000000000000000000000000000000000000000000000000000
111111111111100000000000000000111111111111111111111111111000000000000000000000000000000000000000000000000000000000000000000000000000000000000000000000
111111111111100000000000000000011111111111111111111111111000000000000000000000000000000000000000000000000000000000000000000000000000000000000000000000
111111111111100000000000000000011111111111111111111111111000000000000000000000000000000000000000000000000000000000000000000000000000000000000000000000
111111111111100000000000000000000011111111111111111111111000000000000000000000000000000000000000000000000000000000000000000000000000000000000000000000
111111111111100000000000000000000011111111111111111111111000000000000000000000000000000000000000000000000000000000000000000000000000000000000000000000
111111111111100000000000000000000000111111111111111111111000000000000000000000000000000000000000000000000000000000000000000000000000000000000000000000
111111111111100000000000000000000000111111111111111111111000000000000000000000000000000000000000000000000000000000000000000000000000000000000000000000
111111111111100000000000000000000000011111111111111111111000000000000000000000000000000000000000000000000000000000000000000000000000000000000000000000
111111111111100000000000000000000000011111111111111111111000000000000000000000000000000000000000000000000000000000000000000000000000000000000000000000
111111111111000000000000000000000000000111111111111111111000000000000000000000000000000000000000000000000000000000000000000000000000000000000000000000
111111111111000000000000000000000000000111111111111111111000000000000000000000000000000000000000000000000000000000000000000000000000000000000000000000
111111111100000000000000000000000000000000111111111111111100000000000000000000000000000000000000000000000000000000000000000000000000000000000000000000
111111111100000000000000000000000000000000111111111111111100000000000000000000000000000000000000000000000000000000000000000000000000000000000000000000
111111111000000000000000000000000000000000111111111111111110000000000000000000000000000000000000000000000000000000000000000000000000000000000000000000
111111111000000000000000000000000000000000111111111111111110000000000000000000000000000000000000000000000000000000000000000000000000000000000000000000
111111110000000000000000000000000000000001111111111111111111000000000000000000000000000000000000000000000000000000000000000000000000000000000000000000
111111110000000000000000000000000000000001111111111111111111000000000000000000000000000000000000000000000000000000000000000000000000000000000000000000
111111100000000000000000000000000000000001111111111111111111100000000000000000000000000000000000000000000000000000000000000000000000000000000000000000
111111100000000000000000000000000000000001111111111111111111100000000000000000000000000000000000000000000000000000000000000000000000000000000000000000
111111000000000000000000000000000000000001111111111111111111111000000000000000000000000000000000000000000000000000000000000000000000000000000000000001
111111000000000000000000000000000000000001111111111111111111111000000000000000000000000000000000000000000000000000000000000000000000000000000000000001
111111000000000000000000000000000000000001111111111111111111111111000000000000000000000000000000000000000000000000000000000000000000000000000000000011
111111000000000000000000000000000000000001111111111111111111111111000000000000000000000000000000000000000000000000000000000000000000000000000000000011
111110000000000000000000000000000000000001111111111111111111111111111111100000000000000000000000000000000000000000000000000000000000000000000000000111
111110000000000000000000000000000000000001111111111111111111111111111111100000000000000000000000000000000000000000000000000000000000000000000000000111
111110000000000000000000000000000000000001111111111111111111111111111111111000000000000000000000000000000000000000000000000000000000000000000000000111
111110000000000000000000000000000000000001111111111111111111111111111111111000000000000000000000000000000000000000000000000000000000000000000000000111
111110000000000000000010000000000000000001111111111111111111111111111111111111100000000000000000000000000000000000000000000000000000000000000000000111
111110000000000000000010000000000000000001111111111111111111111111111111111111100000000000000000000000000000000000000000000000000000000000000000000111
111110000000000000000110110000000000000000111111111111111111111111111111111111110000000000000000000000000000000000000000000000000000000000000000000011
111110000000000000000110110000000000000000111111111111111111111111111111111111110000000000000000000000000000000000000000000000000000000000000000000011
111110000000000000000111100000000000000000111111111111111111111111111111111111111100000000000000000000000000000000000000000000000000000000000000000001
111110000000000000000111100000000000000000111111111111111111111111111111111111111100000000000000000000000000000000000000000000000000000000000000000001
111110000000000000001111100000000000000000011111111111111111111111111111111111111111000000000000000000000000000000000000000000000000000000000000000000
111110000000000000001111100000000000000000011111111111111111111111111111111111111111000000000000000000000000000000000000000000000000000000000000000000
111110000000100000011111000000000000000000011111111111111111111111111111111111111111100000000000000000000000000000000000000000000000000000000000000000
111110000000100000011111000000000000000000011111111111111111111111111111111111111111100000000000000000000000000000000000000000000000000000000000000000
111110000001111000000110000000000000000000001111111111111111111111111111111111111111110000000000000000000000000000000000000000000000000000000000000000
111110000001111000000110000000000000000000001111111111111111111111111111111111111111110000000000000000000000000000000000000000000000000000000000000000
111111111111110000000100000000000000000000000111111111111111111111111111111111111111111000000000000000000000000000000000000000000000000000000000000000
111111111111110000000100000000000000000000000111111111111111111111111111111111111111111000000000000000000000000000000000000000000000000000000000000000
111111111111110001111000000000000000000000000011111111111111111111111111111111111111111000000000000000000000000000000000000000000000000000000000000000
111111111111110001111000000000000000000000000011111111111111111111111111111111111111111000000000000000000000000000000000000000000000000000000000000000
111111111111110001110000000000000000000000000011111111111111111111111111111111111111111100000000000000000000000000000000000000000000000000000000000000
111111111111110001110000000000000000000000000011111111111111111111111111111111111111111100000000000000000000000000000000000000000000000000000000000000
111111111111111001100000000000000000000000000001111111111111111111111111111111111111111110000000000000000000000000000000000000000000000000000000000000
111111111111111001100000000000000000000000000001111111111111111111111111111111111111111110000000000000000000000000000000000000000000000000000000000000
111111111111111001000000000000000000000000000000111111111111111111111111111111111111111110000000000000000000000000000000000000000000000000000000000000
111111111111111001000000000000000000000000000000111111111111111111111111111111111111111110000000000000000000000000000000000000000000000000000000000000
111111111111111110000000000000000000000000000000111111111111111111111111111111111111111111000000000000000000000000000000000000000000000000000000000000
111111111111111110000000000000000000000000000000111111111111111111111111111111111111111111000000000000000000000000000000000000000000000000000000000000
111111111111111100000000000000000000000000000000011111111111111111111111111111111111111111000000000000000000000000000000000000000000000000000000000000
111111111111111100000000000000000000000000000000011111111111111111111111111111111111111111000000000000000000000000000000000000000000000000000000000000
111111111111111000000000000000000000000000000000001111111111111111111111111111111111111111100000000000000000000000000000000000000000000000000000000000
111111111111111000000000000000000000000000000000001111111111111111111111111111111111111111100000000000000000000000000000000000000000000000000000000000
111111111111110000000000000000000000000000000000000111111111111111111111111111111111111111100000000000000000000000000000000000000000000000000000000000
111111111111110000000000000000000000000000000000000111111111111111111111111111111111111111100000000000000000000000000000000000000000000000000000000000
111111111111100000000000000000000000000000000000000111111111111111111111111111111111111111110000000000000000000000000000000000000000000000000000000000
111111111111100000000000000000000000000000000000000111111111111111111111111111111111111111110000000000000000000000000000000000000000000000000000000000
111111111111000000000000000000000000000000000000000011111111111111111111111111111111111111110000000000000000000000000000000000000000000000000000000000
111111111111000000000000000000000000000000000000000011111111111111111111111111111111111111110000000000000000000000000000000000000000000000000000000000
111111111100000000000000000000000000000000000000000011111111111111111111111111111111111111110000000000000000000000000000000000000000000000000000000000
111111111100000000000000000000000000000000000000000011111111111111111111111111111111111111110000000000000000000000000000000000000000000000000000000000
111111111100000000000000000000000000000000000000000011111111111111111111111111111111111111110000000000000000000000000000000000000000000000000000000000
111111111100000000000000000000000000000000000000000011111111111111111111111111111111111111110000000000000000000000000000000000000000000000000000000000
111111111000000000000000000000000000000000000000000011111111111111111111111111111111110001110000000000000000000000000000000000000000000000000000000000
111111111000000000000000000000000000000000000000000011111111111111111111111111111111110001110000000000000000000000000000000000000000000000000000000000
111111111000000000000000000000000000000000000000000011111111111111111111111111111111000000000000000000000000000000000000000000000000000000000000000000
111111111000000000000000000000000000000000000000000011111111111111111111111111111111000000000000000000000000000000000000000000000000000000000000000000
111111110000000000000000000000000000000000000000000001111111111111111111111111111110000000000000000000000000000000000000000000000000000000000000000000
111111110000000000000000000000000000000000000000000001111111111111111111111111111110000000000000000000000000000000000000000000000000000000000000000000
111111110010000000000000000000000000000000000000000011111111111111111111111111111000000000000000000000000000000000000000000000000000000000000000000001
111111110010000000000000000000000000000000000000000011111111111111111111111111111000000000000000000000000000000000000000000000000000000000000000000001
111111111111111110000000000000000000000000000000111111111111111111111111111111110000000000000000000000000000000000000000000000000000000000000000000111
111111111111111110000000000000000000000000000000111111111111111111111111111111110000000000000000000000000000000000000000000000000000000000000000000111
111111111111111111000000000000000000000011100001111111111111111111111111111111100000000000000000000000000000000000000000000000001111100001110000000111
111111111111111111000000000000000000000011100001111111111111111111111111111111100000000000000000000000000000000000000000000000001111100001110000000111
111111111111111111111111100000001000001111111111111111111111111111111111111111000000000000000000000000000000000000000000100000011111111111111100000000
111111111111111111111111100000001000001111111111111111111111111111111111111111000000000000000000000000000000000000000000100000011111111111111100000000
111111111111111111111111100000111000001111111111111111111111111111111111111110000000000000000000000000000000000000000000110000011111111111111111110000
111111111111111111111111100000111000001111111111111111111111111111111111111110000000000000000000000000000000000000000000110000011111111111111111110000
111111111111111111111111111111111111111111111111111111111111111111111111111111111111111111111111111111111111111111111111111111111111111111111111111111
111111111111111111111111111111111111111111111111111111111111111111111111111111111111111111111111111111111111111111111111111111111111111111111111111111
