000000000000000000000000000000000000000000000000000000000000000000000000000000000000000000000000000000000000000000000000000000000000000000000000000000
000000000000000000000000000000000000000000000000000000000000000000000000000000000000000000000000000000000000000000000000000000000000000000000000000000
000000000000000000000000000000000000000000000000000000000000000000000000000000000000000000000000000000000000000000000000000000000000000000000000000000
000000000000000000000000000000000000000000000000000000000000000000000000000000000000000000000000000000000000000000000000000000000000000000000000000000
000000000000000000000000000000000000000000000000000000000000000000000000000000000000000000000000000000000000000000000000000000000000000000000000000000
000000000000000000000000000000000000000000000000000000000000000000000000000000000000000000000000000000000000000000000000000000000000000000000000000000
000000000000000000000000000000000000000000000000000000000000000000000000000000000000000000000000000000000000000000000000000000000000000000000000000000
000000000000000000000000000000000000000000000000000000000000000000000000000000000000000000000000000000000000000000000000000000000000000000000000000000
000000000000000000000000000000000000000000000000000000000000000000000000000000000000000001111110000000000000000000000000000000000000000000000000000000
000000000000000000000000000000000000000000000000000000000000000000000000000000000000000001111110000000000000000000000000000000000000000000000000000000
000000000000000000000000000000000000000000000000000000000000000000000000000000000000000111111111110000000000000000000000000000000000000000000000000000
000000000000000000000000000000000000000000000000000000000000000000000000000000000000000111111111110000000000000000000000000000000000000000000000000000
000000000000000000000000000000000000000000000000000000000000000000000000000000000000001111111111111100000000000000000000000000000000000000000000000000
000000000000000000000000000000000000000000000000000000000000000000000000000000000000001111111111111100000000000000000000000000000000000000000000000000
000000000000000000000000000000000000000000000000000000000000000000000000000000000000001111111111111111111111111110000000000000000000000000000000000000
000000000000000000000000000000000000000000000000000000000000000000000000000000000000001111111111111111111111111110000000000000000000000000000000000000
000000000000000000000000000000000000000000000000000000000000000000000000000000000000000111111111111111111111111111100000000000000000000000000000000000
000000000000000000000000000000000000000000000000000000000000000000000000000000000000000111111111111111111111111111100000000000000000000000000000000000
000000000000000000000000000000000000000000000000000000000000000000000000000000000000000011111111111111111111111111111000000000000000000000000000000000
000000000000000000000000000000000000000000000000000000000000000000000000000000000000000011111111111111111111111111111000000000000000000000000000000000
000000000000000000000000000000000000000000000000000000000000000000000000000000000000001111111111111111111111111111111100000000000000000000000000000000
000000000000000000000000000000000000000000000000000000000000000000000000000000000000001111111111111111111111111111111100000000000000000000000000000000
000000000000000000000000000000000000000000000000000000000000000000000000000000000011111111111111111111111111111111111110000000000000000000000000000000
000000000000000000000000000000000000000000000000000000000000000000000000000000000011111111111111111111111111111111111110000000000000000000000000000000
000000000000000000000000000000000000000000000000000000000000000000000000000000001111111111111111111111111111111111111110000000000000000000000000000000
000000000000000000000000000000000000000000000000000000000000000000000000000000001111111111111111111111111111111111111110000000000000000000000000000000
000000000000000000000000000000000000000000000000000000000000000000000000000000111111111111111111111111111111111111111111000000000000000000000000000000
000000000000000000000000000000000000000000000000000000000000000000000000000000111111111111111111111111111111111111111111000000000000000000000000000000
000000000000000000000000000000000000000000000000000000000000000000000000000001111111111111111111111111111111111111111111000000000000000000000000000000
000000000000000000000000000000000000000000000000000000000000000000000000000001111111111111111111111111111111111111111111000000000000000000000000000000
000000000000000000000000000000000000000000000000000000000000000000000000000011111111111111111111111111111111111111111111100000000000000000000000000000
000000000000000000000000000000000000000000000000000000000000000000000000000011111111111111111111111111111111111111111111100000000000000000000000000000
000000000000000000000000000000000000000000000000000000000000000000000000000111111111111111111111111111111111111111111111110000000000000000000000000000
000000000000000000000000000000000000000000000000000000000000000000000000000111111111111111111111111111111111111111111111110000000000000000000000000000
000000000000000000000000000000000000000000000000000000000000000000000000000111111111111111111111111111111111111111111111111000000000000000000000000000
000000000000000000000000000000000000000000000000000000000000000000000000000111111111111111111111111111111111111111111111111000000000000000000000000000
000000000000000000000000000000000000000000000000000000000000000000000000000111111111111111111111111111111111111111111111111100000000000000000000000000
000000000000000000000000000000000000000000000000000000000000000000000000000111111111111111111111111111111111111111111111111100000000000000000000000000
000000000000000000000000000000000000000000000000000000000000000000000000001111111111111111111111111111111111111111111111111100000000000000000000000000
000000000000000000000000000000000000000000000000000000000000000000000000001111111111111111111111111111111111111111111111111100000000000000000000000000
000000000000000000000000000000000000000000000000000000000000000000000000010111111111111111111111111111111111111111111111111100000000000000000000000000
000000000000000000000000000000000000000000000000000000000000000000000000010111111111111111111111111111111111111111111111111100000000000000000000000000
000000000000000000000000000000000000000000000000000000000000000000000000000111111111111111111111111111111111111111111111111110000000000000000000000000
000000000000000000000000000000000000000000000000000000000000000000000000000111111111111111111111111111111111111111111111111110000000000000000000000000
000000000000000000000000000000000000000000000000000000000000000000000000000001111111111111111111111111111111111111111111111110000000000000000000000000
000000000000000000000000000000000000000000000000000000000000000000000000000001111111111111111111111111111111111111111111111110000000000000000000000000
000000000000000000000000000000000000000000000000000000000000000000000000000000111111111111111111111111111111111111111111111110000000000000000000000000
000000000000000000000000000000000000000000000000000000000000000000000000000000111111111111111111111111111111111111111111111110000000000000000000000000
000000000000000000000000000000000000000000000000000000000000000000000000000000000001111111111111111111111111111111111111111110000000000000000000000000
000000000000000000000000000000000000000000000000000000000000000000000000000000000001111111111111111111111111111111111111111110000000000000000000000000
000000000000000000000000000000000000000000000000000000000000000000000000000000000001111111111111111111111111111111111111111110000000000000000000000000
000000000000000000000000000000000000000000000000000000000000000000000000000000000001111111111111111111111111111111111111111110000000000000000000000000
000000000000000000000000000000000000000000000000000000000000000000000000000000000011111111111111111111111111111111111111111111000000000000000000000000
000000000000000000000000000000000000000000000000000000000000000000000000000000000011111111111111111111111111111111111111111111000000000000000000000000
000000000000000000000000000000000000000000000000000000000000000000000000000000000001111111111111111111111111111111111111111111000000000000000000000000
000000000000000000000000000000000000000000000000000000000000000000000000000000000001111111111111111111111111111111111111111111000000000000000000000000
000000000000000000000000000000000000000000000000000000000000000000000000000000000000011111111111111111111111111111111111111111000000000000000000000000
000000000000000000000000000000000000000000000000000000000000000000000000000000000000011111111111111111111111111111111111111111000000000000000000000000
000000000000000000000000000000000000000000000000000000000000000000000000000000000000000111111111111111111111111111111111111111000000000000000000000000
000000000000000000000000000000000000000000000000000000000000000000000000000000000000000111111111111111111111111111111111111111000000000000000000000000
000000000000000000000000000000000000000000000000000000000000000000000000000000000000000011111110111111111111111111111111111111000000000000000000000000
000000000000000000000000000000000000000000000000000000000000000000000000000000000000000011111110111111111111111111111111111111000000000000000000000000
000000000000000000000000000000000000000000000000000000000000000000000000000000000000000011111100011111111111111111111111111111000000000000000000000000
000000000000000000000000000000000000000000000000000000000000000000000000000000000000000011111100011111111111111111111111111111000000000000000000000000
000000000000000000000000000000000000000000000000000000000000000000000000000000000000000111111101111111111111111111111111111111000000000000000000000000
000000000000000000000000000000000000000000000000000000000000000000000000000000000000000111111101111111111111111111111111111111000000000000000000000000
000000000000000000000000000000000000000000000000000000000000000000000000000000000000000011111111111111111111111111111111111110000000000000000000000000
000000000000000000000000000000000000000000000000000000000000000000000000000000000000000011111111111111111111111111111111111110000000000000000000000000
000000000000000000000000000000000000000000000000000000000000000000000000000000000000000001111111111111111111111111111111111110000000000000000000000000
000000000000000000000000000000000000000000000000000000000000000000000000000000000000000001111111111111111111111111111111111110000000000000000000000000
000000000000000000000000000000000000000000000000100000000000000000000000000000000000000001111111111111111111111111111101011110000000000000000000000000
000000000000000000000000000000000000000000000000100000000000000000000000000000000000000001111111111111111111111111111101011110000000000000000000000000
000000000000000000000000000000000000000000000011111111111000000000000000000000000000000001111111111111111111111111111100001010000000000000000000000000
000000000000000000000000000000000000000000000011111111111000000000000000000000000000000001111111111111111111111111111100001010000000000000000000000000
000000000000000000000000000000000000000000111111111111111100000000000000000000000000000001111111111111111111111111111000001001000000000000000000000000
000000000000000000000000000000000000000000111111111111111100000000000000000000000000000001111111111111111111111111111000001001000000000000000000000000
000000000000000000000000000000000000000001111111111111111100000000000000000000000000000011111111111111111111111111111000000000000000000000000000000000
000000000000000000000000000000000000000001111111111111111100000000000000000000000000000011111111111111111111111111111000000000000000000000000000000000
000000000000000000000000000000000000000001111111111111111110000000000000000000000011111111111111111111111111111111111110000000000000000000000000000000
000000000000000000000000000000000000000001111111111111111110000000000000000000000011111111111111111111111111111111111110000000000000000000000000000000
000000000000000000000000000000000000000001111111111111111110000000000000000000000011111111111111111111111111111111111110000000000000000000000000000000
000000000000000000000000000000000000000001111111111111111110000000000000000000000011111111111111111111111111111111111110000000000000000000000000000000
000000000000000000000000000000000000000000111111111111111111000000000000000000000011111111111111111111111111111111111110000000000000000000000000000000
000000000000000000000000000000000000000000111111111111111111000000000000000000000011111111111111111111111111111111111110000000000000000000000000000000
000000000000000000000000000000000000000000111111111111111111111110000000000000000111111111111111111111111111111111111110000000000000000000000000000000
000000000000000000000000000000000000000000111111111111111111111110000000000000000111111111111111111111111111111111111110000000000000000000000000000000
000000000000000000000000000000000000000000011111111111111111111111111111000000011111111111111111111111111111111111111110000000000000000000000000000000
000000000000000000000000000000000000000000011111111111111111111111111111000000011111111111111111111111111111111111111110000000000000000000000000000000
000000000000000000000000000000000000000000001111111111111111111111111111111111111111111111111111111111111111111111111111000000000000000000000000000000
000000000000000000000000000000000000000000001111111111111111111111111111111111111111111111111111111111111111111111111111000000000000000000000000000000
000000000000000000000000000000000000000000000001111111111111111111111111111111111111111111111111111111111111111111111111000000000000000000000000000000
000000000000000000000000000000000000000000000001111111111111111111111111111111111111111111111111111111111111111111111111000000000000000000000000000000
000000000000000000000000000000000000000000000000000000111111111111111111111111111111111111111111111111111111111111111111100000000000000000000000000000
000000000000000000000000000000000000000000000000000000111111111111111111111111111111111111111111111111111111111111111111100000000000000000000000000000
000000000000000000000000000000000000000000000000000001111111111111111111111111111111111111111111111111111111111111111111100000000000000000000000000000
000000000000000000000000000000000000000000000000000001111111111111111111111111111111111111111111111111111111111111111111100000000000000000000000000000
000000000000000000000000000000000000000000000000000001111111111111111111111111111111111111111111111111111111111111111111100001111000000000000000000000
000000000000000000000000000000000000000000000000000001111111111111111111111111111111111111111111111111111111111111111111100001111000000000000000000000
000000000000000000000000000000000000000000000000000011111111111111111111111111111111111111111111111111111111111111111111111111110000000000000000000000
000000000000000000000000000000000000000000000000000011111111111111111111111111111111111111111111111111111111111111111111111111110000000000000000000000
000000000000000000000000000000000000000000000000000011111111111111111111111111111111111111111111111111111111111111111111110000000000000000000000000000
000000000000000000000000000000000000000000000000000011111111111111111111111111111111111111111111111111111111111111111111110000000000000000000000000000
000000000000000000000000000000000000000000000000000011111111111111111111111111111111111111111111111111111111111111111111110000000000000000000000000000
000000000000000000000000000000000000000000000000000011111111111111111111111111111111111111111111111111111111111111111111110000000000000000000000000000
000000000000000000000000000000000000000000000000000111111111111111111111111111111111111111111111111111111111111111111111111000000000000000000000000000
000000000000000000000000000000000000000000000000000111111111111111111111111111111111111111111111111111111111111111111111111000000000000000000000000000
000000000000000000000000000000000000000000000000000111111111111111111111111111111111101111111111111111111111111111111111111000000000000000000000000000
000000000000000000000000000000000000000000000000000111111111111111111111111111111111101111111111111111111111111111111111111000000000000000000000000000
000000000000000000000000000000000000000000000000001111111111111111111111111111111111101111111111111111111111111111111111111100000000000000000000000000
000000000000000000000000000000000000000000000000001111111111111111111111111111111111101111111111111111111111111111111111111100000000000000000000000000
000000000000000000000000000000000000000000000000011111111111111111111111111111111111101111111111111111111111111111111111111110000000000000000000000000
000000000000000000000000000000000000000000000000011111111111111111111111111111111111101111111111111111111111111111111111111110000000000000000000000000
000000000000000000000000000000000000000000000000011111111111111111111111111111111111011111111111111111111111111111111111111111000000000000000000000000
000000000000000000000000000000000000000000000000011111111111111111111111111111111111011111111111111111111111111111111111111111000000000000000000000000
111111111111111111111111111111111111111111111111111111111111111111111111111111111111111111111111111111111111111111111111111111111111111111111111111111
111111111111111111111111111111111111111111111111111111111111111111111111111111111111111111111111111111111111111111111111111111111111111111111111111111
