111111111111111111111111111111111111111111111111111111111111111111111111111111111111111111111111111111111111111111111111111111111111111111111111111111
111111111111111111111111111111111111111111111111111111111111111111111111111111111111111111111111111111111111111111111111111111111111111111111111111111
111111111111111111111111111111111111111111111111111111111111111111111111111111111111111111111111111111111111111111111111111111111111111111111111111111
111111111111111111111111111111111111111111111111111111111111111111111111111111111111111111111111111111111111111111111111111111111111111111111111111111
111111111111111111111111111111111111111111111111111111111111111111111111111111111111111111111111111111111111111111111111111111111111111111111111111111
111111111111111111111111111111111111111111111111111111111111111111111111111111111111111111111111111111111111111111111111111111111111111111111111111111
111111111111111111111111111111111111111111111111111111111111111111111111111111111111111111111111111111111111111111111111111111111111111111111111111111
111111111111111111111111111111111111111111111111111111111111111111111111111111111111111111111111111111111111111111111111111111111111111111111111111111
111111111111111111111111111111111111111111111111111111111111111111111100000011111111111111111111111111111111111111111111111111111111111111111111111111
111111111111111111111111111111111111111111111111111111111111111111111100000011111111111111111111111111111111111111111111111111111111111111111111111111
111111111111111111111111111111111111111111111111111111111111111111100001111111111110111111111111111111111111111111111111111111111111111111111111111111
111111111111111111111111111111111111111111111111111111111111111111100001111111111110111111111111111111111111111111111111111111111111111111111111111111
111111111111111111111111111111111111111111111111111111111111111111000111111111111101001111111111111111111111111111111111111111111111111111111111111111
111111111111111111111111111111111111111111111111111111111111111111000111111111111101001111111111111111111111111111111111111111111111111111111111111111
111111111111111111111111111111111111111111111111111111111111111100000000000111111110000111111111111111111111111111111111111111111111111111111111111111
111111111111111111111111111111111111111111111111111111111111111100000000000111111110000111111111111111111111111111111111111111111111111111111111111111
111111111111111111111111111111111111111111111111111100001111110000000111111111111111000001111111111111111111111111111111111111111111111111111111111111
111111111111111111111111111111111111111111111111111100001111110000000111111111111111000001111111111111111111111111111111111111111111111111111111111111
111111111111111111111111111111111111111111111111111111000000000000111111111111111100000000111111111111111111111111111111111111111111111111111111111111
111111111111111111111111111111111111111111111111111111000000000000111111111111111100000000111111111111111111111111111111111111111111111111111111111111
111111111111111111111111111111111111111111111111111111100000000000011111111111111100000000011111111111111111111111111111111111111111111111111111111111
111111111111111111111111111111111111111111111111111111100000000000011111111111111100000000011111111111111111111111111111111111111111111111111111111111
111111111111111111111111111111111111111111111111111111100000000000001111111111111111000000001111111111111111111111111111111111111111111111111111111111
111111111111111111111111111111111111111111111111111111100000000000001111111111111111000000001111111111111111111111111111111111111111111111111111111111
111111111111111111111111111111111111111111111000000000000000000000000011111111111111111000000000000000000011111111111111111111111111111111111111111111
111111111111111111111111111111111111111111111000000000000000000000000011111111111111111000000000000000000011111111111111111111111111111111111111111111
111111111111111111111111111111111111111111100000000000000000000000011000111111111111111110000000000000000000011111111111111111111111111111111111111111
111111111111111111111111111111111111111111100000000000000000000000011000111111111111111110000000000000000000011111111111111111111111111111111111111111
111111111111111111111111111111111111111110000000000000000000000001111111111111111111111000000000000000000000000111111111111111111111111111111111111111
111111111111111111111111111111111111111110000000000000000000000001111111111111111111111000000000000000000000000111111111111111111111111111111111111111
111111111111111111111111111111111111111000000000000000000000000000111111111111111111100000000000000000000000000001111111111111111111111111111111111111
111111111111111111111111111111111111111000000000000000000000000000111111111111111111100000000000000000000000000001111111111111111111111111111111111111
111111111111111111111111111111111111110000000000000000000000000000001111111111111110000000000000000000000000000000111111111111111111111111111111111111
111111111111111111111111111111111111110000000000000000000000000000001111111111111110000000000000000000000000000000111111111111111111111111111111111111
111111111111111111111111111111111111000000000000000000000000000000000111111111111110000000000000000000000000000000011111111111111111111111111111111111
111111111111111111111111111111111111000000000000000000000000000000000111111111111110000000000000000000000000000000011111111111111111111111111111111111
111111111111111111111111111111111110000000000000000000000000000000000111111111111100000000000000000000000000000000001111111111111111111111111111111111
111111111111111111111111111111111110000000000000000000000000000000000111111111111100000000000000000000000000000000001111111111111111111111111111111111
111111111111111111111111111111111110000000000000000000000000000000000011111111111100000000000000000000000000000000000111111111111111111111111111111111
111111111111111111111111111111111110000000000000000000000000000000000011111111111100000000000000000000000000000000000111111111111111111111111111111111
111111111111111111111111111111111100000000000000000000000000000000000011111111111100000000000000000000000000000000000011111111111111111111111111111111
111111111111111111111111111111111100000000000000000000000000000000000011111111111100000000000000000000000000000000000011111111111111111111111111111111
111111111111111111111111111111111000000000000000000000000000000000000011111111111100000000000000000000000000000000000001111111111111111111111111111111
111111111111111111111111111111111000000000000000000000000000000000000011111111111100000000000000000000000000000000000001111111111111111111111111111111
111111111111111111111111111111100000000000000000000000000000000000001111111111111111000000000000000000000000000000000000011111111111111111111111111111
111111111111111111111111111111100000000000000000000000000000000000001111111111111111000000000000000000000000000000000000011111111111111111111111111111
111111111111111111111111111110000000000000000000000000000000010001111111111111111111110101000000000000000000000000000000000011111111111111111111111111
111111111111111111111111111110000000000000000000000000000000010001111111111111111111110101000000000000000000000000000000000011111111111111111111111111
111111111111111111111111110000000000000000000000000000000000011111111111111111111111111111000000000000000000000000000000000000000111111111111111111111
111111111111111111111111110000000000000000000000000000000000011111111111111111111111111111000000000000000000000000000000000000000111111111111111111111
111111111111111111111110000000000000000000000000000000000000011111111111111111111111111111000000000000000000000000000000000000000000000111111111111111
111111111111111111111110000000000000000000000000000000000000011111111111111111111111111111000000000000000000000000000000000000000000000111111111111111
111111111111111111100000000000000000000000000000000010000000011111111111111111111111111111000001001000000000000000000000000000000000000000000111111111
111111111111111111100000000000000000000000000000000010000000011111111111111111111111111111000001001000000000000000000000000000000000000000000111111111
111111111111111100000000000000000000000000000000000000110000011111111111111111111111111111000001100000000000000000000000000000000000000000000000111111
111111111111111100000000000000000000000000000000000000110000011111111111111111111111111111000001100000000000000000000000000000000000000000000000111111
111111111111000000000000000000000000000000000000000000000000111111111111111111111111111111000000000000000000000000000000000000000000000000000000000001
111111111111000000000000000000000000000000000000000000000000111111111111111111111111111111000000000000000000000000000000000000000000000000000000000001
111111111100000000000000000000000000000000000000000000000000111111111111111111111111111111000000000000000000000000000000000000000000000000000000000000
111111111100000000000000000000000000000000000000000000000000111111111111111111111111111111000000000000000000000000000000000000000000000000000000000000
111111100000000000000000000000000000000000000000000000000000111111111110000000011111111111000000000000000000000000000000000000000000000000000000000000
111111100000000000000000000000000000000000000000000000000000111111111110000000011111111111000000000000000000000000000000000000000000000000000000000000
111100000000000000000000000000000000000000000000000000000000111111111111000000111111111111000000000000000000000000000000000000000000000000000000000000
111100000000000000000000000000000000000000000000000000000000111111111111000000111111111111000000000000000000000000000000000000000000000000000000000000
110000000000000000000000000000000000000000000000000000000000111111111111000000011111111111100000000000000000000000000000000000000000000000000000000000
110000000000000000000000000000000000000000000000000000000000111111111111000000011111111111100000000000000000000000000000000000000000000000000000000000
100000000000000000000000000000000000000000000000000000000000011111111111000000011111111111100000000000000000000000000000000000000000000000000000000000
100000000000000000000000000000000000000000000000000000000000011111111111000000011111111111100000000000000000000000000000000000000000000000000000000000
000000000000000000000000000000000000000000000000000000000001001111111100000000000011111111000000000000000000000000000000000000000000000000000000000000
000000000000000000000000000000000000000000000000000000000001001111111100000000000011111111000000000000000000000000000000000000000000000000000000000000
000000000000000000000000000000000000000000000000000000000000111111110000000000000000111110110000000000000000000000000000000000000000000001110000000000
000000000000000000000000000000000000000000000000000000000000111111110000000000000000111110110000000000000000000000000000000000000000000001110000000000
000000000000000000000000000000000000000000000000000000000000111100000000000000000000000011100000000000000000000000000000000000000000000000000111111111
000000000000000000000000000000000000000000000000000000000000111100000000000000000000000011100000000000000000000000000000000000000000000000000111111111
000000000000000000000000000000000000000000000000000000000000000000000000000000000000000000000000000000000000000000000000000000000000000000000001101111
000000000000000000000000000000000000000000000000000000000000000000000000000000000000000000000000000000000000000000000000000000000000000000000001101111
000000000000000000000000000000000000000000000000000000000000000000000110000000000110000000000000000000000000000000000000000000000000000000000000111111
000000000000000000000000000000000000000000000000000000000000000000000110000000000110000000000000000000000000000000000000000000000000000000000000111111
110000111000000000000000000000110000000000000000000000000000000001111110000000000111111000000000000000000000000000001000111000000000000000000000000111
110000111000000000000000000000110000000000000000000000000000000001111110000000000111111000000000000000000000000000001000111000000000000000000000000111
111111110000000000000000000011110000000000000000000000000000001111111100000000000111111111000000000000000000000000001101111111000011000000000000000011
111111110000000000000000000011110000000000000000000000000000001111111100000000000111111111000000000000000000000000001101111111000011000000000000000011
111111000000000000001000011111111110000000000000000000000111111100000000000110000000000111110000000000000000000000001111111111111100011100000000000011
111111000000000000001000011111111110000000000000000000000111111100000000000110000000000111110000000000000000000000001111111111111100011100000000000011
111101100000000001110011111111111100000000000000000000000100000000000000001111000000000000000100000000000000000000001111111111111111100111100000000111
111101100000000001110011111111111100000000000000000000000100000000000000001111000000000000000100000000000000000000001111111111111111100111100000000111
111111000000001111011111111111110000000000000000000000000000000000000000011111000000000000000000000000000000000000001111111111111111111110111110110001
111111000000001111011111111111110000000000000000000000000000000000000000011111000000000000000000000000000000000000001111111111111111111110111110110001
111110000010111101111111111111111110000000000000000000000000000000000011111111111100000000000000000000000000000000000000111111111111111111111111111111
111110000010111101111111111111111110000000000000000000000000000000000011111111111100000000000000000000000000000000000000111111111111111111111111111111
111100111111111111111111111111111100000000000000000000000000000011111111111111111111111000000000000000000000000000000111111111111111111111111111111111
111100111111111111111111111111111100000000000000000000000000000011111111111111111111111000000000000000000000000000000111111111111111111111111111111111
111111111111111111111111111111111000000000000000000000000000111111111111111111111111111111110000000000000000000000000001111111111111111111111111111111
111111111111111111111111111111111000000000000000000000000000111111111111111111111111111111110000000000000000000000000001111111111111111111111111111111
111111111111111111111111111111100000000000000000000001111111111111111111111111111111111111111111111000000000000000000000001111111111111111111111111111
111111111111111111111111111111100000000000000000000001111111111111111111111111111111111111111111111000000000000000000000001111111111111111111111111111
111111111111111111111111111110000000000000000000000001111111111111111111111111111111111111111111111000000000000000000000000000000111111111111111111111
111111111111111111111111111110000000000000000000000001111111111111111111111111111111111111111111111000000000000000000000000000000111111111111111111111
111111111111111111111111111100000000000000000000000001111111111111111111111111111111111111111111111000000000000000000000000000000000011111111111111111
111111111111111111111111111100000000000000000000000001111111111111111111111111111111111111111111111000000000000000000000000000000000011111111111111111
111111111111111111111111111000000000000000000000000001111111111111111111111111111111111111111111110000000000000000000000000000000000000011111111111111
111111111111111111111111111000000000000000000000000001111111111111111111111111111111111111111111110000000000000000000000000000000000000011111111111111
111111111111111111111111110000000000000000000000000001111111111111111111111111111111111111111111110000000000000000000000000000000000000000111111111111
111111111111111111111111110000000000000000000000000001111111111111111111111111111111111111111111110000000000000000000000000000000000000000111111111111
111111111111111111111111100000000000000000000000000000111111111111111111111111111111111111111111110000000000000000000000000000000000000000001111111111
111111111111111111111111100000000000000000000000000000111111111111111111111111111111111111111111110000000000000000000000000000000000000000001111111111
111111111111111111111110000000000000000000000000000000011111111111111111111111111111111111111111110000000000000000000000000000000000000000000011111111
111111111111111111111110000000000000000000000000000000011111111111111111111111111111111111111111110000000000000000000000000000000000000000000011111111
111111111111111111111100000000000000000000000000000000011111111111111111111111111111111111111111110000000000000000000000000000000000000000000001111111
111111111111111111111100000000000000000000000000000000011111111111111111111111111111111111111111110000000000000000000000000000000000000000000001111111
111111111111111111111000000000000000000000000000000000001111111111111111111111111111111111111111110000000000000000000000000000000000000000000000111111
111111111111111111111000000000000000000000000000000000001111111111111111111111111111111111111111110000000000000000000000000000000000000000000000111111
111111111111111111110000000000000000000000000000000000001111111111111111111111111111111111111111100000000000000000000000000000000000000000000000001111
111111111111111111110000000000000000000000000000000000001111111111111111111111111111111111111111100000000000000000000000000000000000000000000000001111
111111111111111111111111111111111111111111111111111111111111111111111111111111111111111111111111111111111111111111111111111111111111111111111111111111
111111111111111111111111111111111111111111111111111111111111111111111111111111111111111111111111111111111111111111111111111111111111111111111111111111
