111111111111111111111111111111111111111111000011111110000111111111111111111111111111111111111111111111111111111111111111111111111111111111111111111111
111111111111111111111111111111111111111111000011111110000111111111111111111111111111111111111111111111111111111111111111111111111111111111111111111111
111111111111111111111111111111111111111111100001111110000111111111111111111111111111111111111111111111111111111111111111111111111111111111111111111111
111111111111111111111111111111111111111111100001111110000111111111111111111111111111111111111111111111111111111111111111111111111111111111111111111111
111111111111111111111111111111111111111111110000011100001111110001111111111111111111110111111111111111111111111111111111111111111111111111111111111111
111111111111111111111111111111111111111111110000011100001111110001111111111111111111110111111111111111111111111111111111111111111111111111111111111111
111111111111111111111111111111111111111111111000001100001110000111111111111111111111101111111111111111111111111111011111111111111111111111111111111111
111111111111111111111111111111111111111111111000001100001110000111111111111111111111101111111111111111111111111111011111111111111111111111111111111111
111111111111111111111111111111111111111100000100000100010000011111111111111111111111101111111111111111111111111111011111111111111111111111111111111111
111111111111111111111111111111111111111100000100000100010000011111111111111111111111101111111111111111111111111111011111111111111111111111111111111111
111111111111111111111111111111111111111111000000000000000001111111111111111111111111001111111111111111111111111111011111111111111111111111111111111111
111111111111111111111111111111111111111111000000000000000001111111111111111111111111001111111111111111111111111111011111111111111111111111111111111111
111111111111111111111111111111111111111111111100000000011111111111111111111111111110001111111111111111111111111110001111111111111111111111111111111111
111111111111111111111111111111111111111111111100000000011111111111111111111111111110001111111111111111111111111110001111111111111111111111111111111111
111111111111111111111111111111111111111111111111000000000011111111111111111111111110001111111111111111111111000000000000011111111111111111111111111111
111111111111111111111111111111111111111111111111000000000011111111111111111111111110001111111111111111111111000000000000011111111111111111111111111111
111111111111111111111111111111111111111111111000000000000000000001111111111111111110001111111111111111111110000000000000011111111111111111111111111111
111111111111111111111111111111111111111111111000000000000000000001111111111111111110001111111111111111111110000000000000011111111111111111111111111111
111111111111111111111111111111111111111100000000000000000000000011111111111111111110001111111111111111111111100000001001111111111111111111111111111111
111111111111111111111111111111111111111100000000000000000000000011111111111111111110001111111111111111111111100000001001111111111111111111111111111111
111111111111111111111111111111111111111111100000000000000000011111111111111111111110000111111111111111111111110100011111111111111111111111111111111111
111111111111111111111111111111111111111111100000000000000000011111111111111111111110000111111111111111111111110100011111111111111111111111111111111111
111111111111111111111111111111111111111111111100000000000000011111111111111111111111000011111110000001111111111000011111111111111111111111111111111111
111111111111111111111111111111111111111111111100000000000000011111111111111111111111000011111110000001111111111000011111111111111111111111111111111111
111111111111111111111111111111111111111111111100000000000000011111111111111111111111100001000000000000001111110000111111111111111111111111111111111111
111111111111111111111111111111111111111111111100000000000000011111111111111111111111100001000000000000001111110000111111111111111111111111111111111111
111111111111111111111111111111111111111111111000000000000000000011111111111111111111110000000000000000000001000001111111111111111111111111111111111111
111111111111111111111111111111111111111111111000000000000000000011111111111111111111110000000000000000000001000001111111111111111111111111111111111111
111111111111111111111111111111111111111111100000000000000000000000111111111111111111100000000000000000000000000011111111111111111111111111111111111111
111111111111111111111111111111111111111111100000000000000000000000111111111111111111100000000000000000000000000011111111111111111111111111111111111111
111111111111111111111111111111111111111111000000000000000000000000001111111111111110000000000000000000000000001111111111111111111111111111111111111111
111111111111111111111111111111111111111111000000000000000000000000001111111111111110000000000000000000000000001111111111111111111111111111111111111111
111111111111111111111111111111111111111110000000000000000000000000000111111111111100000000000000000000000000000111111111111111111111111111111111111111
111111111111111111111111111111111111111110000000000000000000000000000111111111111100000000000000000000000000000111111111111111111111111111111111111111
111111111111111111111111111111111111111100000000000000000000000000000111111111111100000000000000000000000000000111111111111111111111111111111111111111
111111111111111111111111111111111111111100000000000000000000000000000111111111111100000000000000000000000000000111111111111111111111111111111111111111
111111111111111111111111111111111111111100000000000000000000000000000011111111111100000000000000000000000000000111111111111111111111111111111111111111
111111111111111111111111111111111111111100000000000000000000000000000011111111111100000000000000000000000000000111111111111111111111111111111111111111
111111111111111111111111111111111111111100000000000000000000000000000011111111111100000000000000000000000000000011111111111111111111111111111111111111
111111111111111111111111111111111111111100000000000000000000000000000011111111111100000000000000000000000000000011111111111111111111111111111111111111
111111111111111111111111111111111111111100000000000000000000000000000111111111111110000000000000000000000000000011111111111111111111111111111111111111
111111111111111111111111111111111111111100000000000000000000000000000111111111111110000000000000000000000000000011111111111111111111111111111111111111
111111111111111111111111111111111111111000000000000000000000000000000111111111111110000000000000000000000000000011111111111111111111111111111111111111
111111111111111111111111111111111111111000000000000000000000000000000111111111111110000000000000000000000000000011111111111111111111111111111111111111
111111111111111111111111111111111111111000000000000000000000000000011111111111111111000000000000000000000000000011111111111111111111111111111111111111
111111111111111111111111111111111111111000000000000000000000000000011111111111111111000000000000000000000000000011111111111111111111111111111111111111
111111111111111111111111111111111111111000000000000000000000000000011111111111111111000000000000000000000000000011111111111111111111111111111111111111
111111111111111111111111111111111111111000000000000000000000000000011111111111111111000000000000000000000000000011111111111111111111111111111111111111
111111111111111111111111111111111111111000000000000000000000000000011111111111111111000000000000000000000000000011111111111111111111111111111111111111
111111111111111111111111111111111111111000000000000000000000000000011111111111111111000000000000000000000000000011111111111111111111111111111111111111
111111111111111111111111111111111111111000000000000000000000000000001111111111111111000000000000000000000000000011111111111111111111111111111111111111
111111111111111111111111111111111111111000000000000000000000000000001111111111111111000000000000000000000000000011111111111111111111111111111111111111
111111111111111111111111111111111111111000000000000000000000000000001111111111111111000000000000000000000000000011111111111111111111111111111111111111
111111111111111111111111111111111111111000000000000000000000000000001111111111111111000000000000000000000000000011111111111111111111111111111111111111
111111111111111111111111111111111111111000000000000000000000000000001111111111111111000000000000000000000000000001111111111111111111111111111111111111
111111111111111111111111111111111111111000000000000000000000000000001111111111111111000000000000000000000000000001111111111111111111111111111111111111
111111111111111111111111111111111111111000000000000000000000000000001111100000111110000000000000000000000000000001111111111111111111111111111111111111
111111111111111111111111111111111111111000000000000000000000000000001111100000111110000000000000000000000000000001111111111111111111111111111111111111
111111111111111111111111111111111111110000000000000000000000000000001111000000001110000000000000000000000000000001111111111111111111111111111111111111
111111111111111111111111111111111111110000000000000000000000000000001111000000001110000000000000000000000000000001111111111111111111111111111111111111
111111111111111111111111111111111111110000000000000000000000000000001111000000011110000000000000000000000000000001111111111111111111111111111111111111
111111111111111111111111111111111111110000000000000000000000000000001111000000011110000000000000000000000000000001111111111111111111111111111111111111
111111111111111111111111111111111111110000000000000000000000000000001111000000011110000000000000000000000000000001111111111111111111111111111111111111
111111111111111111111111111111111111110000000000000000000000000000001111000000011110000000000000000000000000000001111111111111111111111111111111111111
111111111111111111111111111111111111110000000000000000000000000000001111000000001110000000000000000000000000000001111111111111111111111111111111111111
111111111111111111111111111111111111110000000000000000000000000000001111000000001110000000000000000000000000000001111111111111111111111111111111111111
111111111111111111111111111111111111100000000000000000000000000000000000000000000010000000000000000000000000000000111111111111111111111111111111111111
111111111111111111111111111111111111100000000000000000000000000000000000000000000010000000000000000000000000000000111111111111111111111111111111111111
111111111111111111111111111111111111100000000000000000000000000000000000000000000000010000000000000000000000000000011111111111111111111111111111111111
111111111111111111111111111111111111100000000000000000000000000000000000000000000000010000000000000000000000000000011111111111111111111111111111111111
111111111111111111111111111111111111000000000000000000000000000000000000000000000000000000000000000000000000000000011111111111111111111111111111111111
111111111111111111111111111111111111000000000000000000000000000000000000000000000000000000000000000000000000000000011111111111111111111111111111111111
111111111111111111111111111111111111000000000000000000000000000000000000000000000000000000000000000000000000000000011111111111111111111111111111111111
111111111111111111111111111111111111000000000000000000000000000000000000000000000000000000000000000000000000000000011111111111111111111111111111111111
111111111111111111111111111111111110000000000000000000000000000000000000000100000100000000000000000000000000000000001111111111111111111111111111111111
111111111111111111111111111111111110000000000000000000000000000000000000000100000100000000000000000000000000000000001111111111111111111111111111111111
111111111111111111111111111111111110000000000000000000000000000000000000001110000000000000000000000000000000000000001111111111111111111111111111111111
111111111111111111111111111111111110000000000000000000000000000000000000001110000000000000000000000000000000000000001111111111111111111111111111111111
111111111111111111111111111111111111000000000000000000000000000000000000001110000000000000000000000000000000000000001111111111111111111111111111111111
111111111111111111111111111111111111000000000000000000000000000000000000001110000000000000000000000000000000000000001111111111111111111111111111111111
111111111111111111111111111111111110000000000000000000000000000000000000011111000000000000000000000000000000000000001111111111111111111111111111111111
111111111111111111111111111111111110000000000000000000000000000000000000011111000000000000000000000000000000000000001111111111111111111111111111111111
111111111111111111111111111111111110000000000000000000000000000000000001111111110000000000000000000000000000000000001111111111111111111111111111111111
111111111111111111111111111111111110000000000000000000000000000000000001111111110000000000000000000000000000000000001111111111111111111111111111111111
111111111111111111111111111111111110000000000000000000000000000000000000111111110000000000000000000000000000000000000111111111111111111111111111111111
111111111111111111111111111111111110000000000000000000000000000000000000111111110000000000000000000000000000000000000111111111111111111111111111111111
111111111111111111111111111111111111000000000000000000000000000000111100111111100011100000000000000000000000000000001111111111111111111111111111111111
111111111111111111111111111111111111000000000000000000000000000000111100111111100011100000000000000000000000000000001111111111111111111111111111111111
111111111111111111111111111111111111000000000000000000000000000001111100011111100111111000000000000000000000000000001111111111111111111111111111111111
111111111111111111111111111111111111000000000000000000000000000001111100011111100111111000000000000000000000000000001111111111111111111111111111111111
111111111111111111111111111111111111000000000000000000000000000111111111011111011111111100000000000000000000000000001111111111111111111111111111111111
111111111111111111111111111111111111000000000000000000000000000111111111011111011111111100000000000000000000000000001111111111111111111111111111111111
111111111111111111111111111111111111000000000000000000000000010111111111101110011111111101000000000000000000000001001111111111111111111111111111111111
111111111111111111111111111111111111000000000000000000000000010111111111101110011111111101000000000000000000000001001111111111111111111111111111111111
111111111111111111111111111111111111100000000000000000000000010011111111111110111111111101000000000000000000000000000111111111111111111111111111111111
111111111111111111111111111111111111100000000000000000000000010011111111111110111111111101000000000000000000000000000111111111111111111111111111111111
111111111111111111111111111111111110000000000000000000000000011111111111111111111111111111000000000000000000000000000000000001111111111111111111111111
111111111111111111111111111111111110000000000000000000000000011111111111111111111111111111000000000000000000000000000000000001111111111111111111111111
111111111111111111111111111111111100000000000000000000000000011111111111111111111111111111001000000000000000000000000000000000001111111111111111111111
111111111111111111111111111111111100000000000000000000000000011111111111111111111111111111001000000000000000000000000000000000001111111111111111111111
111111111111111111111111111111111000000000000000000000000000011111111111111111111111111111100000000000000000000000000000000000000011111111111111111111
111111111111111111111111111111111000000000000000000000000000011111111111111111111111111111100000000000000000000000000000000000000011111111111111111111
111111111111111111111111111111110000000000000000000000000000111111111111111111111111111111110000000000000000000000000000000000000000111111111111111111
111111111111111111111111111111110000000000000000000000000000111111111111111111111111111111110000000000000000000000000000000000000000111111111111111111
111111111111111111111111111111100000000000000000000000000000111111111111111111111111111111110000000000000000000000000000000000000000001111111111111111
111111111111111111111111111111100000000000000000000000000000111111111111111111111111111111110000000000000000000000000000000000000000001111111111111111
111111111111111111111111111111100000000000000000000000000000011111111111111111111111111111110000000000000000000000000000000000000000000111111111111111
111111111111111111111111111111100000000000000000000000000000011111111111111111111111111111110000000000000000000000000000000000000000000111111111111111
111111111111111111111111111111000000000000000000000000000000011111111111111111111111111111110000000000000000000000000000000000000000000011111111111111
111111111111111111111111111111000000000000000000000000000000011111111111111111111111111111110000000000000000000000000000000000000000000011111111111111
111111111111111111111111111110000000000000000000000000000000001111111111111111111111111111110000000000000000000000000000000000000000000001111111111111
111111111111111111111111111110000000000000000000000000000000001111111111111111111111111111110000000000000000000000000000000000000000000001111111111111
111111111111111111111111111110000000000000000000000000000000001111111111111111111111111111100000000000000000000000000000000000000000000000111111111111
111111111111111111111111111110000000000000000000000000000000001111111111111111111111111111100000000000000000000000000000000000000000000000111111111111
111111111111111111111111111111111111111111111111111111111111111111111111111111111111111111111111111111111111111111111111111111111111111111111111111111
111111111111111111111111111111111111111111111111111111111111111111111111111111111111111111111111111111111111111111111111111111111111111111111111111111
