111111111111111111111111111111111111111111000111111110000111111111111111111111111111111111111111111111111111111111111111111111111111111111111111111111
111111111111111111111111111111111111111111000111111110000111111111111111111111111111111111111111111111111111111111111111111111111111111111111111111111
111111111111111111111111111111111111111111100001111110001111111111111111111111111111111111111111111111111111111111111111111111111111111111111111111111
111111111111111111111111111111111111111111100001111110001111111111111111111111111111111111111111111111111111111111111111111111111111111111111111111111
111111111111111111111111111111111111111111100000111100001111110011111111111111111111110111111111111111111111111111111111111111111111111111111111111111
111111111111111111111111111111111111111111100000111100001111110011111111111111111111110111111111111111111111111111111111111111111111111111111111111111
111111111111111111111111111111111111111111111000001100001110000111111111111111111111101111111111111111111111111111011111111111111111111111111111111111
111111111111111111111111111111111111111111111000001100001110000111111111111111111111101111111111111111111111111111011111111111111111111111111111111111
111111111111111111111111111111111111111000000100000100010000011111111111111111111111101111111111111111111111111111011111111111111111111111111111111111
111111111111111111111111111111111111111000000100000100010000011111111111111111111111101111111111111111111111111111011111111111111111111111111111111111
111111111111111111111111111111111111111111000000000000000001111111111111111111111111001111111111111111111111111111011111111111111111111111111111111111
111111111111111111111111111111111111111111000000000000000001111111111111111111111111001111111111111111111111111111011111111111111111111111111111111111
111111111111111111111111111111111111111111111000000000001111111111111111111111111110001111111111111111111111111111001111111111111111111111111111111111
111111111111111111111111111111111111111111111000000000001111111111111111111111111110001111111111111111111111111111001111111111111111111111111111111111
111111111111111111111111111111111111111111111111100000000011111111111111111111111110001111111111111111111111000000000000001111111111111111111111111111
111111111111111111111111111111111111111111111111100000000011111111111111111111111110001111111111111111111111000000000000001111111111111111111111111111
111111111111111111111111111111111111111111111100000000000000000001111111111111111110001111111111111111111111000000000000011111111111111111111111111111
111111111111111111111111111111111111111111111100000000000000000001111111111111111110001111111111111111111111000000000000011111111111111111111111111111
111111111111111111111111111111111111111100000000000000000000001111111111111111111110001111111111111111111111100000011001111111111111111111111111111111
111111111111111111111111111111111111111100000000000000000000001111111111111111111110001111111111111111111111100000011001111111111111111111111111111111
111111111111111111111111111111111111111111100000000000000000011111111111111111111110001111111111111111111111111100011111111111111111111111111111111111
111111111111111111111111111111111111111111100000000000000000011111111111111111111110001111111111111111111111111100011111111111111111111111111111111111
111111111111111111111111111111111111111111111100000000000000011111111111111111111110000111111100000111111111111000111111111111111111111111111111111111
111111111111111111111111111111111111111111111100000000000000011111111111111111111110000111111100000111111111111000111111111111111111111111111111111111
111111111111111111111111111111111111111111111100000000000000001111111111111111111111000010000000000000011111100001111111111111111111111111111111111111
111111111111111111111111111111111111111111111100000000000000001111111111111111111111000010000000000000011111100001111111111111111111111111111111111111
111111111111111111111111111111111111111111111100000000000000000001111111111111111111100000000000000000000011000011111111111111111111111111111111111111
111111111111111111111111111111111111111111111100000000000000000001111111111111111111100000000000000000000011000011111111111111111111111111111111111111
111111111111111111111111111111111111111111110000000000000000000000011111111111111111100000000000000000000000000111111111111111111111111111111111111111
111111111111111111111111111111111111111111110000000000000000000000011111111111111111100000000000000000000000000111111111111111111111111111111111111111
111111111111111111111111111111111111111111100000000000000000000000000111111111111110000000000000000000000000011111111111111111111111111111111111111111
111111111111111111111111111111111111111111100000000000000000000000000111111111111110000000000000000000000000011111111111111111111111111111111111111111
111111111111111111111111111111111111111111000000000000000000000000000111111111111100000000000000000000000000011111111111111111111111111111111111111111
111111111111111111111111111111111111111111000000000000000000000000000111111111111100000000000000000000000000011111111111111111111111111111111111111111
111111111111111111111111111111111111111111000000000000000000000000000011111111111100000000000000000000000000001111111111111111111111111111111111111111
111111111111111111111111111111111111111111000000000000000000000000000011111111111100000000000000000000000000001111111111111111111111111111111111111111
111111111111111111111111111111111111111110000000000000000000000000000011111111111100000000000000000000000000001111111111111111111111111111111111111111
111111111111111111111111111111111111111110000000000000000000000000000011111111111100000000000000000000000000001111111111111111111111111111111111111111
111111111111111111111111111111111111111110000000000000000000000000000011111111111100000000000000000000000000000111111111111111111111111111111111111111
111111111111111111111111111111111111111110000000000000000000000000000011111111111100000000000000000000000000000111111111111111111111111111111111111111
111111111111111111111111111111111111111110000000000000000000000000000111111111111100000000000000000000000000000111111111111111111111111111111111111111
111111111111111111111111111111111111111110000000000000000000000000000111111111111100000000000000000000000000000111111111111111111111111111111111111111
111111111111111111111111111111111111111100000000000000000000000000000111111111111100000000000000000000000000000111111111111111111111111111111111111111
111111111111111111111111111111111111111100000000000000000000000000000111111111111100000000000000000000000000000111111111111111111111111111111111111111
111111111111111111111111111111111111111100000000000000000000000000001111111111111110000000000000000000000000000111111111111111111111111111111111111111
111111111111111111111111111111111111111100000000000000000000000000001111111111111110000000000000000000000000000111111111111111111111111111111111111111
111111111111111111111111111111111111111100000000000000000000000000001111111111111110000000000000000000000000000111111111111111111111111111111111111111
111111111111111111111111111111111111111100000000000000000000000000001111111111111110000000000000000000000000000111111111111111111111111111111111111111
111111111111111111111111111111111111111100000000000000000000000000001111111111111110000000000000000000000000000111111111111111111111111111111111111111
111111111111111111111111111111111111111100000000000000000000000000001111111111111110000000000000000000000000000111111111111111111111111111111111111111
111111111111111111111111111111111111111100000000000000000000000000001111111111111110000000000000000000000000000111111111111111111111111111111111111111
111111111111111111111111111111111111111100000000000000000000000000001111111111111110000000000000000000000000000111111111111111111111111111111111111111
111111111111111111111111111111111111111100000000000000000000000000000111111111111110000000000000000000000000000111111111111111111111111111111111111111
111111111111111111111111111111111111111100000000000000000000000000000111111111111110000000000000000000000000000111111111111111111111111111111111111111
111111111111111111111111111111111111111100000000000000000000000000000111111111111110000000000000000000000000000111111111111111111111111111111111111111
111111111111111111111111111111111111111100000000000000000000000000000111111111111110000000000000000000000000000111111111111111111111111111111111111111
111111111111111111111111111111111111111100000000000000000000000000000111100000011110000000000000000000000000000111111111111111111111111111111111111111
111111111111111111111111111111111111111100000000000000000000000000000111100000011110000000000000000000000000000111111111111111111111111111111111111111
111111111111111111111111111111111111111100000000000000000000000000000111000000001100000000000000000000000000000111111111111111111111111111111111111111
111111111111111111111111111111111111111100000000000000000000000000000111000000001100000000000000000000000000000111111111111111111111111111111111111111
111111111111111111111111111111111111111100000000000000000000000000000111000000011100000000000000000000000000000111111111111111111111111111111111111111
111111111111111111111111111111111111111100000000000000000000000000000111000000011100000000000000000000000000000111111111111111111111111111111111111111
111111111111111111111111111111111111111100000000000000000000000000000111000000001100000000000000000000000000000111111111111111111111111111111111111111
111111111111111111111111111111111111111100000000000000000000000000000111000000001100000000000000000000000000000111111111111111111111111111111111111111
111111111111111111111111111111111111111100000000000000000000000000000110000000000110000000000000000000000000000011111111111111111111111111111111111111
111111111111111111111111111111111111111100000000000000000000000000000110000000000110000000000000000000000000000011111111111111111111111111111111111111
111111111111111111111111111111111111111000000000000000000000000000000000000000000000000000000000000000000000000011111111111111111111111111111111111111
111111111111111111111111111111111111111000000000000000000000000000000000000000000000000000000000000000000000000011111111111111111111111111111111111111
111111111111111111111111111111111111111000000000000000000000000000000000000000000000000000000000000000000000000011111111111111111111111111111111111111
111111111111111111111111111111111111111000000000000000000000000000000000000000000000000000000000000000000000000011111111111111111111111111111111111111
111111111111111111111111111111111111111000000000000000000000000000000000000000000000000000000000000000000000000001111111111111111111111111111111111111
111111111111111111111111111111111111111000000000000000000000000000000000000000000000000000000000000000000000000001111111111111111111111111111111111111
111111111111111111111111111111111111110000000000000000000000000000000100000000000100000000000000000000000000000001111111111111111111111111111111111111
111111111111111111111111111111111111110000000000000000000000000000000100000000000100000000000000000000000000000001111111111111111111111111111111111111
111111111111111111111111111111111111110000000000000000000000000000000000000100000010000000000000000000000000000001111111111111111111111111111111111111
111111111111111111111111111111111111110000000000000000000000000000000000000100000010000000000000000000000000000001111111111111111111111111111111111111
111111111111111111111111111111111111110000000000000000000000000000000000001110000000000000000000000000000000000000111111111111111111111111111111111111
111111111111111111111111111111111111110000000000000000000000000000000000001110000000000000000000000000000000000000111111111111111111111111111111111111
111111111111111111111111111111111111110000000000000000000000000000000000001111000000000000000000000000000000000000111111111111111111111111111111111111
111111111111111111111111111111111111110000000000000000000000000000000000001111000000000000000000000000000000000000111111111111111111111111111111111111
111111111111111111111111111111111111110000000000000000000000000000000000011111000000000000000000000000000000000001111111111111111111111111111111111111
111111111111111111111111111111111111110000000000000000000000000000000000011111000000000000000000000000000000000001111111111111111111111111111111111111
111111111111111111111111111111111111110000000000000000000000000000000011111111111000000000000000000000000000010000111111111111111111111111111111111111
111111111111111111111111111111111111110000000000000000000000000000000011111111111000000000000000000000000000010000111111111111111111111111111111111111
111111111111111111111111111111111111111000000000000000000000000000000011111111111100000000000000000000000000000000111111111111111111111111111111111111
111111111111111111111111111111111111111000000000000000000000000000000011111111111100000000000000000000000000000000111111111111111111111111111111111111
111111111111111111111111111111111111111000000000000000000000000000110011111111111100100000000000000000000000000001111111111111111111111111111111111111
111111111111111111111111111111111111111000000000000000000000000000110011111111111100100000000000000000000000000001111111111111111111111111111111111111
111111111111111111111111111111111111111000000000000000000000000000110011111111111000110000000000000000000000000001111111111111111111111111111111111111
111111111111111111111111111111111111111000000000000000000000000000110011111111111000110000000000000000000000000001111111111111111111111111111111111111
111111111111111111111111111111111111111000000000000000000000000000110011111111111001110000000000000000000000000001111111111111111111111111111111111111
111111111111111111111111111111111111111000000000000000000000000000110011111111111001110000000000000000000000000001111111111111111111111111111111111111
111111111111111111111111111111111111111000000000000000000000000010111001111111111001110000000000000000000000000011111111111111111111111111111111111111
111111111111111111111111111111111111111000000000000000000000000010111001111111111001110000000000000000000000000011111111111111111111111111111111111111
111111111111111111111111111111111111110000000000000000000000000010111001111111111011101000000000000000000000000000000111111111111111111111111111111111
111111111111111111111111111111111111110000000000000000000000000010111001111111111011101000000000000000000000000000000111111111111111111111111111111111
111111111111111111111111111111111111000000000000000000000000100011111101111111110011111000100000000000000000000000000000000011111111111111111111111111
111111111111111111111111111111111111000000000000000000000000100011111101111111110011111000100000000000000000000000000000000011111111111111111111111111
111111111111111111111111111111111110000000000000000000000000110011111110111111110111111001100000000000000000000000000000000000001111111111111111111111
111111111111111111111111111111111110000000000000000000000000110011111110111111110111111001100000000000000000000000000000000000001111111111111111111111
111111111111111111111111111111111100000000000000000000000000110011111110111111110111111101110000000000000000000000000000000000000011111111111111111111
111111111111111111111111111111111100000000000000000000000000110011111110111111110111111101110000000000000000000000000000000000000011111111111111111111
111111111111111111111111111111111000000000000000000000000000111111111111111111111111111111110000000000000000000000000000000000000000111111111111111111
111111111111111111111111111111111000000000000000000000000000111111111111111111111111111111110000000000000000000000000000000000000000111111111111111111
111111111111111111111111111111110000000000000000000000000000011111111111111111111111111111110000000000000000000000000000000000000000011111111111111111
111111111111111111111111111111110000000000000000000000000000011111111111111111111111111111110000000000000000000000000000000000000000011111111111111111
111111111111111111111111111111100000000000000000000000000000011111111111111111111111111111100000000000000000000000000000000000000000001111111111111111
111111111111111111111111111111100000000000000000000000000000011111111111111111111111111111100000000000000000000000000000000000000000001111111111111111
111111111111111111111111111111100000000000000000000000000000001111111111111111111111111111100000000000000000000000000000000000000000000111111111111111
111111111111111111111111111111100000000000000000000000000000001111111111111111111111111111100000000000000000000000000000000000000000000111111111111111
111111111111111111111111111111000000000000000000000000000000001111111111111111111111111111100000000000000000000000000000000000000000000011111111111111
111111111111111111111111111111000000000000000000000000000000001111111111111111111111111111100000000000000000000000000000000000000000000011111111111111
111111111111111111111111111110000000000000000000000000000000000111111111111111111111111111100000000000000000000000000000000000000000000001111111111111
111111111111111111111111111110000000000000000000000000000000000111111111111111111111111111100000000000000000000000000000000000000000000001111111111111
111111111111111111111111111111111111111111111111111111111111111111111111111111111111111111111111111111111111111111111111111111111111111111111111111111
111111111111111111111111111111111111111111111111111111111111111111111111111111111111111111111111111111111111111111111111111111111111111111111111111111
