111111111111111111111111111111111111111111011111111111001111111111111111111111111111111111111111111111111111111111111111111111111111111111111111111111
111111111111111111111111111111111111111111011111111111001111111111111111111111111111111111111111111111111111111111111111111111111111111111111111111111
111111111111111111111111111111111111111111000111111110001111111111111111111111111111111111111111111111111111111111111111111111111111111111111111111111
111111111111111111111111111111111111111111000111111110001111111111111111111111111111111111111111111111111111111111111111111111111111111111111111111111
111111111111111111111111111111111111111111000001111100001111111111111111111111111111111111111111111111111111111111111111111111111111111111111111111111
111111111111111111111111111111111111111111000001111100001111111111111111111111111111111111111111111111111111111111111111111111111111111111111111111111
111111111111111111111111111111111111111111110000011100001110000111111111111111111111110111111111111111111111111111111111111111111111111111111111111111
111111111111111111111111111111111111111111110000011100001110000111111111111111111111110111111111111111111111111111111111111111111111111111111111111111
111111111111111111111111111111111111110000011000001100010000001111111111111111111111101111111111111111111111111111011111111111111111111111111111111111
111111111111111111111111111111111111110000011000001100010000001111111111111111111111101111111111111111111111111111011111111111111111111111111111111111
111111111111111111111111111111111111111100000000000000000001111111111111111111111111001111111111111111111111111111011111111111111111111111111111111111
111111111111111111111111111111111111111100000000000000000001111111111111111111111111001111111111111111111111111111011111111111111111111111111111111111
111111111111111111111111111111111111111111100000000000000111111111111111111111111110001111111111111111111111111111001111111111111111111111111111111111
111111111111111111111111111111111111111111100000000000000111111111111111111111111110001111111111111111111111111111001111111111111111111111111111111111
111111111111111111111111111111111111111111111111100000000111111111111111111111111110001111111111111111111111000000000000111111111111111111111111111111
111111111111111111111111111111111111111111111111100000000111111111111111111111111110001111111111111111111111000000000000111111111111111111111111111111
111111111111111111111111111111111111111111111110000000000000000001111111111111111110001111111111111111111111000000000000001111111111111111111111111111
111111111111111111111111111111111111111111111110000000000000000001111111111111111110001111111111111111111111000000000000001111111111111111111111111111
111111111111111111111111111111111111111111000000000000000000001111111111111111111110001111111111111111111111100000011000111111111111111111111111111111
111111111111111111111111111111111111111111000000000000000000001111111111111111111110001111111111111111111111100000011000111111111111111111111111111111
111111111111111111111111111111111111111110000000000000000000011111111111111111111110001111111111111111111111111100011111111111111111111111111111111111
111111111111111111111111111111111111111110000000000000000000011111111111111111111110001111111111111111111111111100011111111111111111111111111111111111
111111111111111111111111111111111111111111111100000000000000011111111111111111111110000111111111111111111111111000111111111111111111111111111111111111
111111111111111111111111111111111111111111111100000000000000011111111111111111111110000111111111111111111111111000111111111111111111111111111111111111
111111111111111111111111111111111111111111111100000000000000001111111111111111111111000110000000000000111111110001111111111111111111111111111111111111
111111111111111111111111111111111111111111111100000000000000001111111111111111111111000110000000000000111111110001111111111111111111111111111111111111
111111111111111111111111111111111111111111111100000000000000000001111111111111111111100000000000000000000111000011111111111111111111111111111111111111
111111111111111111111111111111111111111111111100000000000000000001111111111111111111100000000000000000000111000011111111111111111111111111111111111111
111111111111111111111111111111111111111111111000000000000000000000011111111111111111000000000000000000000000000111111111111111111111111111111111111111
111111111111111111111111111111111111111111111000000000000000000000011111111111111111000000000000000000000000000111111111111111111111111111111111111111
111111111111111111111111111111111111111111110000000000000000000000000111111111111110000000000000000000000000011111111111111111111111111111111111111111
111111111111111111111111111111111111111111110000000000000000000000000111111111111110000000000000000000000000011111111111111111111111111111111111111111
111111111111111111111111111111111111111111100000000000000000000000000011111111111100000000000000000000000000011111111111111111111111111111111111111111
111111111111111111111111111111111111111111100000000000000000000000000011111111111100000000000000000000000000011111111111111111111111111111111111111111
111111111111111111111111111111111111111111000000000000000000000000000011111111111100000000000000000000000000011111111111111111111111111111111111111111
111111111111111111111111111111111111111111000000000000000000000000000011111111111100000000000000000000000000011111111111111111111111111111111111111111
111111111111111111111111111111111111111111000000000000000000000000000011111111111100000000000000000000000000011111111111111111111111111111111111111111
111111111111111111111111111111111111111111000000000000000000000000000011111111111100000000000000000000000000011111111111111111111111111111111111111111
111111111111111111111111111111111111111111000000000000000000000000000011111111111000000000000000000000000000011111111111111111111111111111111111111111
111111111111111111111111111111111111111111000000000000000000000000000011111111111000000000000000000000000000011111111111111111111111111111111111111111
111111111111111111111111111111111111111111000000000000000000000000000011111111111000000000000000000000000000011111111111111111111111111111111111111111
111111111111111111111111111111111111111111000000000000000000000000000011111111111000000000000000000000000000011111111111111111111111111111111111111111
111111111111111111111111111111111111111111000000000000000000000000000011111111111100000000000000000000000000011111111111111111111111111111111111111111
111111111111111111111111111111111111111111000000000000000000000000000011111111111100000000000000000000000000011111111111111111111111111111111111111111
111111111111111111111111111111111111111111000000000000000000000000000111111111111100000000000000000000000000011111111111111111111111111111111111111111
111111111111111111111111111111111111111111000000000000000000000000000111111111111100000000000000000000000000011111111111111111111111111111111111111111
111111111111111111111111111111111111111111000000000000000000000000000011111111111100000000000000000000000000011111111111111111111111111111111111111111
111111111111111111111111111111111111111111000000000000000000000000000011111111111100000000000000000000000000011111111111111111111111111111111111111111
111111111111111111111111111111111111111111000000000000000000000000000011111111111100000000000000000000000000011111111111111111111111111111111111111111
111111111111111111111111111111111111111111000000000000000000000000000011111111111100000000000000000000000000011111111111111111111111111111111111111111
111111111111111111111111111111111111111111000000000000000000000000000011111111111000000000000000000000000000011111111111111111111111111111111111111111
111111111111111111111111111111111111111111000000000000000000000000000011111111111000000000000000000000000000011111111111111111111111111111111111111111
111111111111111111111111111111111111111111000000000000000000000000000011111111111000000000000000000000000000011111111111111111111111111111111111111111
111111111111111111111111111111111111111111000000000000000000000000000011111111111000000000000000000000000000011111111111111111111111111111111111111111
111111111111111111111111111111111111111111000000000000000000000000000011111111111000000000000000000000000000011111111111111111111111111111111111111111
111111111111111111111111111111111111111111000000000000000000000000000011111111111000000000000000000000000000011111111111111111111111111111111111111111
111111111111111111111111111111111111111111100000000000000000000000000001000000011000000000000000000000000000011111111111111111111111111111111111111111
111111111111111111111111111111111111111111100000000000000000000000000001000000011000000000000000000000000000011111111111111111111111111111111111111111
111111111111111111111111111111111111111111100000000000000000000000000000000000000000000000000000000000000000011111111111111111111111111111111111111111
111111111111111111111111111111111111111111100000000000000000000000000000000000000000000000000000000000000000011111111111111111111111111111111111111111
111111111111111111111111111111111111111111100000000000000000000000000001000000010000000000000000000000000000011111111111111111111111111111111111111111
111111111111111111111111111111111111111111100000000000000000000000000001000000010000000000000000000000000000011111111111111111111111111111111111111111
111111111111111111111111111111111111111111100000000000000000000000000001000000000000000000000000000000000000111111111111111111111111111111111111111111
111111111111111111111111111111111111111111100000000000000000000000000001000000000000000000000000000000000000111111111111111111111111111111111111111111
111111111111111111111111111111111111111111100000000000000000000000000000000000000000000000000000000000000000111111111111111111111111111111111111111111
111111111111111111111111111111111111111111100000000000000000000000000000000000000000000000000000000000000000111111111111111111111111111111111111111111
111111111111111111111111111111111111111111100000000000000000000000000000000000000000000000000000000000000000111111111111111111111111111111111111111111
111111111111111111111111111111111111111111100000000000000000000000000000000000000000000000000000000000000000111111111111111111111111111111111111111111
111111111111111111111111111111111111111111100000000000000000000000000000000000000000000000000000000000000000011111111111111111111111111111111111111111
111111111111111111111111111111111111111111100000000000000000000000000000000000000000000000000000000000000000011111111111111111111111111111111111111111
111111111111111111111111111111111111111111100000000000000000000000000000000000000000000000000000000000000000011111111111111111111111111111111111111111
111111111111111111111111111111111111111111100000000000000000000000000000000000000000000000000000000000000000011111111111111111111111111111111111111111
111111111111111111111111111111111111111111000000000000000000000000000000000000000100000000000000000000000000011111111111111111111111111111111111111111
111111111111111111111111111111111111111111000000000000000000000000000000000000000100000000000000000000000000011111111111111111111111111111111111111111
111111111111111111111111111111111111111111000000000000000000000000000000000110000000000000000000000000000000011111111111111111111111111111111111111111
111111111111111111111111111111111111111111000000000000000000000000000000000110000000000000000000000000000000011111111111111111111111111111111111111111
111111111111111111111111111111111111111111000000000000000000000000000000001110000000000000000000000000000000011111111111111111111111111111111111111111
111111111111111111111111111111111111111111000000000000000000000000000000001110000000000000000000000000000000011111111111111111111111111111111111111111
111111111111111111111111111111111111111111000000000000000000000000000000001111000000000000000000000000000000011111111111111111111111111111111111111111
111111111111111111111111111111111111111111000000000000000000000000000000001111000000000000000000000000000000011111111111111111111111111111111111111111
111111111111111111111111111111111111111111000000000000000000000000000000011111100000000000000000000000000000011111111111111111111111111111111111111111
111111111111111111111111111111111111111111000000000000000000000000000000011111100000000000000000000000000000011111111111111111111111111111111111111111
111111111111111111111111111111111111111111010000000000000000000000000011111111111000000000000000000000000000011111111111111111111111111111111111111111
111111111111111111111111111111111111111111010000000000000000000000000011111111111000000000000000000000000000011111111111111111111111111111111111111111
111111111111111111111111111111111111111111010000000000000000000000000111111111111100000000000000000000000000111111111111111111111111111111111111111111
111111111111111111111111111111111111111111010000000000000000000000000111111111111100000000000000000000000000111111111111111111111111111111111111111111
111111111111111111111111111111111111111111100000000000000000000000000111111111111100000000000000000000000000111111111111111111111111111111111111111111
111111111111111111111111111111111111111111100000000000000000000000000111111111111100000000000000000000000000111111111111111111111111111111111111111111
111111111111111111111111111111111111111111100000000000000000000000000111111111111100000000000000000000000000011111111111111111111111111111111111111111
111111111111111111111111111111111111111111100000000000000000000000000111111111111100000000000000000000000000011111111111111111111111111111111111111111
111111111111111111111111111111111111111110000000000000000000000000000111111111111100000000000000000000000000001111111111111111111111111111111111111111
111111111111111111111111111111111111111110000000000000000000000000000111111111111100000000000000000000000000001111111111111111111111111111111111111111
111111111111111111111111111111111111111100000000000000000000010000001111111111111100000001000000000000000000000011111111111111111111111111111111111111
111111111111111111111111111111111111111100000000000000000000010000001111111111111100000001000000000000000000000011111111111111111111111111111111111111
111111111111111111111111111111111111110000000000000000000000010000001011111111111110001001000000000000000000000000001111111111111111111111111111111111
111111111111111111111111111111111111110000000000000000000000010000001011111111111110001001000000000000000000000000001111111111111111111111111111111111
111111111111111111111111111111111111000000000000000000000000010001001111111111111110011001110000000000000000000000000000000111111111111111111111111111
111111111111111111111111111111111111000000000000000000000000010001001111111111111110011001110000000000000000000000000000000111111111111111111111111111
111111111111111111111111111111111110000000000000000000000000110011001111111111111110001001100000000000000000000000000000000000111111111111111111111111
111111111111111111111111111111111110000000000000000000000000110011001111111111111110001001100000000000000000000000000000000000111111111111111111111111
111111111111111111111111111111111100000000000000000000000000110011101111111111111110111001100000000000000000000000000000000000000111111111111111111111
111111111111111111111111111111111100000000000000000000000000110011101111111111111110111001100000000000000000000000000000000000000111111111111111111111
111111111111111111111111111111111000000000000000000000000000010111111111111111111111111111100000000000000000000000000000000000000001111111111111111111
111111111111111111111111111111111000000000000000000000000000010111111111111111111111111111100000000000000000000000000000000000000001111111111111111111
111111111111111111111111111111110000000000000000000000000000011111111111111111111111111111100000000000000000000000000000000000000000011111111111111111
111111111111111111111111111111110000000000000000000000000000011111111111111111111111111111100000000000000000000000000000000000000000011111111111111111
111111111111111111111111111111110000000000000000000000000000001111111111111111111111111111100000000000000000000000000000000000000000001111111111111111
111111111111111111111111111111110000000000000000000000000000001111111111111111111111111111100000000000000000000000000000000000000000001111111111111111
111111111111111111111111111111100000000000000000000000000000001111111111111111111111111111100000000000000000000000000000000000000000000111111111111111
111111111111111111111111111111100000000000000000000000000000001111111111111111111111111111100000000000000000000000000000000000000000000111111111111111
111111111111111111111111111111000000000000000000000000000000000111111111111111111111111111100000000000000000000000000000000000000000000111111111111111
111111111111111111111111111111000000000000000000000000000000000111111111111111111111111111100000000000000000000000000000000000000000000111111111111111
111111111111111111111111111111000000000000000000000000000000000011111111111111111111111111000000000000000000000000000000000000000000000001111111111111
111111111111111111111111111111000000000000000000000000000000000011111111111111111111111111000000000000000000000000000000000000000000000001111111111111
111111111111111111111111111111111111111111111111111111111111111111111111111111111111111111111111111111111111111111111111111111111111111111111111111111
111111111111111111111111111111111111111111111111111111111111111111111111111111111111111111111111111111111111111111111111111111111111111111111111111111
