111111111111111111111111111111111111111100111111111100011111111111111111111111111111111111111111111111111111111111111111111111111111111111111111111111
111111111111111111111111111111111111111100111111111100011111111111111111111111111111111111111111111111111111111111111111111111111111111111111111111111
111111111111111111111111111111111111111100001111111100011111111111111111111111111111111111111111111111111111111111111111111111111111111111111111111111
111111111111111111111111111111111111111100001111111100011111111111111111111111111111111111111111111111111111111111111111111111111111111111111111111111
111111111111111111111111111111111111111110000011111000011111100111111111111111111111111011111111111111111111111111111111111111111111111111111111111111
111111111111111111111111111111111111111110000011111000011111100111111111111111111111111011111111111111111111111111111111111111111111111111111111111111
111111111111111111111111111111111111111111100000111000011000001111111111111111111111110111111111111111111111111111111111111111111111111111111111111111
111111111111111111111111111111111111111111100000111000011000001111111111111111111111110111111111111111111111111111111111111111111111111111111111111111
111111111111111111111111111111111111000000010000011000000000011111111111111111111111100111111111111111111111111111110111111111111111111111111111111111
111111111111111111111111111111111111000000010000011000000000011111111111111111111111100111111111111111111111111111110111111111111111111111111111111111
111111111111111111111111111111111111111000000000000000000011111111111111111111111111100111111111111111111111111111110111111111111111111111111111111111
111111111111111111111111111111111111111000000000000000000011111111111111111111111111100111111111111111111111111111110111111111111111111111111111111111
111111111111111111111111111111111111111111000000000000011111111111111111111111111111001111111111111111111111111111110111111111111111111111111111111111
111111111111111111111111111111111111111111000000000000011111111111111111111111111111001111111111111111111111111111110111111111111111111111111111111111
111111111111111111111111111111111111111111111111000000000111111111111111111111111110001111111111111111111111100000000000001111111111111111111111111111
111111111111111111111111111111111111111111111111000000000111111111111111111111111110001111111111111111111111100000000000001111111111111111111111111111
111111111111111111111111111111111111111111111100000000000000000011111111111111111110001111111111111111111111100000000000000011111111111111111111111111
111111111111111111111111111111111111111111111100000000000000000011111111111111111110001111111111111111111111100000000000000011111111111111111111111111
111111111111111111111111111111111111111100000000000000000000011111111111111111111110001111111111111111111111111000000110001111111111111111111111111111
111111111111111111111111111111111111111100000000000000000000011111111111111111111110001111111111111111111111111000000110001111111111111111111111111111
111111111111111111111111111111111111111000000000000000000000111111111111111111111110000111111111111111111111111110000111111111111111111111111111111111
111111111111111111111111111111111111111000000000000000000000111111111111111111111110000111111111111111111111111110000111111111111111111111111111111111
111111111111111111111111111111111111111111110000000000000000111111111111111111111111000111111111111111111111111100001111111111111111111111111111111111
111111111111111111111111111111111111111111110000000000000000111111111111111111111111000111111111111111111111111100001111111111111111111111111111111111
111111111111111111111111111111111111111111111000000000000000001111111111111111111111000010000000000000011111111000011111111111111111111111111111111111
111111111111111111111111111111111111111111111000000000000000001111111111111111111111000010000000000000011111111000011111111111111111111111111111111111
111111111111111111111111111111111111111111111100000000000000000001111111111111111111100000000000000000000011100000111111111111111111111111111111111111
111111111111111111111111111111111111111111111100000000000000000001111111111111111111100000000000000000000011100000111111111111111111111111111111111111
111111111111111111111111111111111111111111110000000000000000000000011111111111111111100000000000000000000001000001111111111111111111111111111111111111
111111111111111111111111111111111111111111110000000000000000000000011111111111111111100000000000000000000001000001111111111111111111111111111111111111
111111111111111111111111111111111111111111100000000000000000000000001111111111111110000000000000000000000000000111111111111111111111111111111111111111
111111111111111111111111111111111111111111100000000000000000000000001111111111111110000000000000000000000000000111111111111111111111111111111111111111
111111111111111111111111111111111111111111000000000000000000000000000111111111111100000000000000000000000000001111111111111111111111111111111111111111
111111111111111111111111111111111111111111000000000000000000000000000111111111111100000000000000000000000000001111111111111111111111111111111111111111
111111111111111111111111111111111111111110000000000000000000000000000011111111111100000000000000000000000000000111111111111111111111111111111111111111
111111111111111111111111111111111111111110000000000000000000000000000011111111111100000000000000000000000000000111111111111111111111111111111111111111
111111111111111111111111111111111111111110000000000000000000000000000011111111111100000000000000000000000000000111111111111111111111111111111111111111
111111111111111111111111111111111111111110000000000000000000000000000011111111111100000000000000000000000000000111111111111111111111111111111111111111
111111111111111111111111111111111111111100000000000000000000000000000011111111111100000000000000000000000000000111111111111111111111111111111111111111
111111111111111111111111111111111111111100000000000000000000000000000011111111111100000000000000000000000000000111111111111111111111111111111111111111
111111111111111111111111111111111111111100000000000000000000000000000011111111111100000000000000000000000000000111111111111111111111111111111111111111
111111111111111111111111111111111111111100000000000000000000000000000011111111111100000000000000000000000000000111111111111111111111111111111111111111
111111111111111111111111111111111111111100000000000000000000000000000011111111111110000000000000000000000000000111111111111111111111111111111111111111
111111111111111111111111111111111111111100000000000000000000000000000011111111111110000000000000000000000000000111111111111111111111111111111111111111
111111111111111111111111111111111111111100000000000000000000000000000111111111111100000000000000000000000000000111111111111111111111111111111111111111
111111111111111111111111111111111111111100000000000000000000000000000111111111111100000000000000000000000000000111111111111111111111111111111111111111
111111111111111111111111111111111111111110000000000000000000000000000111111111111100000000000000000000000000000111111111111111111111111111111111111111
111111111111111111111111111111111111111110000000000000000000000000000111111111111100000000000000000000000000000111111111111111111111111111111111111111
111111111111111111111111111111111111111110000000000000000000000000000011111111111100000000000000000000000000000111111111111111111111111111111111111111
111111111111111111111111111111111111111110000000000000000000000000000011111111111100000000000000000000000000000111111111111111111111111111111111111111
111111111111111111111111111111111111111110000000000000000000000000000011111111111000000000000000000000000000000111111111111111111111111111111111111111
111111111111111111111111111111111111111110000000000000000000000000000011111111111000000000000000000000000000000111111111111111111111111111111111111111
111111111111111111111111111111111111111110000000000000000000000000000011111111111000000000000000000000000000000111111111111111111111111111111111111111
111111111111111111111111111111111111111110000000000000000000000000000011111111111000000000000000000000000000000111111111111111111111111111111111111111
111111111111111111111111111111111111111110000000000000000000000000000011111111111000000000000000000000000000001111111111111111111111111111111111111111
111111111111111111111111111111111111111110000000000000000000000000000011111111111000000000000000000000000000001111111111111111111111111111111111111111
111111111111111111111111111111111111111110000000000000000000000000000001110111111000000000000000000000000000001111111111111111111111111111111111111111
111111111111111111111111111111111111111110000000000000000000000000000001110111111000000000000000000000000000001111111111111111111111111111111111111111
111111111111111111111111111111111111111110000000000000000000000000000001000000001000000000000000000000000000001111111111111111111111111111111111111111
111111111111111111111111111111111111111110000000000000000000000000000001000000001000000000000000000000000000001111111111111111111111111111111111111111
111111111111111111111111111111111111111111000000000000000000000000000000000000000000000000000000000000000000001111111111111111111111111111111111111111
111111111111111111111111111111111111111111000000000000000000000000000000000000000000000000000000000000000000001111111111111111111111111111111111111111
111111111111111111111111111111111111111111000000000000000000000000000001000000000000000000000000000000000000001111111111111111111111111111111111111111
111111111111111111111111111111111111111111000000000000000000000000000001000000000000000000000000000000000000001111111111111111111111111111111111111111
111111111111111111111111111111111111111111000000000000000000000000000000000000000000000000000000000000000000011111111111111111111111111111111111111111
111111111111111111111111111111111111111111000000000000000000000000000000000000000000000000000000000000000000011111111111111111111111111111111111111111
111111111111111111111111111111111111111111000000000000000000000000000000000000000000000000000000000000000000011111111111111111111111111111111111111111
111111111111111111111111111111111111111111000000000000000000000000000000000000000000000000000000000000000000011111111111111111111111111111111111111111
111111111111111111111111111111111111111111000000000000000000000000000000000000000000000000000000000000000000011111111111111111111111111111111111111111
111111111111111111111111111111111111111111000000000000000000000000000000000000000000000000000000000000000000011111111111111111111111111111111111111111
111111111111111111111111111111111111111111100000000000000000000000000000000000000000000000000000000000000000011111111111111111111111111111111111111111
111111111111111111111111111111111111111111100000000000000000000000000000000000000000000000000000000000000000011111111111111111111111111111111111111111
111111111111111111111111111111111111111111100000000000000000000000000000000000000000000000000000000000000000011111111111111111111111111111111111111111
111111111111111111111111111111111111111111100000000000000000000000000000000000000000000000000000000000000000011111111111111111111111111111111111111111
111111111111111111111111111111111111111111000000000000000000000000000000000000000000000000000000000000000000011111111111111111111111111111111111111111
111111111111111111111111111111111111111111000000000000000000000000000000000000000000000000000000000000000000011111111111111111111111111111111111111111
111111111111111111111111111111111111111111000000000000000000000000000000000110000000000000000000000000000000011111111111111111111111111111111111111111
111111111111111111111111111111111111111111000000000000000000000000000000000110000000000000000000000000000000011111111111111111111111111111111111111111
111111111111111111111111111111111111111111000000000000000000000000000000001110000000000000000000000000000000011111111111111111111111111111111111111111
111111111111111111111111111111111111111111000000000000000000000000000000001110000000000000000000000000000000011111111111111111111111111111111111111111
111111111111111111111111111111111111111111000000000000000000000000000000001111000000000000000000000000000000011111111111111111111111111111111111111111
111111111111111111111111111111111111111111000000000000000000000000000000001111000000000000000000000000000000011111111111111111111111111111111111111111
111111111111111111111111111111111111111111100000000000000000000000000000011111100000000000000000000000000000011111111111111111111111111111111111111111
111111111111111111111111111111111111111111100000000000000000000000000000011111100000000000000000000000000000011111111111111111111111111111111111111111
111111111111111111111111111111111111111111100000000000000000000000000001111111111000000000000000000000000000011111111111111111111111111111111111111111
111111111111111111111111111111111111111111100000000000000000000000000001111111111000000000000000000000000000011111111111111111111111111111111111111111
111111111111111111111111111111111111111111110000000000000000000000000001111111111000000000000000000000000000011111111111111111111111111111111111111111
111111111111111111111111111111111111111111110000000000000000000000000001111111111000000000000000000000000000011111111111111111111111111111111111111111
111111111111111111111111111111111111111111100000000000000000000000000001111111111000000000000000000000000000011111111111111111111111111111111111111111
111111111111111111111111111111111111111111100000000000000000000000000001111111111000000000000000000000000000011111111111111111111111111111111111111111
111111111111111111111111111111111111111111000000000000000000000000000001111111111000000000000000000000000000011111111111111111111111111111111111111111
111111111111111111111111111111111111111111000000000000000000000000000001111111111000000000000000000000000000011111111111111111111111111111111111111111
111111111111111111111111111111111111111110000000000000000000000000000011111111111000000000000000000000000000001111111111111111111111111111111111111111
111111111111111111111111111111111111111110000000000000000000000000000011111111111000000000000000000000000000001111111111111111111111111111111111111111
111111111111111111111111111111111111111100000000000000000000001000000011111111111000000000000000000000000000000011111111111111111111111111111111111111
111111111111111111111111111111111111111100000000000000000000001000000011111111111000000000000000000000000000000011111111111111111111111111111111111111
111111111111111111111111111111111111110000000000000000000000001000000001111111111000010010000000000000000000000000001111111111111111111111111111111111
111111111111111111111111111111111111110000000000000000000000001000000001111111111000010010000000000000000000000000001111111111111111111111111111111111
111111111111111111111111111111111111000000000000000000000000001000100011111111111000110011100000000000000000000000000000011111111111111111111111111111
111111111111111111111111111111111111000000000000000000000000001000100011111111111000110011100000000000000000000000000000011111111111111111111111111111
111111111111111111111111111111111110000000000000000000000000111100110111111111111001110011110000000000000000000000000000000000011111111111111111111111
111111111111111111111111111111111110000000000000000000000000111100110111111111111001110011110000000000000000000000000000000000011111111111111111111111
111111111111111111111111111111111100000000000000000000000000111101110011111111111101110011100000000000000000000000000000000000000111111111111111111111
111111111111111111111111111111111100000000000000000000000000111101110011111111111101110011100000000000000000000000000000000000000111111111111111111111
111111111111111111111111111111111000000000000000000000000000011001111111111111111111111011100000000000000000000000000000000000000000111111111111111111
111111111111111111111111111111111000000000000000000000000000011001111111111111111111111011100000000000000000000000000000000000000000111111111111111111
111111111111111111111111111111110000000000000000000000000000011011111111111111111111111111100000000000000000000000000000000000000000011111111111111111
111111111111111111111111111111110000000000000000000000000000011011111111111111111111111111100000000000000000000000000000000000000000011111111111111111
111111111111111111111111111111100000000000000000000000000000001111111111111111111111111111100000000000000000000000000000000000000000000111111111111111
111111111111111111111111111111100000000000000000000000000000001111111111111111111111111111100000000000000000000000000000000000000000000111111111111111
111111111111111111111111111111000000000000000000000000000000001111111111111111111111111111100000000000000000000000000000000000000000000011111111111111
111111111111111111111111111111000000000000000000000000000000001111111111111111111111111111100000000000000000000000000000000000000000000011111111111111
111111111111111111111111111111000000000000000000000000000000000111111111111111111111111111100000000000000000000000000000000000000000000001111111111111
111111111111111111111111111111000000000000000000000000000000000111111111111111111111111111100000000000000000000000000000000000000000000001111111111111
111111111111111111111111111111111111111111111111111111111111111111111111111111111111111111111111111111111111111111111111111111111111111111111111111111
111111111111111111111111111111111111111111111111111111111111111111111111111111111111111111111111111111111111111111111111111111111111111111111111111111
