111111111111111111111111111111111111110000000000000000000011000000011111111111111111111111111111111111111111111111111111111111111111111111111111111111
111111111111111111111111111111111111110000000000000000000011000000011111111111111111111111111111111111111111111111111111111111111111111111111111111111
111111111111111111111111111111111111110000000000000000000000000001111111111111111111111111111111111111111111111111111111111111111111111111111111111111
111111111111111111111111111111111111110000000000000000000000000001111111111111111111111111111111111111111111111111111111111111111111111111111111111111
111111111111111111111111111111111111111111000000000000000000000111111111111111111111111111111111111111111111111111111111111111111111111111111111111111
111111111111111111111111111111111111111111000000000000000000000111111111111111111111111111111111111111111111111111111111111111111111111111111111111111
111111111111111111111111111111111111111111111111000000000001111111111111111111111111111111111111111111111111111111111111111111111111111111111111111111
111111111111111111111111111111111111111111111111000000000001111111111111111111111111111111111111111111111111111111111111111111111111111111111111111111
111111111111111111111111111111111111111111111111000000000000111111111111111111111111111111111111111111111111111111111111111111111111111111111111111111
111111111111111111111111111111111111111111111111000000000000111111111111111111111111111111111111111111111111111111111111111111111111111111111111111111
111111111111111111111111111111111111111110000000000000000000000000000111111111111111111111111101111111111111111111111111111111111111111111111111111111
111111111111111111111111111111111111111110000000000000000000000000000111111111111111111111111101111111111111111111111111111111111111111111111111111111
111111111111111111111111111111111111111000000000000000000000000000000011111111111111111111111000111111111111111111111111111111111111111111111111111111
111111111111111111111111111111111111111000000000000000000000000000000011111111111111111111111000111111111111111111111111111111111111111111111111111111
111111111111111111111111111111111111111100000000000000000000000000111111111111111111111111111000111111111111111111111111111111111111111111111111111111
111111111111111111111111111111111111111100000000000000000000000000111111111111111111111111111000111111111111111111111111111111111111111111111111111111
111111111111111111111111111111111111111111111000000000000000000001111111111111111111111111110000111111111111111111111111111111111000111111111111111111
111111111111111111111111111111111111111111111000000000000000000001111111111111111111111111110000111111111111111111111111111111111000111111111111111111
111111111111111111111111111111111111111111111100000000000000000001111111111111111111111111110000111111111111111111111111100000000000000011111111111111
111111111111111111111111111111111111111111111100000000000000000001111111111111111111111111110000111111111111111111111111100000000000000011111111111111
111111111111111111111111111111111111111111111100000000000000000000011111111111111111111111110000111111111111111111111111100000000000000001111111111111
111111111111111111111111111111111111111111111100000000000000000000011111111111111111111111110000111111111111111111111111100000000000000001111111111111
111111111111111111111111111111111111111111110000000000000000000000000111111111111111111111110000111111111111111111111111110000000010000001111111111111
111111111111111111111111111111111111111111110000000000000000000000000111111111111111111111110000111111111111111111111111110000000010000001111111111111
111111111111111111111111111111111111111111000000000000000000000000000001111111111111111111110000111111111111111111111111111000000011001111111111111111
111111111111111111111111111111111111111111000000000000000000000000000001111111111111111111110000111111111111111111111111111000000011001111111111111111
111111111111111111111111111111111111111100000000000000000000000000000000011111111111111111111000011111111111111111111111111100000111111111111111111111
111111111111111111111111111111111111111100000000000000000000000000000000011111111111111111111000011111111111111111111111111100000111111111111111111111
111111111111111111111111111111111111111000000000000000000000000000000000001111111111111111111000000000000000000111111111111100001111111111111111111111
111111111111111111111111111111111111111000000000000000000000000000000000001111111111111111111000000000000000000111111111111100001111111111111111111111
111111111111111111111111111111111111110000000000000000000000000000000000000111111111111111111100000000000000000000111111110000011111111111111111111111
111111111111111111111111111111111111110000000000000000000000000000000000000111111111111111111100000000000000000000111111110000011111111111111111111111
111111111111111111111111111111111111110000000000000000000000000000000000000111111111111111100000000000000000000000001111100000111111111111111111111111
111111111111111111111111111111111111110000000000000000000000000000000000000111111111111111100000000000000000000000001111100000111111111111111111111111
111111111111111111111111111111111111110000000000000000000000000000000000000111111111111111000000000000000000000000000110000001111111111111111111111111
111111111111111111111111111111111111110000000000000000000000000000000000000111111111111111000000000000000000000000000110000001111111111111111111111111
111111111111111111111111111111111111110000000000000000000000000000000000000111111111111110000000000000000000000000000000000111111111111111111111111111
111111111111111111111111111111111111110000000000000000000000000000000000000111111111111110000000000000000000000000000000000111111111111111111111111111
111111111111111111111111111111111111100000000000000000000000000000000000000111111111111110000000000000000000000000000000011111111111111111111111111111
111111111111111111111111111111111111100000000000000000000000000000000000000111111111111110000000000000000000000000000000011111111111111111111111111111
111111111111111111111111111111111111100000000000000000000000000000000000000111111111111000000000000000000000000000000000111111111111111111111111111111
111111111111111111111111111111111111100000000000000000000000000000000000000111111111111000000000000000000000000000000000111111111111111111111111111111
111111111111111111111111111111111111000000000000000000000000000000000000001111111111111000000000000000000000000000000000111111111111111111111111111111
111111111111111111111111111111111111000000000000000000000000000000000000001111111111111000000000000000000000000000000000111111111111111111111111111111
111111111111111111111111111111111111000000000000000000000000000000000000011111111111110000000000000000000000000000000000111111111111111111111111111111
111111111111111111111111111111111111000000000000000000000000000000000000011111111111110000000000000000000000000000000000111111111111111111111111111111
111111111111111111111111111111111111000000000000000000000000000000000000111111111111110000000000000000000000000000000000111111111111111111111111111111
111111111111111111111111111111111111000000000000000000000000000000000000111111111111110000000000000000000000000000000000111111111111111111111111111111
111111111111111111111111111111111111000000000000000000000000000000000000111111111111100000000000000000000000000000000001111111111111111111111111111111
111111111111111111111111111111111111000000000000000000000000000000000000111111111111100000000000000000000000000000000001111111111111111111111111111111
111111111111111111111111111111111110000000000000000000000000000000000001111111111111100000000000000000000000000000000001111111111111111111111111111111
111111111111111111111111111111111110000000000000000000000000000000000001111111111111100000000000000000000000000000000001111111111111111111111111111111
111111111111111111111111111111111110000000000000000000000000000000000001111111111111100000000000000000000000000000000001111111111111111111111111111111
111111111111111111111111111111111110000000000000000000000000000000000001111111111111100000000000000000000000000000000001111111111111111111111111111111
111111111111111111111111111111111110000000000000000000000000000000000011111111111110000000000000000000000000000000000001111111111111111111111111111111
111111111111111111111111111111111110000000000000000000000000000000000011111111111110000000000000000000000000000000000001111111111111111111111111111111
111111111111111111111111111111111100000000000000000000000000000000000011111111111100000000000000000000000000000000000011111111111111111111111111111111
111111111111111111111111111111111100000000000000000000000000000000000011111111111100000000000000000000000000000000000011111111111111111111111111111111
111111111111111111111111111111111100000000000000000000000000000000000111111111111100000000000000000000000000000000000111111111111111111111111111111111
111111111111111111111111111111111100000000000000000000000000000000000111111111111100000000000000000000000000000000000111111111111111111111111111111111
111111111111111111111111111111111100000000000000000000000000000000000110011111111000000000000000000000000000000000000111111111111111111111111111111111
111111111111111111111111111111111100000000000000000000000000000000000110011111111000000000000000000000000000000000000111111111111111111111111111111111
111111111111111111111111111111111100000000000000000000000000000000000000000001100000000000000000000000000000000000001111111111111111111111111111111111
111111111111111111111111111111111100000000000000000000000000000000000000000001100000000000000000000000000000000000001111111111111111111111111111111111
111111111111111111111111111111111100000000000000000000000000000000000000000000000000000000000000000000000000000000001111111111111111111111111111111111
111111111111111111111111111111111100000000000000000000000000000000000000000000000000000000000000000000000000000000001111111111111111111111111111111111
111111111111111111111111111111111000000000000000000000000000000000000000000000000000000000000000000000000000000000001111111111111111111111111111111111
111111111111111111111111111111111000000000000000000000000000000000000000000000000000000000000000000000000000000000001111111111111111111111111111111111
111111111111111111111111111111111000000000000000000000000000000000000000000000000000000000000000000000000000000000011111111111111111111111111111111111
111111111111111111111111111111111000000000000000000000000000000000000000000000000000000000000000000000000000000000011111111111111111111111111111111111
111111111111111111111111111111111000000000000000000000000000000000000000000000000000000000000000000000000000000000011111111111111111111111111111111111
111111111111111111111111111111111000000000000000000000000000000000000000000000000000000000000000000000000000000000011111111111111111111111111111111111
111111111111111111111111111111111000000000000000000000000000000000000000000000000000000000000000000000000000000000111111111111111111111111111111111111
111111111111111111111111111111111000000000000000000000000000000000000000000000000000000000000000000000000000000000111111111111111111111111111111111111
111111111111111111111111111111110000000000000000000000000000000000000000000000000000000000000000000000000000000001111111111111111111111111111111111111
111111111111111111111111111111110000000000000000000000000000000000000000000000000000000000000000000000000000000001111111111111111111111111111111111111
111111111111111111111111111111110000000000000000000000000000000000000000000000000000000000000000000000000000000001111111111111111111111111111111111111
111111111111111111111111111111110000000000000000000000000000000000000000000000000000000000000000000000000000000001111111111111111111111111111111111111
111111111111111111111111111111110000000000000000000000000000000000000000000000000000000000000000000000000000000011111111111111111111111111111111111111
111111111111111111111111111111110000000000000000000000000000000000000000000000000000000000000000000000000000000011111111111111111111111111111111111111
111111111111111111111111111111110000000000000000000000000000000000000000000000000000000000000000000000000000000011111111111111111111111111111111111111
111111111111111111111111111111110000000000000000000000000000000000000000000000000000000000000000000000000000000011111111111111111111111111111111111111
111111111111111111111111111111100000000000000000000000000000000000000000000000000000000000000000000000000000000111111111111111111111111111111111111111
111111111111111111111111111111100000000000000000000000000000000000000000000000000000000000000000000000000000000111111111111111111111111111111111111111
111111111111111111111111111111100000000000000000000000000000000000000000000000000000000000000000000000000000000111111111111111111111111111111111111111
111111111111111111111111111111100000000000000000000000000000000000000000000000000000000000000000000000000000000111111111111111111111111111111111111111
111111111111111111111111111111100000000000000000000000000000000000011000000000000000000000000000000000000000000111111111111111111111111111111111111111
111111111111111111111111111111100000000000000000000000000000000000011000000000000000000000000000000000000000000111111111111111111111111111111111111111
111111111111111111111111111111110000000000000000000000000000000000111100000000000000000000000000000000000000001111111111111111111111111111111111111111
111111111111111111111111111111110000000000000000000000000000000000111100000000000000000000000000000000000000001111111111111111111111111111111111111111
111111111111111111111111111111110000000000000000000000000000000000111100000000000000000000000000000000000000001111111111111111111111111111111111111111
111111111111111111111111111111110000000000000000000000000000000000111100000000000000000000000000000000000000001111111111111111111111111111111111111111
111111111111111111111111111111110000000000000000000000000000000001111100000000000000000000000000000000000000001111111111111111111111111111111111111111
111111111111111111111111111111110000000000000000000000000000000001111100000000000000000000000000000000000000001111111111111111111111111111111111111111
111111111111111111111111111111110000000000000000000000000000000111111110000000000000000000000000000000000000001111111111111111111111111111111111111111
111111111111111111111111111111110000000000000000000000000000000111111110000000000000000000000000000000000000001111111111111111111111111111111111111111
111111111111111111111111111111110000000000000000000000000000011111111111100000000000000000000000000000000000011111111111111111111111111111111111111111
111111111111111111111111111111110000000000000000000000000000011111111111100000000000000000000000000000000000011111111111111111111111111111111111111111
111111111111111111111111111111110000000000000000000000000000011111111111110000000000000000000000000000000000011111111111111111111111111111111111111111
111111111111111111111111111111110000000000000000000000000000011111111111110000000000000000000000000000000000011111111111111111111111111111111111111111
111111111111111111111111111111100000000000000000000000000000011111111111110000000000000000000000000000000000111111111111111111111111111111111111111111
111111111111111111111111111111100000000000000000000000000000011111111111110000000000000000000000000000000000111111111111111111111111111111111111111111
111111111111111111111111111110000000000000000000000000000000011111111111110000000000000000000000000000000001111111111111111111111111111111111111111111
111111111111111111111111111110000000000000000000000000000000011111111111110000000000000000000000000000000001111111111111111111111111111111111111111111
111111111111111111111111111000000000000000000000000000000000011111111111110000000000000000000000000000000001111111111111111111111111111111111111111111
111111111111111111111111111000000000000000000000000000000000011111111111110000000000000000000000000000000001111111111111111111111111111111111111111111
111111111111111111111111110000000000000000000000000000000000111111111111110000000000000000000000000000000001111111111111111111111111111111111111111111
111111111111111111111111110000000000000000000000000000000000111111111111110000000000000000000000000000000001111111111111111111111111111111111111111111
111111111111111111111111111100000000000000000000000000000000111111111111111000000000000000000000000000000001111111111111111111111111111111111111111111
111111111111111111111111111100000000000000000000000000000000111111111111111000000000000000000000000000000001111111111111111111111111111111111111111111
111111111111111111111111111111111111111111000000000000000000111111111111111000000000000000000000000000000000111111111111111111111111111111111111111111
111111111111111111111111111111111111111111000000000000000000111111111111111000000000000000000000000000000000111111111111111111111111111111111111111111
111111111111111111111111111111111111111111111111111111111111111111111111111000000000000000000000000000000000011111111111111111111111111111111111111111
111111111111111111111111111111111111111111111111111111111111111111111111111000000000000000000000000000000000011111111111111111111111111111111111111111
111111111111111111111111111111111111111111111111111111111111111111111111111111111111111111111111111111111111111111111111111111111111111111111111111111
111111111111111111111111111111111111111111111111111111111111111111111111111111111111111111111111111111111111111111111111111111111111111111111111111111
