111111111111111111111111111111111111111111111111111111111000000000000000000000000000000000000000000000000001111111111111111111111111111111111111111111
111111111111111111111111111111111111111111111111111111111000000000000000000000000000000000000000000000000001111111111111111111111111111111111111111111
111111111111111111111111111111111111111111111111110000000000000000000000000000000000000000000000000000000000011111111111111111111111111111111111111111
111111111111111111111111111111111111111111111111110000000000000000000000000000000000000000000000000000000000011111111111111111111111111111111111111111
111111111111111111111111111111111111111111111100000000000000000000000000000000000000000000000000000000000000000111111111111111111111111111111111111111
111111111111111111111111111111111111111111111100000000000000000000000000000000000000000000000000000000000000000111111111111111111111111111111111111111
111111111111111111111111111111111111111111000000000000000000000000000000000000000000000000000000000000000000000000111111111111111111111111111111111111
111111111111111111111111111111111111111111000000000000000000000000000000000000000000000000000000000000000000000000111111111111111111111111111111111111
111111111111111111111111111111111111110000000000000000000000000000000000000000000000000000000000000000000000000000001111111111111111111111111111111111
111111111111111111111111111111111111110000000000000000000000000000000000000000000000000000000000000000000000000000001111111111111111111111111111111111
111111111111111111111111111111111110000000000000000000000000000000000000000000000000000000000000000000000000000000000111111111111111111111111111111111
111111111111111111111111111111111110000000000000000000000000000000000000000000000000000000000000000000000000000000000111111111111111111111111111111111
111111111111111111111111111111110000000000000000000000000000000000000000000000000000000000000000000000000000000000000001111111111111111111111111111111
111111111111111111111111111111110000000000000000000000000000000000000000000000000000000000000000000000000000000000000001111111111111111111111111111111
111111111111111111111111111111000000000000000000000000000000000000000000000000000000000000000000000000000000000000000000011111111111111111111111111111
111111111111111111111111111111000000000000000000000000000000000000000000000000000000000000000000000000000000000000000000011111111111111111111111111111
111111111111111111111111111100000000000000000000000000000000000000000000000000000000000000000000000000000000000000000000001111111111111111111111111111
111111111111111111111111111100000000000000000000000000000000000000000000000000000000000000000000000000000000000000000000001111111111111111111111111111
111111111111111111111111110000000000000000000000000000000000000000000000000000000000000000000000000000000000000000000000000011111111111111111111111111
111111111111111111111111110000000000000000000000000000000000000000000000000000000000000000000000000000000000000000000000000011111111111111111111111111
111111111111111111111111000000000000000000000000000000000000000000000000000000000000000000000000000000000000000000000000000001111111111111111111111111
111111111111111111111111000000000000000000000000000000000000000000000000000000000000000000000000000000000000000000000000000001111111111111111111111111
111111111111111111111100000000000000000000000000000000000000000000000000000000000000000000000000000000000000000000000000000000111111111111111111111111
111111111111111111111100000000000000000000000000000000000000000000000000000000000000000000000000000000000000000000000000000000111111111111111111111111
111111111111111111111000000000000000000000000000000000000000000000000000000000000000000000000000000000000000000000000000000000001111111111111111111111
111111111111111111111000000000000000000000000000000000000000000000000000000000000000000000000000000000000000000000000000000000001111111111111111111111
111111111111111111100000000000000000000000000000111000000000000000000000000000000000000000000000000000000000000000000000000000000111111111111111111111
111111111111111111100000000000000000000000000000111000000000000000000000000000000000000000000000000000000000000000000000000000000111111111111111111111
111111111111111111000000000000000000000000000011100000000000000000000000000000000000000000000000000000000000000000000000000000000000001111111111111111
111111111111111111000000000000000000000000000011100000000000000000000000000000000000000000000000000000000000000000000000000000000000001111111111111111
111111111111111100000000000000000000000000011110000000000000000000000000000000000000000000000000000000000000000000000000000000000000000011111111111111
111111111111111100000000000000000000000000011110000000000000000000000000000000000000000000000000000000000000000000000000000000000000000011111111111111
111111111111111000000000000000000000000001110000000000000000000000000000000000000000000000000000000000000000000000000000000000000000000001111111111111
111111111111111000000000000000000000000001110000000000000000000000000000000000000000000000000000000000000000000000000000000000000000000001111111111111
111111111111110000000000000000000000000111100000000000000000000000000000000000000000000000000000000000000000000000000000000000000000000001111111111111
111111111111110000000000000000000000000111100000000000000000000000000000000000000000000000000000000000000000000000000000000000000000000001111111111111
111111111111100000000000000000000000011111000000000000000000000000000000000000000000000000000000000000000000000000000000000000000000000000111111111111
111111111111100000000000000000000000011111000000000000000000000000000000000000000000000000000000000000000000000000000000000000000000000000111111111111
111111111111000000000000000000000000111100000000000000000000000000000000000000000000000000000000000000000000000000000000000000000000000000011111111000
111111111111000000000000000000000000111100000000000000000000000000000000000000000000000000000000000000000000000000000000000000000000000000011111111000
111111111110000000000000000000000001111000000000000000000000000000000000000000000000000000000000000000000000000000000000000000000000000000010111100000
111111111110000000000000000000000001111000000000000000000000000000000000000000000000000000000000000000000000000000000000000000000000000000010111100000
111111111100000000000000000000000011110000000000000000000000000000000000000000000000000000000000000000000000000000000000000000000000000000000000000000
111111111100000000000000000000000011110000000000000000000000000000000000000000000000000000000000000000000000000000000000000000000000000000000000000000
111111111000000000000000000000000111100000000000000000000000000000000000000000000000000000000000000000000000000000000000000000000000000000000000000000
111111111000000000000000000000000111100000000000000000000000000000000000000000000000000000000000000000000000000000000000000000000000000000000000000000
111111111000000000000000000000001111000000000000000000000000000000000000000000000000000000000000000000000000000000000000000000000000000000000000000000
111111111000000000000000000000001111000000000000000000000000000000000000000000000000000000000000000000000000000000000000000000000000000000000000000000
111111100000000000000000000000011111000000000000000000000000000000000000000000000000000000000000000000000000000000000000000000000000000000000000000000
111111100000000000000000000000011111000000000000000000000000000000000000000000000000000000000000000000000000000000000000000000000000000000000000000000
111111000000000000000000000000011110000000000000000000000000000000000000000000000000000000000000000000000000000000000000000000000000000000000000000000
111111000000000000000000000000011110000000000000000000000000000000000000000000000000000000000000000000000000000000000000000000000000000000000000000000
111110000000000000000000000000111110000000000000000000000000000000000000000000000000000000000000000000000000000000000000000000000000000000000000000000
111110000000000000000000000000111110000000000000000000000000000000000000000000000000000000000000000000000000000000000000000000000000000000000000000000
111100000000000000000000000000111100000000000000000000000000000000000000000000000000000000000000000000000000000000000000000000000000000000000000000000
111100000000000000000000000000111100000000000000000000000000000000000000000000000000000000000000000000000000000000000000000000000000000000000000000000
110000000000000000000000000001111100000000000000000000000000000000000000000000000000000000000000000000000000000000000000000000000000000000000000000011
110000000000000000000000000001111100000000000000000000000000000000000000000000000000000000000000000000000000000000000000000000000000000000000000000011
100000000000000000000000000001111100000000000000000000000000000000000000000000000000000000000000000000000000000000000000000000000000000000000000000111
100000000000000000000000000001111100000000000000000000000000000000000000000000000000000000000000000000000000000000000000000000000000000000000000000111
000000000000000000000000000001111100000000000000000000000000000000000000000000000000000000000000000000000000000000000000000000000000000000000000011111
000000000000000000000000000001111100000000000000000000000000000000000000000000000000000000000000000000000000000000000000000000000000000000000000011111
000000000000000000000000000001111100000000000000000000000000000000000000000000000000000000000000000000000000000000000000000000000000000000000000111111
000000000000000000000000000001111100000000000000000000000000000000000000000000000000000000000000000000000000000000000000000000000000000000000000111111
000000000000000000000000000001111100000000000000000000000000000000000000000000000000000000000000000000000000000000000000000000000000000000000001111111
000000000000000000000000000001111100000000000000000000000000000000000000000000000000000000000000000000000000000000000000000000000000000000000001111111
000000000000000000000000000001111100000000000000000000000000000000000000000000000000000000000000000000000000000000000000000000000000000000000111111111
000000000000000000000000000001111100000000000000000000000000000000000000000000000000000000000000000000000000000000000000000000000000000000000111111111
110000000000000000000000000001111100000000000000000000000000000000000000000000000000000000000000000000000000000000000000000000000000000000000111111111
110000000000000000000000000001111100000000000000000000000000000000000000000000000000000000000000000000000000000000000000000000000000000000000111111111
111100000000000000000000000001111100000000000000000000000000000000000000000000000000000000000000000000000000000000000000000000000000000000011111111111
111100000000000000000000000001111100000000000000000000000000000000000000000000000000000000000000000000000000000000000000000000000000000000011111111111
111110000000000000000000000000111110000000000000000000000000000000000000000000000000000000000000000000000000000000000000000000000000000000011111111111
111110000000000000000000000000111110000000000000000000000000000000000000000000000000000000000000000000000000000000000000000000000000000000011111111111
111111100000000000000000000000111110000000000000000000000000000000000000000000000000000000000000000000000000000000000000000000000000000000111111111111
111111100000000000000000000000111110000000000000000000000000000000000000000000000000000000000000000000000000000000000000000000000000000000111111111111
111111111000000000000000000000011111000000000000000000000000000000000000000000000000000000000000000000000000000000000000000000000000000001111111111111
111111111000000000000000000000011111000000000000000000000000000000000000000000000000000000000000000000000000000000000000000000000000000001111111111111
111111111100011110000000000000011111100000000000000000000000000000000000000000000000000000000000000000000000000000000000000000000000000011111111111111
111111111100011110000000000000011111100000000000000000000000000000000000000000000000000000000000000000000000000000000000000000000000000011111111111111
111111111111011111000000000000001111110000000000000000000000000000000000000000000000000000000000000000000000000000000000000000000000000111111111111111
111111111111011111000000000000001111110000000000000000000000000000000000000000000000000000000000000000000000000000000000000000000000000111111111111111
111111111111111111100000000000000111111000000000000000000000000000000000000000000000000000000000000000000000000000000000000000000000001111111111111111
111111111111111111100000000000000111111000000000000000000000000000000000000000000000000000000000000000000000000000000000000000000000001111111111111111
111111111111111111110000000000010011111000000000000000000000000000000000000000000000000000000000000000000000000000000000000000000000011111111111111111
111111111111111111110000000000010011111000000000000000000000000000000000000000000000000000000000000000000000000000000000000000000000011111111111111111
111111111111111111111000000000001101111110000000000000000000000000000000000000000000000000000000000000000000000000000000000000000001111111111111111111
111111111111111111111000000000001101111110000000000000000000000000000000000000000000000000000000000000000000000000000000000000000001111111111111111111
111111111111111111111100000000000100111111000000000000000000000000000000000000000000000000000000000000000000000000000000000000000011111111111111111111
111111111111111111111100000000000100111111000000000000000000000000000000000000000000000000000000000000000000000000000000000000000011111111111111111111
111111111111111111111110000000000011011111110000000000000000000000000000000000000000000000000000000000000000000000000000000000001111111111111111111111
111111111111111111111110000000000011011111110000000000000000000000000000000000000000000000000000000000000000000000000000000000001111111111111111111111
111111111111111111111111000000000001100111111100000000000000000000000000000000000000000000000000000000000000000000000000000000111111111111111111111111
111111111111111111111111000000000001100111111100000000000000000000000000000000000000000000000000000000000000000000000000000000111111111111111111111111
111111111111111111111111100000000000111011111110000000000000000000000000000000000000000000000000000000000000000000000000000011111111111111111111111111
111111111111111111111111100000000000111011111110000000000000000000000000000000000000000000000000000000000000000000000000000011111111111111111111111111
111111111111111111111111111000000000001100111111110000000000000000000000000000000000000000000000000000000000000000000000001111111111111111111111111111
111111111111111111111111111000000000001100111111110000000000000000000000000000000000000000000000000000000000000000000000001111111111111111111111111111
111111111111111111111111111100000000000111011111111100000000000000000000000000000000000000000000000000000000000000000000111111111111111111111111111111
111111111111111111111111111100000000000111011111111100000000000000000000000000000000000000000000000000000000000000000000111111111111111111111111111111
111111111111111111111111111111000000000001110011111111100000000000000000000000000000000000000000000000000000000000001111111111111111111111111111111111
111111111111111111111111111111000000000001110011111111100000000000000000000000000000000000000000000000000000000000001111111111111111111111111111111111
111111111111111111111111111111100000000000011100111111111100000000000000000000000000000000000000000000000000000001111111111111111111111111111111111111
111111111111111111111111111111100000000000011100111111111100000000000000000000000000000000000000000000000000000001111111111111111111111111111111111111
111111111111111111111111111111111000000000001111101111111111110000000000000000000000000000000000000000000110111111111111111111111111111111111111111111
111111111111111111111111111111111000000000001111101111111111110000000000000000000000000000000000000000000110111111111111111111111111111111111111111111
111111111111111111111111111111111110000000000011111001111111111111100000000000000000000000000000000111111111111111111111111111111111111111111111111111
111111111111111111111111111111111110000000000011111001111111111111100000000000000000000000000000000111111111111111111111111111111111111111111111111111
111111111111111111111111111111111111100000000000011111101111111111111111111111110000001111111111111111111111111111111111111111111111111111111111111111
111111111111111111111111111111111111100000000000011111101111111111111111111111110000001111111111111111111111111111111111111111111111111111111111111111
111111111111111111111111111111111111111000000000000111111100111111111111111111111111111111111111111111111111111111111111111111111111111111111111111111
111111111111111111111111111111111111111000000000000111111100111111111111111111111111111111111111111111111111111111111111111111111111111111111111111111
111111111111111111111111111111111111111111000000000000111111110001111111111111111111111111111111111111111111111111111111111111111111111111111111111111
111111111111111111111111111111111111111111000000000000111111110001111111111111111111111111111111111111111111111111111111111111111111111111111111111111
111111111111111111111111111111111111111111111111111111111111111111111111111111111111111111111111111111111111111111111111111111111111111111111111111111
111111111111111111111111111111111111111111111111111111111111111111111111111111111111111111111111111111111111111111111111111111111111111111111111111111
