000000000000000000000000000000000000000000000000001111111111111111111111111111111111111111111111111111111111111111111111111111111111111111111111111111
000000000000000000000000000000000000000000000000001111111111111111111111111111111111111111111111111111111111111111111111111111111111111111111111111111
000000000000000000000000000000000000000000000000000111111111111111111111111111111111111111111111111111111111111111111111111111111111111111111111111111
000000000000000000000000000000000000000000000000000111111111111111111111111111111111111111111111111111111111111111111111111111111111111111111111111111
000000000000000000000000000000000000000000000000000111111111111111111111111111111111111111111111111111111111111111111111111111111111111111111111111111
000000000000000000000000000000000000000000000000000111111111111111111111111111111111111111111111111111111111111111111111111111111111111111111111111111
000000000000000000000000000000000000000000000000000111111111111111111111111111111111111111111111111111111111111111111111111111111111111111111111111111
000000000000000000000000000000000000000000000000000111111111111111111111111111111111111111111111111111111111111111111111111111111111111111111111111111
000000000000000000000000000000000000000000000000000111111111111111111111111111111111111111111111111111111111111111111111111111111111111111111111111111
000000000000000000000000000000000000000000000000000111111111111111111111111111111111111111111111111111111111111111111111111111111111111111111111111111
000000000000000000000000000000000000000000000000000111111111111111111111111111111111111111111111111111111111111111111111111111111111111111111111111111
000000000000000000000000000000000000000000000000000111111111111111111111111111111111111111111111111111111111111111111111111111111111111111111111111111
000000000000000000000000000000000000000000000000001111111111111111111111111111111111111111111111111111111111111111111111111111111111111111111111111111
000000000000000000000000000000000000000000000000001111111111111111111111111111111111111111111111111111111111111111111111111111111111111111111111111111
000000000000000000000000000000000000000000000000001111111111111111111111111111111111111111111111111111111111111111111111111111111111111111111111111111
000000000000000000000000000000000000000000000000001111111111111111111111111111111111111111111111111111111111111111111111111111111111111111111111111111
000000000000000000000000000000000000000000000000001111111111111111111111111111111111111111111111111111111111111111111111111111111111111111111111111111
000000000000000000000000000000000000000000000000001111111111111111111111111111111111111111111111111111111111111111111111111111111111111111111111111111
000000000000000000000000000000000000000000000000011111111111111111111111111111111111111111111111111111111111111111111111111111111111111111111111111111
000000000000000000000000000000000000000000000000011111111111111111111111111111111111111111111111111111111111111111111111111111111111111111111111111111
000000000000000000000000000000000000000000000000111111111111111111111111111111111111111111111111111111111111111111111111111111111111111111111111111111
000000000000000000000000000000000000000000000000111111111111111111111111111111111111111111111111111111111111111111111111111111111111111111111111111111
000000000000000000000000000000000000000000000000111111111111111111111111111111111111111111111111111111111111111111111111111111111111111111111111111111
000000000000000000000000000000000000000000000000111111111111111111111111111111111111111111111111111111111111111111111111111111111111111111111111111111
000000000000000000000000000000000000000000000001111111111111111111111111111111111111111111111111111111111111111111111111111111111111111111111111111111
000000000000000000000000000000000000000000000001111111111111111111111111111111111111111111111111111111111111111111111111111111111111111111111111111111
000000000000000000000000000000000000000000000011111111111111111111111111111111111111111111111111000000000000000011111111111111111111111111111111111111
000000000000000000000000000000000000000000000011111111111111111111111111111111111111111111111111000000000000000011111111111111111111111111111111111111
000000000000000000000000000000000000000000001111111111111111111111111111111111111111111111111111000000000000000000001111111111111111111111111111111111
000000000000000000000000000000000000000000001111111111111111111111111111111111111111111111111111000000000000000000001111111111111111111111111111111111
000000000000000000000000000000000000000000011111111111111111111111111111111111111111111111111111110000000000000000011111111111111111111111111111111111
000000000000000000000000000000000000000000011111111111111111111111111111111111111111111111111111110000000000000000011111111111111111111111111111111111
000000000000000000000000000000000000000000111111111111111111111111111111111111111111111111111111100000000000000000011111111111111111111111111111111111
000000000000000000000000000000000000000000111111111111111111111111111111111111111111111111111111100000000000000000011111111111111111111111111111111111
000000000000000000000000000000000000000011111111111111111111111111111111111111111111111111111111100000000000000000011111111111111111111111111111111111
000000000000000000000000000000000000000011111111111111111111111111111111111111111111111111111111100000000000000000011111111111111111111111111111111111
000000000000000000000000000000000000001111111111111111111111111111111111111111111111111111111111100000000000000000001111111111111111111111111111111111
000000000000000000000000000000000000001111111111111111111111111111111111111111111111111111111111100000000000000000001111111111111111111111111111111111
000000000000000000000000000000000000111111111111111111111111111111111111111111111111111111111111110000000000000000001111111111111111111111111111111111
000000000000000000000000000000000000111111111111111111111111111111111111111111111111111111111111110000000000000000001111111111111111111111111111111111
000000000000000000000000000000000111111111111111111111111111111111111111111111111111111111111111111000000000000000011111111111111111111111111111111111
000000000000000000000000000000000111111111111111111111111111111111111111111111111111111111111111111000000000000000011111111111111111111111111111111111
000000000000000000000000000000111111111111111111111111111111111111111111111111111111111111111111111100000000000000011111111111111111111111111111111111
000000000000000000000000000000111111111111111111111111111111111111111111111111111111111111111111111100000000000000011111111111111111111111111111111111
000000000000000000000000001111111111111111111111111111111111111111111111111111111111111111111111111111110000000000011111111111111111111111111111111111
000000000000000000000000001111111111111111111111111111111111111111111111111111111111111111111111111111110000000000011111111111111111111111111111111111
000000000000000000001111111111111111111111111111111111111111111111111111111111111111111111111111111111000000000000011111111111111111111111111111111111
000000000000000000001111111111111111111111111111111111111111111111111111111111111111111111111111111111000000000000011111111111111111111111111111111111
111111111111111111111111111111111111111111111111111111111111111111111111111111111111111111111111111000000000000000001111111111111111111111111111111111
111111111111111111111111111111111111111111111111111111111111111111111111111111111111111111111111111000000000000000001111111111111111111111111111111111
111111111111111111111111111111111111111111111111111111111111111111111111111111111111111111111111110000000000000000011111111111111111111111111111111111
111111111111111111111111111111111111111111111111111111111111111111111111111111111111111111111111110000000000000000011111111111111111111111111111111111
111111111111111111111111111111111111111111111111111111111111111111111111111111111111111111111111000000000000000000001111111111111111111111111111111111
111111111111111111111111111111111111111111111111111111111111111111111111111111111111111111111111000000000000000000001111111111111111111111111111111111
111111111111111111111111111111111111111111111111111111111111111111111111111111111111111111111100000000000000000000000111111111111111111111111111111111
111111111111111111111111111111111111111111111111111111111111111111111111111111111111111111111100000000000000000000000111111111111111111111111111111111
111111111111111111111111111111111111111111111111111111111111111111111111111111111111111111110000000000000000000000000001111111111111111111111111111111
111111111111111111111111111111111111111111111111111111111111111111111111111111111111111111110000000000000000000000000001111111111111111111111111111111
111111111111111111111111111111111111111111111111111111111111111111111111111111111111111111110000000000000000000000000000111111111111111111111111111111
111111111111111111111111111111111111111111111111111111111111111111111111111111111111111111110000000000000000000000000000111111111111111111111111111111
111111111111111111111111111111111111111111111111111111111111111111111111111111111111111111110000000000000000000000000001111111111111111111111111111111
111111111111111111111111111111111111111111111111111111111111111111111111111111111111111111110000000000000000000000000001111111111111111111111111111111
111111111111111111111111111111111111111111111111111111111111111111111111111111111111111111000000001000000000000000000001111111111111111111111111111111
111111111111111111111111111111111111111111111111111111111111111111111111111111111111111111000000001000000000000000000001111111111111111111111111111111
111111111111111111111111111111111111111111111111111111111111111111111111111111111111111100000001111000000000000000000001111111111111111111111111111111
111111111111111111111111111111111111111111111111111111111111111111111111111111111111111100000001111000000000000000000001111111111111111111111111111111
111111111111111111111111111111111111111111111111111111111111111111111111111111111111111100001111111000000000000000000000111111111111111111111111111111
111111111111111111111111111111111111111111111111111111111111111111111111111111111111111100001111111000000000000000000000111111111111111111111111111111
111111111111111111111111111111111111111111111111111111111111111111111111111111111111111111000111111100000000000000000000111111111111111111111111111111
111111111111111111111111111111111111111111111111111111111111111111111111111111111111111111000111111100000000000000000000111111111111111111111111111111
111111111111111111111111111111111111111111111111111111111111111111111111111111111111111111111111111100000000000000000011111111111111111111111111111111
111111111111111111111111111111111111111111111111111111111111111111111111111111111111111111111111111100000000000000000011111111111111111111111111111111
111111111111111111111111111111111111111111111111111111111111111111111111111111111111111111111111111100000000000000001111111111111111111111111111111111
111111111111111111111111111111111111111111111111111111111111111111111111111111111111111111111111111100000000000000001111111111111111111111111111111111
111111111111111111111111111111111111111111111111111111111111111111111111111111111111111111111111111000000000000000001111111111111111111111111111111111
111111111111111111111111111111111111111111111111111111111111111111111111111111111111111111111111111000000000000000001111111111111111111111111111111111
111111111111111111111111111111111111111111111111111111111111111111111111111111111111111111111111111000000000000000000111111111111111111111111111111111
111111111111111111111111111111111111111111111111111111111111111111111111111111111111111111111111111000000000000000000111111111111111111111111111111111
111111111111111111111111111111111111111111111111111111111111111111111111111111111111111111111111110000000000000000000011111111111111111111111111111111
111111111111111111111111111111111111111111111111111111111111111111111111111111111111111111111111110000000000000000000011111111111111111111111111111111
111111111111111111111111111111111111111111111111111111111111111111111111111111111111111111111111110000000000000000000011111111111111111111111111111111
111111111111111111111111111111111111111111111111111111111111111111111111111111111111111111111111110000000000000000000011111111111111111111111111111111
111111111111111111111111111111111111111111111111111111111111111111111111111111111111111111111111100000000000000000000001111111111111111111111111111111
111111111111111111111111111111111111111111111111111111111111111111111111111111111111111111111111100000000000000000000001111111111111111111111111111111
111111111111111111111111111111111111111111111111111111111111111111111111111111111111111111111111000000000000000000000001111111111111111111111111111111
111111111111111111111111111111111111111111111111111111111111111111111111111111111111111111111111000000000000000000000001111111111111111111111111111111
111111111111111111111111111111111111111111111111111111111111111111111111111111111111111111111111000000000000000000000001111111111111111111111111111111
111111111111111111111111111111111111111111111111111111111111111111111111111111111111111111111111000000000000000000000001111111111111111111111111111111
111111111111111111111111111111111111111111111111111111111111111111111111111111111111111111111110000000000000000000000000111111111111111111111111111111
111111111111111111111111111111111111111111111111111111111111111111111111111111111111111111111110000000000000000000000000111111111111111111111111111111
111111111111111111111111111111111111111111111111111111111111111111111111111111111111111111111110000000000000000000000000111111111111111111111111111111
111111111111111111111111111111111111111111111111111111111111111111111111111111111111111111111110000000000000000000000000111111111111111111111111111111
111111111111111111111111111111111111111111111111111111111111111111111111111111111111111111111100000000000000000000000000111111111111111111111111111111
111111111111111111111111111111111111111111111111111111111111111111111111111111111111111111111100000000000000000000000000111111111111111111111111111111
111111111111111111111111111111111111111111111111111111111111111111111111111111111111111111111000000000000000000000000000011111111111111111111111111111
111111111111111111111111111111111111111111111111111111111111111111111111111111111111111111111000000000000000000000000000011111111111111111111111111111
111111111111111111111111111111111111111111111111111111111111111111111111111111111111111111110000000000000000000000000000011111111111111111111111111111
111111111111111111111111111111111111111111111111111111111111111111111111111111111111111111110000000000000000000000000000011111111111111111111111111111
111111111111111111111111111111111111111111111111111111111111111111111111111111111111111111100000000000000000000000000000001111111111111111111111111111
111111111111111111111111111111111111111111111111111111111111111111111111111111111111111111100000000000000000000000000000001111111111111111111111111111
111111111111111111111111111111111111111111111111111111111111111111111111111111111111111111000000000000000000000000000000001111111111111111111111111111
111111111111111111111111111111111111111111111111111111111111111111111111111111111111111111000000000000000000000000000000001111111111111111111111111111
111111111111111111111111111111111111111111111111111111111111111111111111111111111111111110000000000000000000000000000000000111111111111111111111111111
111111111111111111111111111111111111111111111111111111111111111111111111111111111111111110000000000000000000000000000000000111111111111111111111111111
111111111111111111111111111111111111111111111111111111111111111111111111111111111111111100000000000000000000000000000000000011111111111111111111111111
111111111111111111111111111111111111111111111111111111111111111111111111111111111111111100000000000000000000000000000000000011111111111111111111111111
111111111111111111111111111111111111111111111111111111111111111111111111111111111111111000000000000000000000000000000000000011111111111111111111111111
111111111111111111111111111111111111111111111111111111111111111111111111111111111111111000000000000000000000000000000000000011111111111111111111111111
111111111111111111111111111111111111111111111111111111111111111111111111111111111111111000000000000000000000000000000000000001111111111111111111111111
111111111111111111111111111111111111111111111111111111111111111111111111111111111111111000000000000000000000000000000000000001111111111111111111111111
111111111111111111111111111111111111111111111111111111111111111111111111111111111111111000000000000000000000000000000000000000111111111111111111111111
111111111111111111111111111111111111111111111111111111111111111111111111111111111111111000000000000000000000000000000000000000111111111111111111111111
111111111111111111111111111111111111111111111111111111111111111111111111111111111111110000000000000000000000000000000000000000111111111111111111111111
111111111111111111111111111111111111111111111111111111111111111111111111111111111111110000000000000000000000000000000000000000111111111111111111111111
111111111111111111111111111111111111111111111111111111111111111111111111111111111111111111111111111111111111111111111111111111111111111111111111111111
111111111111111111111111111111111111111111111111111111111111111111111111111111111111111111111111111111111111111111111111111111111111111111111111111111
