000000000000000000000000000000000000000000000000000000000000000000000000000000000000000000000000000000000000000000000000000000000000000000000000000000
000000000000000000000000000000000000000000000000000000000000000000000000000000000000000000000000000000000000000000000000000000000000000000000000000000
000000000000000000000000000000000000000000000000000000000000000000000000000000000000000000000000000000000000000000000000000000000000000000000000000000
000000000000000000000000000000000000000000000000000000000000000000000000000000000000000000000000000000000000000000000000000000000000000000000000000000
000000000000000000000000000000000000000000000000000000000000000000000000000000000000000000000000000000000000000000000000000000000000000000000000000000
000000000000000000000000000000000000000000000000000000000000000000000000000000000000000000000000000000000000000000000000000000000000000000000000000000
000000000000000000000000000000000000000000000000000000000000000000000000000000000000000000000000000000000000000000000000000000000000000000000000000000
000000000000000000000000000000000000000000000000000000000000000000000000000000000000000000000000000000000000000000000000000000000000000000000000000000
000000000000000000000000000000000000000000000000000000000000000000000000000000000000000000000000000000000000000000000000000000000000000000000000000000
000000000000000000000000000000000000000000000000000000000000000000000000000000000000000000000000000000000000000000000000000000000000000000000000000000
000000000000000000000000000000000000000000000000000000000000000000000000000000000000000000000000000000000000000000000000000000000000000000000000000000
000000000000000000000000000000000000000000000000000000000000000000000000000000000000000000000000000000000000000000000000000000000000000000000000000000
000000000000000000000000000000000000000000000000000000000000000000000000000000000000000000000000000000000000000000000000000000000000000000000000000000
000000000000000000000000000000000000000000000000000000000000000000000000000000000000000000000000000000000000000000000000000000000000000000000000000000
000000000000000000000000000000000000000000000000000000000000000000000000000000000000000000000000000000000000000000000000000000000000000000000000000000
000000000000000000000000000000000000000000000000000000000000000000000000000000000000000000000000000000000000000000000000000000000000000000000000000000
000000000000000000000000000000000000000000000000000000000000000000000000000000000000000000000000000000000000000000000000000000000000000000000000000000
000000000000000000000000000000000000000000000000000000000000000000000000000000000000000000000000000000000000000000000000000000000000000000000000000000
000000000000000000000000000000000000000000000000000000000000000000000000000000000000000000000000000000000000000000000000000000000000000000000000000000
000000000000000000000000000000000000000000000000000000000000000000000000000000000000000000000000000000000000000000000000000000000000000000000000000000
000000000000000000000000000000000000000000000000000000000000000000000000000000000000000000000000000000000000000000000000000000000000000000000000000000
000000000000000000000000000000000000000000000000000000000000000000000000000000000000000000000000000000000000000000000000000000000000000000000000000000
000000000000000000000000000000000000000000000000000000000000000000000000000000000000000000000000000000000000000000000000000000000000000000000000000000
000000000000000000000000000000000000000000000000000000000000000000000000000000000000000000000000000000000000000000000000000000000000000000000000000000
000000000000000000000000000000000000000000000000000000000000000000000000000000000000000000000000000000000000000000000000000000000000000000000000000000
000000000000000000000000000000000000000000000000000000000000000000000000000000000000000000000000000000000000000000000000000000000000000000000000000000
000000000000000000000000000000000000000000000000000000000000000000000000000000000000000000000000000000000000000000000000000000000000000000000000000000
000000000000000000000000000000000000000000000000000000000000000000000000000000000000000000000000000000000000000000000000000000000000000000000000000000
000000000000000000000000000000000000000000000000000000000000000000000000000000000000000000000000000000000000000000000000000000000000000000000000000000
000000000000000000000000000000000000000000000000000000000000000000000000000000000000000000000000000000000000000000000000000000000000000000000000000000
000000000000000000000000000000000000000000000000000000000000000000000000000000000000000000000000000000000000000000000000000000000000000000000000000000
000000000000000000000000000000000000000000000000000000000000000000000000000000000000000000000000000000000000000000000000000000000000000000000000000000
000000000000000000000000000000000000000000000000000000000000000000000000000000000000000000000000000000000000000000000000000000000000000000000000000000
000000000000000000000000000000000000000000000000000000000000000000000000000000000000000000000000000000000000000000000000000000000000000000000000000000
000000000000000000000000000000000000000000000000000000000000000000000000000000000000000000000000000000000000000000000000000000000000000000000000000000
000000000000000000000000000000000000000000000000000000000000000000000000000000000000000000000000000000000000000000000000000000000000000000000000000000
000000000000000000000000000000000000000000000000000000000000000000000000000000000000000000000000000000000000000000000000000000000000000000000000000000
000000000000000000000000000000000000000000000000000000000000000000000000000000000000000000000000000000000000000000000000000000000000000000000000000000
000000000000000000000000000000000000000000000000000000000000000000000000000000000000000000000000000000000000000000000000000000000000000000000000000000
000000000000000000000000000000000000000000000000000000000000000000000000000000000000000000000000000000000000000000000000000000000000000000000000000000
000000000000000000000000000000000000000000000000000000000000000000000000000000000000000000000000000000000000000000000000000000000000000000000000000000
000000000000000000000000000000000000000000000000000000000000000000000000000000000000000000000000000000000000000000000000000000000000000000000000000000
000000000000000000000000000000000000000000000000000000000000000000000000000000000000000000000000000000000000000000000000000000000000000000000000000000
000000000000000000000000000000000000000000000000000000000000000000000000000000000000000000000000000000000000000000000000000000000000000000000000000000
000000000000000000000000000000000000000000000000000000000000000000000000000000000000000000000000000000000000000000000000000000000000000000000000000000
000000000000000000000000000000000000000000000000000000000000000000000000000000000000000000000000000000000000000000000000000000000000000000000000000000
000000000000000000000000000000000000000000000000000000000000000000000000000000000000000000000000000000000000000000000000000000000000000000000000000000
000000000000000000000000000000000000000000000000000000000000000000000000000000000000000000000000000000000000000000000000000000000000000000000000000000
000000000000000000000000000000000000000000000000000000000000000000000000000000000000000000000000000000000000000000000000000000000000000000000000000000
000000000000000000000000000000000000000000000000000000000000000000000000000000000000000000000000000000000000000000000000000000000000000000000000000000
000000000000000000000000000000000000000000000000000000000000000000000000000000000100000000000000000000000000000000000000000000000000000000000000000000
000000000000000000000000000000000000000000000000000000000000000000000000000000000100000000000000000000000000000000000000000000000000000000000000000000
000000000000000000000000000000011000000000000000000000000000000000000000001000111100000000000000000000000000000000000000000000000000000000000000000000
000000000000000000000000000000011000000000000000000000000000000000000000001000111100000000000000000000000000000000000000000000000000000000000000000000
000000000000000000000000000000011100000000000000000000000000000000000000001111111100000000000000000000000000000000000000000000011000000000000000000000
000000000000000000000000000000011100000000000000000000000000000000000000001111111100000000000000000000000000000000000000000000011000000000000000000000
000000000000000000000000000011111110000000000000000000000000110000000000011111111110000000000000000000000000000000000000000000111110000000000000000000
000000000000000000000000000011111110000000000000000000000000110000000000011111111110000000000000000000000000000000000000000000111110000000000000000000
000000000000000000000000011111111111111000000000000000000001111101110000011111111111000000000000000000000000000000000000000001111111100100000000000000
000000000000000000000000011111111111111000000000000000000001111101110000011111111111000000000000000000000000000000000000000001111111100100000000000000
000000000000000000000000001111111111110000000000000000000001111111111111011111111100000000000000000000000000000000000000001111111111111000000000000000
000000000000000000000000001111111111110000000000000000000001111111111111011111111100000000000000000000000000000000000000001111111111111000000000000000
000000000000000000000000001111111111110000000000000000000000000011111111011111111100000000000000000000000000000000000000000111111111111000000100000000
000000000000000000000000001111111111110000000000000000000000000011111111011111111100000000000000000000000000000000000000000111111111111000000100000000
000000000000000000000000000111111111111000000000000000000000000011101111111111111100000000000000000000000000000000000000000111111111111000011000000000
000000000000000000000000000111111111111000000000000000000000000011101111111111111100000000000000000000000000000000000000000111111111111000011000000000
000000000000000000000000000001111111111000000000000000000000000111111111111111111110000000000000000000000000000000000000000111111111110001100000000000
000000000000000000000000000001111111111000000000000000000000000111111111111111111110000000000000000000000000000000000000000111111111110001100000000000
000000000000000000000000000000111111110000000000000000000000001111111111111111111110000000000000000000000000000000000000000011111111100111000000000000
000000000000000000000000000000111111110000000000000000000000001111111111111111111110000000000000000000000000000000000000000011111111100111000000000000
000000000000000000000000000011111110000000000000000000000000000000000011111111111100000000000000000000000000000000000000000011111111111100000000000000
000000000000000000000000000011111110000000000000000000000000000000000011111111111100000000000000000000000000000000000000000011111111111100000000000000
000000000000000000000000000111111111100000000000000000000000000000000011111111100000000000000000000000000000000000000000001111111111111111111000000000
000000000000000000000000000111111111100000000000000000000000000000000011111111100000000000000000000000000000000000000000001111111111111111111000000000
000000000000000000000000001111111111000000000000000000000000000000000011111111000000000000000000000000000000000000000000011111111111111111111111111111
000000000000000000000000001111111111000000000000000000000000000000000011111111000000000000000000000000000000000000000000011111111111111111111111111111
000000000000000000000000001111111111000000000000000000000000000000000011111111100000000000000000000000000000000000000000011111111111111111111111111111
000000000000000000000000001111111111000000000000000000000000000000000011111111100000000000000000000000000000000000000000011111111111111111111111111111
000000000000000000000000111111111111000000000000000000000000000000000011111111000000000000000000000000000000000000000001111111111111100001111111111111
000000000000000000000000111111111111000000000000000000000000000000000011111111000000000000000000000000000000000000000001111111111111100001111111111111
000000000000000000000111111111111111000000000000000000000000000000000011111111100000000000000000000000000000000000000001111111111111110000001111100000
000000000000000000000111111111111111000000000000000000000000000000000011111111100000000000000000000000000000000000000001111111111111110000001111100000
111111111110000001111111100111111110000000000000000000000000000000000111111111110000000000000000000000000000000000000000011111111111100000000000000000
111111111110000001111111100111111110000000000000000000000000000000000111111111110000000000000000000000000000000000000000011111111111100000000000000000
111111111111111111111100001111111110000000000000000000000000000000000111111111110000000000000000000000000000000000000000011111111111000000000000000000
111111111111111111111100001111111110000000000000000000000000000000000111111111110000000000000000000000000000000000000000011111111111000000000000000000
111111111111111111111111111111111111100000000000000000000000000000001111111111111000000000000000000000000000000000000000011111111110000000000000000000
111111111111111111111111111111111111100000000000000000000000000000001111111111111000000000000000000000000000000000000000011111111110000000000000000000
111111111111111111111111111111111111110000000000000000000000000000011111111111111000000000000000000000000000000000000000111111111111000000000000000000
111111111111111111111111111111111111110000000000000000000000000000011111111111111000000000000000000000000000000000000000111111111111000000000000000000
000001111111111111111111111111111111110000000000000000000000000000111111111111111100000000000000000000000000000000000000111111111111100000000000000000
000001111111111111111111111111111111110000000000000000000000000000111111111111111100000000000000000000000000000000000000111111111111100000000000000000
000000000011111111111111111111111111111000000000000000000000000001111111111111111100000000000000000000000000000000000000111111111111110000000000000000
000000000011111111111111111111111111111000000000000000000000000001111111111111111100000000000000000000000000000000000000111111111111110000000000000000
000000000000001111111111111111111111111100000000000000000000000111111111111111111100000000000000000000000000000000000001111111111111111000000000000000
000000000000001111111111111111111111111100000000000000000000000111111111111111111100000000000000000000000000000000000001111111111111111000000000000000
000000000000000000011111111111111111111100000000000000000000000111111111111111111110000000000000000000000000000000000001111111111111111100000000000000
000000000000000000011111111111111111111100000000000000000000000111111111111111111110000000000000000000000000000000000001111111111111111100000000000000
000000000000000000000001111111111111111110000000000000000000000011111111111111111110000000000000000000000000000000000011111111111111111100000000000000
000000000000000000000001111111111111111110000000000000000000000011111111111111111110000000000000000000000000000000000011111111111111111100000000000000
000000000000000000000001111111111111111111000000000000000000000000011111111111111110000000000000000000000000000000000111111111111111111110000000000000
000000000000000000000001111111111111111111000000000000000000000000011111111111111110000000000000000000000000000000000111111111111111111110000000000000
000000000000000000000000111111111111111000000000000000000000000000000011110000011110000000000000000000000000000000001111111111111111111110000000000000
000000000000000000000000111111111111111000000000000000000000000000000011110000011110000000000000000000000000000000001111111111111111111110000000000000
000000000000000000000000001111110000000000000000000000000000000000000011110000000111000000000000000000000000000000001111111111111111111110000000000000
000000000000000000000000001111110000000000000000000000000000000000000011110000000111000000000000000000000000000000001111111111111111111110000000000000
000000000000000000000000001111100000000000000000000000000000000000000011110000000111000000000000000000000000000000000011111111111111110000000000000000
000000000000000000000000001111100000000000000000000000000000000000000011110000000111000000000000000000000000000000000011111111111111110000000000000000
000000000000000000000000011111110000000000000000000000000000000000000001110000000011100000000000000000000000000000000000000111110011110000000000000000
000000000000000000000000011111110000000000000000000000000000000000000001110000000011100000000000000000000000000000000000000111110011110000000000000000
000000000000000000000000011111110000000000000000000000000000000000000001110000000011100000000000000000000000000000000000001111110011110000000000000000
000000000000000000000000011111110000000000000000000000000000000000000001110000000011100000000000000000000000000000000000001111110011110000000000000000
000000000000000000000000001111111100000000000000000000000000000000000001110000000011100000000000000000000000000000000000011111100001111000000000000000
000000000000000000000000001111111100000000000000000000000000000000000001110000000011100000000000000000000000000000000000011111100001111000000000000000
111111111111111111111111111111111111111111111111111111111111111111111111111111111111111111111111111111111111111111111111111111111111111111111111111111
111111111111111111111111111111111111111111111111111111111111111111111111111111111111111111111111111111111111111111111111111111111111111111111111111111
