000000000000000000000000000000000000000000000000000000000000000000000000000000000000000000000000000000000000000000000000000000000000000000000000000000
000000000000000000000000000000000000000000000000000000000000000000000000000000000000000000000000000000000000000000000000000000000000000000000000000000
000000000000000000000000000000000000000000000000000000000000000000000000000000000000000000000000000000000000000000000000000000000000000000000000000000
000000000000000000000000000000000000000000000000000000000000000000000000000000000000000000000000000000000000000000000000000000000000000000000000000000
000000000000000000000000000000000000000000000000000000000000000000000000000000000000000000000000000000000000000000000000000000000000000000000000000000
000000000000000000000000000000000000000000000000000000000000000000000000000000000000000000000000000000000000000000000000000000000000000000000000000000
000000000000000000000000000000000000000000000000000000000000000000000000000000000000000000000000000000000000000000000000000000000000000000000000000000
000000000000000000000000000000000000000000000000000000000000000000000000000000000000000000000000000000000000000000000000000000000000000000000000000000
000000000000000000000000000000000000000000000000000000000000000000000000000000000000000000000000000000000000000000000000000000000000000000000000000000
000000000000000000000000000000000000000000000000000000000000000000000000000000000000000000000000000000000000000000000000000000000000000000000000000000
000000000000000000000000000000000000000000000000000000000000000000000000000000000000000000000000000000000000000000000000000000000000000000000000000000
000000000000000000000000000000000000000000000000000000000000000000000000000000000000000000000000000000000000000000000000000000000000000000000000000000
000000000000000000000000000000000000000000000000000000000000000000000000000000000000000000000000000000000000000000000000000000000000000000000000000000
000000000000000000000000000000000000000000000000000000000000000000000000000000000000000000000000000000000000000000000000000000000000000000000000000000
000000000000000000000000000000000000000000000000000000000000000000000000000000000000000000000000000000000000000000000000000000000000000000000000000000
000000000000000000000000000000000000000000000000000000000000000000000000000000000000000000000000000000000000000000000000000000000000000000000000000000
000000000000000000000000000000000000000000000000000000000000000000000000000000000000000000000000000000000000000000000000000000000000000000000000000000
000000000000000000000000000000000000000000000000000000000000000000000000000000000000000000000000000000000000000000000000000000000000000000000000000000
000000000000000000000000000000000000000000000000000000000000000000000000000000000000000000000000000000000000000000000000000000000000000000000000000000
000000000000000000000000000000000000000000000000000000000000000000000000000000000000000000000000000000000000000000000000000000000000000000000000000000
000000000000000000000000000000000000000000000000000000000000000000000000000000000000000000000000000000000000000000000000000000000000000000000000000000
000000000000000000000000000000000000000000000000000000000000000000000000000000000000000000000000000000000000000000000000000000000000000000000000000000
000000000000000000000000000000000000000000000000000000000000000000000000000000000000000000000000000000000000000000000000000000000000000000000000000000
000000000000000000000000000000000000000000000000000000000000000000000000000000000000000000000000000000000000000000000000000000000000000000000000000000
000000000000000000000000000000000000000000000000000000000000000000000000000000000000000000000000000000000000000000000000000000000000000000000000000000
000000000000000000000000000000000000000000000000000000000000000000000000000000000000000000000000000000000000000000000000000000000000000000000000000000
000000000000000000000000000000000000000000000000000000000000000000000000000000000000000000000000000000000000000000000000000000000000000000000000000000
000000000000000000000000000000000000000000000000000000000000000000000000000000000000000000000000000000000000000000000000000000000000000000000000000000
000000000000000000000000000000000000000000000000000000000000000000000000000000000000000000000000000000000000000000000000000000000000000000000000000000
000000000000000000000000000000000000000000000000000000000000000000000000000000000000000000000000000000000000000000000000000000000000000000000000000000
000000000000000000000000000000000000000000000000000000000000000000000000000000000000000000000000000000000000000000000000000000000000000000000000000000
000000000000000000000000000000000000000000000000000000000000000000000000000000000000000000000000000000000000000000000000000000000000000000000000000000
000000000000000000000000000000000000000000000000000000000000000000000000000000000000000000000000000000000000000000000000000000000000000000000000000000
000000000000000000000000000000000000000000000000000000000000000000000000000000000000000000000000000000000000000000000000000000000000000000000000000000
000000000000000000000000000000000000000000000000000000000000000000000000000000000000000000000000000000000000000000000000000000100000000000000000000000
000000000000000000000000000000000000000000000000000000000000000000000000000000000000000000000000000000000000000000000000000000100000000000000000000000
000000000000000000000000000000000000000000000000000000000000000000000000000000000000000000000000000000000000000000000000000011100000000000000000000000
000000000000000000000000000000000000000000000000000000000000000000000000000000000000000000000000000000000000000000000000000011100000000000000000000000
000000000000000000000000000000001000000000000000000000000000000000000000000110000000000000000000000000000000000000000000001111100000000000000000000000
000000000000000000000000000000001000000000000000000000000000000000000000000110000000000000000000000000000000000000000000001111100000000000000000000000
000000000000000000000000000000011110000000000000000000000000000000000000001111100000000000000000000000000000000000000111111111111000000000000000000000
000000000000000000000000000000011110000000000000000000000000000000000000001111100000000000000000000000000000000000000111111111111000000000000000000000
000000000000000000000000000000111110000000000000000000000000000000000000111111111100000000000000000000000000000000000001111111111100000000000000000000
000000000000000000000000000000111110000000000000000000000000000000000000111111111100000000000000000000000000000000000001111111111100000000000000000000
000000000000000000000000011111111110000000000000000000000000000000000001111111111000000000000000000000000000000000000011111111111000000000000000000000
000000000000000000000000011111111110000000000000000000000000000000000001111111111000000000000000000000000000000000000011111111111000000000000000000000
000000000000000000000000001111111111110000000000000000000000000000000000111111111100000000000000000000000000000000000011111111111100000011000100000000
000000000000000000000000001111111111110000000000000000000000000000000000111111111100000000000000000000000000000000000011111111111100000011000100000000
000000000000000000000000001111111111100000000000000000000000000000000000111111111100000000000000000000000000000000001111111111111101100000000000000000
000000000000000000000000001111111111100000000000000000000000000000000000111111111100000000000000000000000000000000001111111111111101100000000000000000
000000000000000000000000001111111111100000000000000000000000000000000000001111111110000000000000000000000000000000001111111111111000000000000000000000
000000000000000000000000001111111111100000000000000000000000000000000000001111111110000000000000000000000000000000001111111111111000000000000000000000
000000000000000000000000000111111111110000000000000000000000000000000000001111111100000000000000000000000001111101111111111111100000000000000000000000
000000000000000000000000000111111111110000000000000000000000000000000000001111111100000000000000000000000001111101111111111111100000000000000000000000
000000000000000000000000000011111111110000000000000000000000000000000001111111111111100000000000000000000000111111111111111111111000000000000000000000
000000000000000000000000000011111111110000000000000000000000000000000001111111111111100000000000000000000000111111111111111111111000000000000000000000
000000000000000000000000000001111111100000000000000000000000000000111111111111111111000000000000000000000000111111111111111111111000000000000000000000
000000000000000000000000000001111111100000000000000000000000000000111111111111111111000000000000000000000000111111111111111111111000000000000000000000
000000000000000000000000000111111110000000000000000000000000000000011111111111111110000000000000000000000000111111001111111111111000000000000000000000
000000000000000000000000000111111110000000000000000000000000000000011111111111111110000000000000000000000000111111001111111111111000000000000000000000
000000000000000000000000000111111111000000000000000000000000011111111110111111111100000000000000000000000000111000001111111111000000000000000000000000
000000000000000000000000000111111111000000000000000000000000011111111110111111111100000000000000000000000000111000001111111111000000000000000000000000
000000000000000000000000001111111111100000000000000000000000001111111000001111111110000000000000000000000000000000001111111111000000000000000000000000
000000000000000000000000001111111111100000000000000000000000001111111000001111111110000000000000000000000000000000001111111111000000000000000000000000
000000000000000000000111111111111111110000000000000000000000000000000000000111111111000000000000000000000000000000011111111110000000000000000000000000
000000000000000000000111111111111111110000000000000000000000000000000000000111111111000000000000000000000000000000011111111110000000000000000000000000
111111111111111111111111100001111111110000000000000000000000000000000000001111111110000000000000000000000000000000001111111110000000000000000000000000
111111111111111111111111100001111111110000000000000000000000000000000000001111111110000000000000000000000000000000001111111110000000000000000000000000
111111111111111111100000000011111111111000000000000000000000000000000000011111111110000000000000000000000000000000001111111110000000000000000000000000
111111111111111111100000000011111111111000000000000000000000000000000000011111111110000000000000000000000000000000001111111110000000000000000000000000
111111111111111111111111111111111111111100000000000000000000000000000000011111111111000000000000000000000000000000111111111111000000000000000000000000
111111111111111111111111111111111111111100000000000000000000000000000000011111111111000000000000000000000000000000111111111111000000000000000000000000
000011111111111111111111111111101111111100000000000000000000000000000000111111111111000000000000000000000000000001111111111111100000000000000000000000
000011111111111111111111111111101111111100000000000000000000000000000000111111111111000000000000000000000000000001111111111111100000000000000000000000
000000000011111111111111111111111111111111000000000000000000000000000001111111111111100000000000000000000000000011111111111111100000000000000000000000
000000000011111111111111111111111111111111000000000000000000000000000001111111111111100000000000000000000000000011111111111111100000000000000000000000
000000000000001111111111111111111111111111000000000000000000000000000001111111111111100000000000000000000000000111111111111111110000000000000000000000
000000000000001111111111111111111111111111000000000000000000000000000001111111111111100000000000000000000000000111111111111111110000000000000000000000
000000000000000000011111111111111111111111100000000000000000000000000011111111111111110000000000000000000000001111111111111111110000000000000000000000
000000000000000000011111111111111111111111100000000000000000000000000011111111111111110000000000000000000000001111111111111111110000000000000000000000
000000000000000000000000111111111111111111100000000000000000000000000111111111111111110000000000000000000000111111111111111111111000000000000000000000
000000000000000000000000111111111111111111100000000000000000000000000111111111111111110000000000000000000000111111111111111111111000000000000000000000
000000000000000000000000000001111111111111110000000000000000000000000111111111111111111000000000000000000001111111111111111111111100000000000000000000
000000000000000000000000000001111111111111110000000000000000000000000111111111111111111000000000000000000001111111111111111111111100000000000000000000
000000000000000000000000000011111111111111110000000000000000000000000111111111111111111100000000000000000001111111111111111111111100000000000000000000
000000000000000000000000000011111111111111110000000000000000000000000111111111111111111100000000000000000001111111111111111111111100000000000000000000
000000000000000000000000000011111111111111111000000000000000000000000000011111111111111000000000000000000000011111111111111111111100000000000000000000
000000000000000000000000000011111111111111111000000000000000000000000000011111111111111000000000000000000000011111111111111111111100000000000000000000
000000000000000000000000000011111111111111111100000000000000000000000000011110011110000000000000000000000000000000011111111111111100000000000000000000
000000000000000000000000000011111111111111111100000000000000000000000000011110011110000000000000000000000000000000011111111111111100000000000000000000
000000000000000000000000000111111111111111000000000000000000000000000000011100001110000000000000000000000000000000001111000000111110000000000000000000
000000000000000000000000000111111111111111000000000000000000000000000000011100001110000000000000000000000000000000001111000000111110000000000000000000
000000000000000000000000001111110000000000000000000000000000000000000000011100000111000000000000000000000000000000001111000000001111000000000000000000
000000000000000000000000001111110000000000000000000000000000000000000000011100000111000000000000000000000000000000001111000000001111000000000000000000
000000000000000000000000001111111100000000000000000000000000000000000000011100000111000000000000000000000000000000001111000000001111000000000000000000
000000000000000000000000001111111100000000000000000000000000000000000000011100000111000000000000000000000000000000001111000000001111000000000000000000
000000000000000000000000000011111110000000000000000000000000000000000000011000000111100000000000000000000000000000011110000000001111000000000000000000
000000000000000000000000000011111110000000000000000000000000000000000000011000000111100000000000000000000000000000011110000000001111000000000000000000
000000000000000000000000000000111111100000000000000000000000000000000011111111111111100000000000000000000000000000001110000000001111000000000000000000
000000000000000000000000000000111111100000000000000000000000000000000011111111111111100000000000000000000000000000001110000000001111000000000000000000
000000000000000000000000000000000111111000000000000000000000000000000111111111111111111100000000000000000000000000001110000000001111000000000000000000
000000000000000000000000000000000111111000000000000000000000000000000111111111111111111100000000000000000000000000001110000000001111000000000000000000
000000000000000000000000000000000011111110000000000000000000000000000000111111111111110000000000000000000000000000001110000000000111000000000000000000
000000000000000000000000000000000011111110000000000000000000000000000000111111111111110000000000000000000000000000001110000000000111000000000000000000
000000000000000000000000000000001111111111100000000000000000000000000000000111111111000000000000000000000000000000001110000000001111000000000000000000
000000000000000000000000000000001111111111100000000000000000000000000000000111111111000000000000000000000000000000001110000000001111000000000000000000
000000000000000000000000000000111111111111000000000000000000000000001111111111111111110000000000000000000000000000011110000000001111100000000000000000
000000000000000000000000000000111111111111000000000000000000000000001111111111111111110000000000000000000000000000011110000000001111100000000000000000
000000000000000000000000000001111111111111111000000000000000000000000111111111111111000000000000000000000000111111111111111111111111100000000000000000
000000000000000000000000000001111111111111111000000000000000000000000111111111111111000000000000000000000000111111111111111111111111100000000000000000
000000011111100000011111101111111111111111111100000000000000000000000111111111111100000000000000000000000000011111111111111111111111100000000000000000
000000011111100000011111101111111111111111111100000000000000000000000111111111111100000000000000000000000000011111111111111111111111100000000000000000
011111111111111110000000000111111111111111000000000000000000000111100000000000000000000000000000000000000000000111111111111111111111100000000000000000
011111111111111110000000000111111111111111000000000000000000000111100000000000000000000000000000000000000000000111111111111111111111100000000000000000
111111111111111111111111111111111111111111111111111111111111111111111111111111111111111111111111111111111111111111111111111111111111111111111111111111
111111111111111111111111111111111111111111111111111111111111111111111111111111111111111111111111111111111111111111111111111111111111111111111111111111
