000000000000000000000000000000000000000000000000000000000000000000000000000000000000000000000000000000000000000000000000000000000000000000000000000000
000000000000000000000000000000000000000000000000000000000000000000000000000000000000000000000000000000000000000000000000000000000000000000000000000000
000000000000000000000000000000000000000000000000000000000000000000000000000000000000000000000000000000000000000000000000000000000000000000000000000000
000000000000000000000000000000000000000000000000000000000000000000000000000000000000000000000000000000000000000000000000000000000000000000000000000000
000000000000000000000000000000000000000000000000000000000000000000000000000000000000000000000000000000000000000000000000000000000000000000000000000000
000000000000000000000000000000000000000000000000000000000000000000000000000000000000000000000000000000000000000000000000000000000000000000000000000000
000000000000000000000000000000000000000000000000000000000000000000000000000000000000000000000000000000000000000000000000000000000000000000000000000000
000000000000000000000000000000000000000000000000000000000000000000000000000000000000000000000000000000000000000000000000000000000000000000000000000000
000000000000000000000000000000000000000000000000000000000000000000000000000000000000000000000000000000000000000000000000000000000000000000000000000000
000000000000000000000000000000000000000000000000000000000000000000000000000000000000000000000000000000000000000000000000000000000000000000000000000000
000000000000000000000000000000000000000000000000000000000000000000000000000000000000000000000000000000000000000000000000000000000000000000000000000000
000000000000000000000000000000000000000000000000000000000000000000000000000000000000000000000000000000000000000000000000000000000000000000000000000000
000000000000000000000000000000000000000000000000000000000000000000000000000000000000000000000000000000000000000000000000000000000000000000000000000000
000000000000000000000000000000000000000000000000000000000000000000000000000000000000000000000000000000000000000000000000000000000000000000000000000000
000000000000000000000000000000000000000000000000000000000000000000000000000000000000000000000000000000000000000000000000000000000000000000000000000000
000000000000000000000000000000000000000000000000000000000000000000000000000000000000000000000000000000000000000000000000000000000000000000000000000000
000000000000000000000000000000000000000000000000000000000000000000000000000000000000000000000000000000000000000000000000000000000000000000000000000000
000000000000000000000000000000000000000000000000000000000000000000000000000000000000000000000000000000000000000000000000000000000000000000000000000000
000000000000000000000000000000000000000000000000000000000000000000000000000000000011000000000000000000000000000000000000000000000000000000000000000000
000000000000000000000000000000000000000000000000000000000000000000000000000000000011000000000000000000000000000000000000000000000000000000000000000000
000000000000000000000000000000000000000000000000000000000000000000000000000000000011100000000000000000000000000000000000000000000010000000000000000000
000000000000000000000000000000000000000000000000000000000000000000000000000000000011100000000000000000000000000000000000000000000010000000000000000000
000000000000000000000000000000000000011000000000000000000000000000000000000000000011111100000000000000000000000000000000000000000001000000000000000000
000000000000000000000000000000000000011000000000000000000000000000000000000000000011111100000000000000000000000000000000000000000001000000000000000000
000000000000000000000000000000000000011110000000000000000000000000000000000000000111111111000000000000000000000000000000000000000111000000000000000000
000000000000000000000000000000000000011110000000000000000000000000000000000000000111111111000000000000000000000000000000000000000111000000000000000000
000000000000000000000000000000000001111110000000000000000000000000000000000000011111111111000000000000000000000000000000000000011111110000000000000000
000000000000000000000000000000000001111110000000000000000000000000000000000000011111111111000000000000000000000000000000000000011111110000000000000000
000000000000000000000000000000011111111111000000000000000000000000000000000000001111111111000000000000000000000000000000000011111111111110000000000000
000000000000000000000000000000011111111111000000000000000000000000000000000000001111111111000000000000000000000000000000000011111111111110000000000000
000000000000000000000000000000001111111111110000000000000000000000000000000000001111111110000000000000000000000000000000000001111111111100000000110000
000000000000000000000000000000001111111111110000000000000000000000000000000000001111111110000000000000000000000000000000000001111111111100000000110000
000000000000000000000000000000001111111111110000000000000000000000000000000000011111111110000011000000000000000000000000000001111111111100000111000000
000000000000000000000000000000001111111111110000000000000000000000000000000000011111111110000011000000000000000000000000000001111111111100000111000000
000000000000000000000000000000001111111111110000000000000000000000000000000000011111111111111111110001110000000000000000000011111111111100011000000000
000000000000000000000000000000001111111111110000000000000000000000000000000000011111111111111111110001110000000000000000000011111111111100011000000000
000000000000000000000000000000000011111111111000000000000000000000000000000000011111111111111111111111110000000000000000000001111111111111000000000000
000000000000000000000000000000000011111111111000000000000000000000000000000000011111111111111111111111110000000000000000000001111111111111000000000000
000000000000000000000000000000000001111111111000000000000000000000000000000000011111111111111111110011100000000000000000000001111111111000000000000000
000000000000000000000000000000000001111111111000000000000000000000000000000000011111111111111111110011100000000000000000000001111111111000000000000000
000000000000000000000000000000000001111111100000000000000000000000000000000000000111111111110001111000000000000000000000001111111111111111100000000000
000000000000000000000000000000000001111111100000000000000000000000000000000000000111111111110001111000000000000000000000001111111111111111100000000000
000000000000000000000000000000000111111111110000000000000000000000000000000000000011111111100000000000000000000000000000001111111111111111111100000000
000000000000000000000000000000000111111111110000000000000000000000000000000000000011111111100000000000000000000000000000001111111111111111111100000000
000000000000000000000000000000001111111111111000000000000000000000000000000000000011111111100000000000000000000000001111111111111111111111111111111000
000000000000000000000000000000001111111111111000000000000000000000000000000000000011111111100000000000000000000000001111111111111111111111111111111000
000000000000000000000000000000001111111111110000000000000000000000000000000000000111111111000000000000000000000000111111111111111111111100011111111110
000000000000000000000000000000001111111111110000000000000000000000000000000000000111111111000000000000000000000000111111111111111111111100011111111110
000000000000000000000000000000001111111111110000000000000000000000000000000000000011111111000000000000000000000000001111111001111111111100000000001000
000000000000000000000000000000001111111111110000000000000000000000000000000000000011111111000000000000000000000000001111111001111111111100000000001000
000000000000111000000000000111111111111111110000000000000000000000000000000000000111111111100000000000000000000000000001100000111111111100000000000000
000000000000111000000000000111111111111111110000000000000000000000000000000000000111111111100000000000000000000000000001100000111111111100000000000000
011111111111111110001111111111000011111111110000000000000000000000000000000000000111111111110000000000000000000000000000000000111111111000000000000000
011111111111111110001111111111000011111111110000000000000000000000000000000000000111111111110000000000000000000000000000000000111111111000000000000000
011111111111111111111000100000000011111111110000000000000000000000000000000000001111111111110000000000000000000000000000000001111111111000000000000000
011111111111111111111000100000000011111111110000000000000000000000000000000000001111111111110000000000000000000000000000000001111111111000000000000000
000011111111111111111111111111111111111111111100000000000000000000000000000000001111111111111000000000000000000000000000000111111111111000000000000000
000011111111111111111111111111111111111111111100000000000000000000000000000000001111111111111000000000000000000000000000000111111111111000000000000000
000000011111111111111111111111100111111111111110000000000000000000000000000000011111111111111000000000000000000000000000001111111111111000000000000000
000000011111111111111111111111100111111111111110000000000000000000000000000000011111111111111000000000000000000000000000001111111111111000000000000000
000000000000111111111111111111111111111111111111000000000000000000000000000000011111111111111100000000000000000000000000011111111111111000000000000000
000000000000111111111111111111111111111111111111000000000000000000000000000000011111111111111100000000000000000000000000011111111111111000000000000000
000000000000000001111111111111111111111111111111100000000000000000000000000000111111111111111110000000000000000000000001111111111111111000000000000000
000000000000000001111111111111111111111111111111100000000000000000000000000000111111111111111110000000000000000000000001111111111111111000000000000000
000000000000000000000111111111111111111111111111111000000000000000000000000000111111111111111111000000000000000000000111111111111111111000000000000000
000000000000000000000111111111111111111111111111111000000000000000000000000000111111111111111111000000000000000000000111111111111111111000000000000000
000000000000000000000000011111111111111111111111111100000000000000000000000000011111111111111100000000000000000000011111111111111111110000000000000000
000000000000000000000000011111111111111111111111111100000000000000000000000000011111111111111100000000000000000000011111111111111111110000000000000000
000000000000000000000000000001111011111111111111111110000000000000000000000000001111111111000000000000000000000000111111111111111111110000000000000000
000000000000000000000000000001111011111111111111111110000000000000000000000000001111111111000000000000000000000000111111111111111111110000000000000000
000000000000000000000000000000000111111111111111111110000000000000000000000000001110000111000000000000000000000000011111111111111111110000000000000000
000000000000000000000000000000000111111111111111111110000000000000000000000000001110000111000000000000000000000000011111111111111111110000000000000000
000000000000000000000000000000001111111111111111110000000000000000000000000000011110000111000000000000000000000000000001111111111111110000000000000000
000000000000000000000000000000001111111111111111110000000000000000000000000000011110000111000000000000000000000000000001111111111111110000000000000000
000000000000000000000000000000000111110111110000000000000000000000000000000000011100000111000000000000000000000000000000011111001111100000000000000000
000000000000000000000000000000000111110111110000000000000000000000000000000000011100000111000000000000000000000000000000011111001111100000000000000000
000000000000000000000000000000001111101111100000000000000000000000000000000000111100000110000000000000000000000000000000011110000111100000000000000000
000000000000000000000000000000001111101111100000000000000000000000000000000000111100000110000000000000000000000000000000011110000111100000000000000000
000000000000000000000000000000001111111111000000000000000000000000000000000000111000000111000000000000000000000000000000111100000111100000000000000000
000000000000000000000000000000001111111111000000000000000000000000000000000000111000000111000000000000000000000000000000111100000111100000000000000000
000000000000000000000000000000000011111111100000000000000000000000000000000000111000000110000000000000000000000000000001111000000111100000000000000000
000000000000000000000000000000000011111111100000000000000000000000000000000000111000000110000000000000000000000000000001111000000111100000000000000000
000000000000000000000000000000000000111111110000000000000000000000000000000000111101111111111110000000000000000000000011110000000111100000000000000000
000000000000000000000000000000000000111111110000000000000000000000000000000000111101111111111110000000000000000000000011110000000111100000000000000000
000000000000000000000000000000000000001111111000000000000000000000000000000000111111111111111111000000000000000000000011100000000111000000000000000000
000000000000000000000000000000000000001111111000000000000000000000000000000000111111111111111111000000000000000000000011100000000111000000000000000000
000000000000000000000000000000000000000011111100000000000000000000000000000000001111111111111100000000000000000000001111000000000111100000000000000000
000000000000000000000000000000000000000011111100000000000000000000000000000000001111111111111100000000000000000000001111000000000111100000000000000000
000000000000000000000000000000000000000111111100000000000000000000000000000000000111111111110000000000000000000000001110000000000111000000000000000000
000000000000000000000000000000000000000111111100000000000000000000000000000000000111111111110000000000000000000000001110000000000111000000000000000000
000000000000000000000000000000000000111111111100000000000000000000000000000000000111111111110111111100000000000000001111111111111111000000000000000000
000000000000000000000000000000000000111111111100000000000000000000000000000000000111111111110111111100000000000000001111111111111111000000000000000000
000000000000000000000000000000000000111111111110000000000000000000000000000000000001111111111111110000000000000000001111111111111111110000000000000000
000000000000000000000000000000000000111111111110000000000000000000000000000000000001111111111111110000000000000000001111111111111111110000000000000000
000000000011111111000000000000000001111111111111110000000000000000000000000000000000000000000011111000000000000000011111111111111111110000000000000000
000000000011111111000000000000000001111111111111110000000000000000000000000000000000000000000011111000000000000000011111111111111111110000000000000000
000001111111111111111000000000111111111111111111111110000000000000000000000000000000000000000000000000110000000000000111111111111111111100000000000000
000001111111111111111000000000111111111111111111111110000000000000000000000000000000000000000000000000110000000000000111111111111111111100000000000000
000011111111111111111111111110000011111111111111111110000000000000000000000000000000000000000000000000000000000000000000000001111111111110000000000000
000011111111111111111111111110000011111111111111111110000000000000000000000000000000000000000000000000000000000000000000000001111111111110000000000000
000000111111111111111111111000000001111111111111100000000000000000000000000000000000000000000000000000000000000000000000001111111111111111100000000000
000000111111111111111111111000000001111111111111100000000000000000000000000000000000000000000000000000000000000000000000001111111111111111100000000000
000000001111111111111111111110000001111111111110000000000000000000000000000000000000000000000000000000000000000000000001111000111111111111110000000000
000000001111111111111111111110000001111111111110000000000000000000000000000000000000000000000000000000000000000000000001111000111111111111110000000000
000000000001111111111111111111110111111111111000000000000000000000000000000000000000000000000000000000000000000000000001100000000111111111111000000000
000000000001111111111111111111110111111111111000000000000000000000000000000000000000000000000000000000000000000000000001100000000111111111111000000000
000000000000011111111111111111111111111111000000000000000000000000000000000000000000000000000000000000000000000000000001110000000000011111111110000000
000000000000011111111111111111111111111111000000000000000000000000000000000000000000000000000000000000000000000000000001110000000000011111111110000000
000000000000000011111111111111111111110000000000000000000000000000000000000000000000000000000000000000000000000000000000111110000000000111111111100000
000000000000000011111111111111111111110000000000000000000000000000000000000000000000000000000000000000000000000000000000111110000000000111111111100000
000000000000000000111111111111111111111100000000000000000000000000000000000000000000000000000000000000000000000000000000000000000000000001111111111000
000000000000000000111111111111111111111100000000000000000000000000000000000000000000000000000000000000000000000000000000000000000000000001111111111000
000000000000000000000111111111111111111111110000000000000000000000000000000000000000000000000000000000000000000000000000000000000000000000000001111100
000000000000000000000111111111111111111111110000000000000000000000000000000000000000000000000000000000000000000000000000000000000000000000000001111100
111111111111111111111111111111111111111111111111111111111111111111111111111111111111111111111111111111111111111111111111111111111111111111111111111111
111111111111111111111111111111111111111111111111111111111111111111111111111111111111111111111111111111111111111111111111111111111111111111111111111111
