000000000000000000000000000000000000000000000000000000000000000000000000000000000000000000000000000000000000000000000000000000000000000000000000000000
000000000000000000000000000000000000000000000000000000000000000000000000000000000000000000000000000000000000000000000000000000000000000000000000000000
000000000000000000000000000000000000000000000000000000000000000000000000000000000000000000000000000000000000000000000000000000000000000000000000000000
000000000000000000000000000000000000000000000000000000000000000000000000000000000000000000000000000000000000000000000000000000000000000000000000000000
000000000000000000000000000000000000000000000000000000000000000000000000000000000000000000000000000000000000000000000000000000000000000000000000000000
000000000000000000000000000000000000000000000000000000000000000000000000000000000000000000000000000000000000000000000000000000000000000000000000000000
000000000000000000000000000000000000000000000000000000000000000000000000000000000000000000000000000000000000000000000000000000000000000000000000000000
000000000000000000000000000000000000000000000000000000000000000000000000000000000000000000000000000000000000000000000000000000000000000000000000000000
000000000000000000000000000000000000000000000000000000000000000000000000000000000000000000000000000000000000000000000000000000000000000000000000000000
000000000000000000000000000000000000000000000000000000000000000000000000000000000000000000000000000000000000000000000000000000000000000000000000000000
000000000000000000000000000000000000000000000000000000000000000000000000000000011100000000000000000000000000000000000000000000000000000000000000000000
000000000000000000000000000000000000000000000000000000000000000000000000000000011100000000000000000000000000000000000000000000000000000000000000000000
000000000000000000000000000000000000000000000000000000000000000000000000000000011100000000000000000000000000000000000000000000000000000000000000000000
000000000000000000000000000000000000000000000000000000000000000000000000000000011100000000000000000000000000000000000000000000000000000000000000000000
000000000000000000000000000000000110000000000000000000000000000000000000001011111111000000000000000000000000000000000000000000000010000000000000000000
000000000000000000000000000000000110000000000000000000000000000000000000001011111111000000000000000000000000000000000000000000000010000000000000000000
000000000000000000000000000000000111100000000000000000000000000000000000000111111111110000000000000000000000000000000000000000000010000000000000000000
000000000000000000000000000000000111100000000000000000000000000000000000000111111111110000000000000000000000000000000000000000000010000000000000000000
000000000000000000000000000000011111100000000000000000000000000000000000000111111111100000000000000000000000000000000000000000000011100000000000000000
000000000000000000000000000000011111100000000000000000000000000000000000000111111111100000000000000000000000000000000000000000000011100000000000000000
000000000000000000000000000111111111111110000000000000000000000000000000000111111111100000000000000000000000000000000000000000000111111000000000000000
000000000000000000000000000111111111111110000000000000000000000000000000000111111111100000000000000000000000000000000000000000000111111000000000000000
000000000000000000000000000001111111111100000000000000000000000000000000000011111111100000000000000000000000000000000000000000001111111111000000000000
000000000000000000000000000001111111111100000000000000000000000000000000000011111111100000000000000000000000000000000000000000001111111111000000000000
000000000000000000000000000001111111111100000000000000000000000000000000001111111111000000000000000000000000000000000000000001111111111111000000000001
000000000000000000000000000001111111111100000000000000000000000000000000001111111111000000000000000000000000000000000000000001111111111111000000000001
000000000000000000000000000001111111111110000000000000000000000000000000011111111111000000000000000000000000000000000000000000011111111111000000000110
000000000000000000000000000001111111111110000000000000000000000000000000011111111111000000000000000000000000000000000000000000011111111111000000000110
000000000000000000000000000000011111111111000000000000000000000000000000011111111111111000000000000000000000000000000000000000111111111111000000001000
000000000000000000000000000000011111111111000000000000000000000000000000011111111111111000000000000000000000000000000000000000111111111111000000001000
000000000000000000000000000000001111111110000000000000000000000000000000111111111111110000000000000000000000000000000000000000111111111100000000010000
000000000000000000000000000000001111111110000000000000000000000000000000111111111111110000000000000000000000000000000000000000111111111100000000010000
000000000000000000000000000000111111111000000000000000000000000000000001111111111111100000000000000000000000000000000000000000011111111000100001000000
000000000000000000000000000000111111111000000000000000000000000000000001111111111111100000000000000000000000000000000000000000011111111000100001000000
000000000000000000000000000000011111111100000000000000000000000000000000011111111111100000000000000000000000000000000000000000001111111111111110000000
000000000000000000000000000000011111111100000000000000000000000000000000011111111111100000000000000000000000000000000000000000001111111111111110000000
000000000000000000000000000000011111111110000000000000000000000000000000011111111100000000000000000000000000000000000000000001111111111111111111111100
000000000000000000000000000000011111111110000000000000000000000000000000011111111100000000000000000000000000000000000000000001111111111111111111111100
000000000000000000000000000000111111111110000000000000000000000000000000011111111000000000000000000000000000000000000000000001111111111111111111111111
000000000000000000000000000000111111111110000000000000000000000000000000011111111000000000000000000000000000000000000000000001111111111111111111111111
000000000000000000000000000000111111111100000000000000000000000000000000011111111110000000000000000000000000000000000000000000111111111111000011111111
000000000000000000000000000000111111111100000000000000000000000000000000011111111110000000000000000000000000000000000000000000111111111111000011111111
000000000000010000000000000111111111111100000000000000000000000000000000011111111111000000000000000000000000000000000000000000011111111111000000011111
000000000000010000000000000111111111111100000000000000000000000000000000011111111111000000000000000000000000000000000000000000011111111111000000011111
000011111111111100000000011111001111111100000000000000000000000000000000011111111111100000000000000000000000000000000000000000111111111110000000000000
000011111111111100000000011111001111111100000000000000000000000000000000011111111111100000000000000000000000000000000000000000111111111110000000000000
011111111111111111111111111100000111111110000000000000000000000000000000011111111111110000000000000000000000000000000000000001111111111100000000000000
011111111111111111111111111100000111111110000000000000000000000000000000011111111111110000000000000000000000000000000000000001111111111100000000000000
001111111111111111111111100000111111111111100000000000000000000000000000011111111111111000000000000000000000000000000000000001111111110000000000000000
001111111111111111111111100000111111111111100000000000000000000000000000011111111111111000000000000000000000000000000000000001111111110000000000000000
000000111111111111111111111111111111111111110000000000000000000000000000011111111111111110000000000000000000000000000000000011111111111000000000000000
000000111111111111111111111111111111111111110000000000000000000000000000011111111111111110000000000000000000000000000000000011111111111000000000000000
000000000011111111111111111111111111111111111000000000000000000000000000011111111111111111100000000000000000000000000000000111111111111100000000000000
000000000011111111111111111111111111111111111000000000000000000000000000011111111111111111100000000000000000000000000000000111111111111100000000000000
000000000000011111111111111111111111111111111100000000000000000000000000011111111111111111110000000000000000000000000000001111111111111110000000000000
000000000000011111111111111111111111111111111100000000000000000000000000011111111111111111110000000000000000000000000000001111111111111110000000000000
000000000000000001111111111111111111111111111110000000000000000000000000001111111111111111100000000000000000000000000000001111111111111111000000000000
000000000000000001111111111111111111111111111110000000000000000000000000001111111111111111100000000000000000000000000000001111111111111111000000000000
000000000000000000000111111111111111111111111111000000000000000000000000001111111111111000000000000000000000000000000000011111111111111111000000000000
000000000000000000000111111111111111111111111111000000000000000000000000001111111111111000000000000000000000000000000000011111111111111111000000000000
000000000000000000000000011111111111111111111111000000000000000000000000001110000000111000000000000000000000000000000000111111111111111111100000000000
000000000000000000000000011111111111111111111111000000000000000000000000001110000000111000000000000000000000000000000000111111111111111111100000000000
000000000000000000000000000001111111111111100000000000000000000000000000001110000000011100000000000000000000000000000001111111111111111111110000000000
000000000000000000000000000001111111111111100000000000000000000000000000001110000000011100000000000000000000000000000001111111111111111111110000000000
000000000000000000000000000000000111111111000000000000000000000000000000001110000000011100000000000000000000000000000011111111111111111111100000000000
000000000000000000000000000000000111111111000000000000000000000000000000001110000000011100000000000000000000000000000011111111111111111111100000000000
000000000000000000000000000000000111111110000000000000000000000000000000000110000000001110000000000000000000000000000000111111111111111110000000000000
000000000000000000000000000000000111111110000000000000000000000000000000000110000000001110000000000000000000000000000000111111111111111110000000000000
000000000000000000000000000000000011111110000000000000000000000000000000001110000000001110000000000000000000000000000000000001111111110000000000000000
000000000000000000000000000000000011111110000000000000000000000000000000001110000000001110000000000000000000000000000000000001111111110000000000000000
000000000000000000000000000000000001111111000000000000000000000000000000000110000000000110000000000000000000000000000000000000111111110000000000000000
000000000000000000000000000000000001111111000000000000000000000000000000000110000000000110000000000000000000000000000000000000111111110000000000000000
000000000000000000000000000000000000111111100000000000000000000000000000000111000000001110000000000000000000000000000000000011111011110000000000000000
000000000000000000000000000000000000111111100000000000000000000000000000000111000000001110000000000000000000000000000000000011111011110000000000000000
000000000000000000000000000000000000001111110000000000000000000000000000001111111111111111100000000000000000000000000000000111100011100000000000000000
000000000000000000000000000000000000001111110000000000000000000000000000001111111111111111100000000000000000000000000000000111100011100000000000000000
000000000000000000000000000000000000000111111000000000000000000000000000001111111111111111110000000000000000000000000000011110000111100000000000000000
000000000000000000000000000000000000000111111000000000000000000000000000001111111111111111110000000000000000000000000000011110000111100000000000000000
000000000000000000000000000000000000001111111100000000000000000000000000001111111111111100000000000000000000000000000000111100000111000000000000000000
000000000000000000000000000000000000001111111100000000000000000000000000001111111111111100000000000000000000000000000000111100000111000000000000000000
000000000000000000000000000000000001111111111110000000000000000000000000001111111111110000000000000000000000000000000000111000001110000000000000000000
000000000000000000000000000000000001111111111110000000000000000000000000001111111111110000000000000000000000000000000000111000001110000000000000000000
000000000000000000000000000000000011111111111110000000000000000000000000001111111111111000000000000000000000000000000000111111111111111110000000000000
000000000000000000000000000000000011111111111110000000000000000000000000001111111111111000000000000000000000000000000000111111111111111110000000000000
000000000000000000000000000000000011111111111111100000000000000000000000011100011111110000000000000000000000000000000001111111111111111111100000000000
000000000000000000000000000000000011111111111111100000000000000000000000011100011111110000000000000000000000000000000001111111111111111111100000000000
000000000001111111110000000000001111111111111111100000000000000000000000001110011110000000000000000000000000000000000000111111111111111111100000000000
000000000001111111110000000000001111111111111111100000000000000000000000001110011110000000000000000000000000000000000000111111111111111111100000000000
000000111111111111111100000111100111111111111111100000000000000000000000000011111000000000000000000000000000000000000000000111111111111111000000000000
000000111111111111111100000111100111111111111111100000000000000000000000000011111000000000000000000000000000000000000000000111111111111111000000000000
000000111111111111111111111000000011111111110000000000000000000000000000000000100000000000000000000000000000000000000000000000111111111100000000000000
000000111111111111111111111000000011111111110000000000000000000000000000000000100000000000000000000000000000000000000000000000111111111100000000000000
000000001111111111111111111100001111111111110000000000000000000000000000000011110000000000000000000000000000000000000000000001111111111111111000000000
000000001111111111111111111100001111111111110000000000000000000000000000000011110000000000000000000000000000000000000000000001111111111111111000000000
000000000011111111111111111111111111111111000000000000000000000000000000000000000000000000000000000000000000000000000000000000111111111111111111110000
000000000011111111111111111111111111111111000000000000000000000000000000000000000000000000000000000000000000000000000000000000111111111111111111110000
000000000000011111111111111111111100000000000000000000000000000000000000000000000000000000000000000000000000000000000000000000111111111111111111111111
000000000000011111111111111111111100000000000000000000000000000000000000000000000000000000000000000000000000000000000000000000111111111111111111111111
000000000000000111111111111111111111000000000000000000000000000000000000000000000000000000000000000000000000000000000000000000111111111000001111111111
000000000000000111111111111111111111000000000000000000000000000000000000000000000000000000000000000000000000000000000000000000111111111000001111111111
000000000000000001111111111111111111111000000000000000000000000000000000000000000000000000000000000000000000000000000000000000000000000111100000000000
000000000000000001111111111111111111111000000000000000000000000000000000000000000000000000000000000000000000000000000000000000000000000111100000000000
000000000000000000011111111111111111111110000000000000000000000000000000000000000000000000000000000000000000000000000000000000000000000000000000000000
000000000000000000011111111111111111111110000000000000000000000000000000000000000000000000000000000000000000000000000000000000000000000000000000000000
000000000000000000000011111111111111111111110000000000000000000000000000000000000000000000000000000000000000000000000000000000000000000000000000000000
000000000000000000000011111111111111111111110000000000000000000000000000000000000000000000000000000000000000000000000000000000000000000000000000000000
000000000000000000000000111111111111111111111100000000000000000000000000000000000000000000000000000000000000000000000000000000000000000000000000000000
000000000000000000000000111111111111111111111100000000000000000000000000000000000000000000000000000000000000000000000000000000000000000000000000000000
000000000000000000000000000111111111111111100000000000000000000000000000000000000000000000000000000000000000000000000000000000000000000000000000000000
000000000000000000000000000111111111111111100000000000000000000000000000000000000000000000000000000000000000000000000000000000000000000000000000000000
000000000000000000000000000001111111111000000000000000000000000000000000000000000000000000000000000000000000000000000000000000000000000000000000000000
000000000000000000000000000001111111111000000000000000000000000000000000000000000000000000000000000000000000000000000000000000000000000000000000000000
000000000000000000000000000000011110000000000000000000000000000000000000000000000000000000000000000000000000000000000000000000000000000000000000000000
000000000000000000000000000000011110000000000000000000000000000000000000000000000000000000000000000000000000000000000000000000000000000000000000000000
111111111111111111111111111111111111111111111111111111111111111111111111111111111111111111111111111111111111111111111111111111111111111111111111111111
111111111111111111111111111111111111111111111111111111111111111111111111111111111111111111111111111111111111111111111111111111111111111111111111111111
