000000000000000000000000000000000000000000000000000000000000000000000000000000000000000000000000000000000000000000000000000000000000000000000000000000
000000000000000000000000000000000000000000000000000000000000000000000000000000000000000000000000000000000000000000000000000000000000000000000000000000
000000000000000000000000000000000000000000000000000000000000000000000000000000000000000000000000000000000000000000000000000000000000000000000000000000
000000000000000000000000000000000000000000000000000000000000000000000000000000000000000000000000000000000000000000000000000000000000000000000000000000
000000000000000000000000000000000000000000000000000000000000000000000000000000000000000000000000000000000000000000000000000000000000000000000000000000
000000000000000000000000000000000000000000000000000000000000000000000000000000000000000000000000000000000000000000000000000000000000000000000000000000
000000000000000000000000000000000000000000000000000000000000000000000000000000000000000000000000000000000000000000000000000000000000000000000000000000
000000000000000000000000000000000000000000000000000000000000000000000000000000000000000000000000000000000000000000000000000000000000000000000000000000
000000000000000000000000000000000000000000000000000000000000100000000000000000000000000000000000000000000000000000000110000000000000000000000000000000
000000000000000000000000000000000000000000000000000000000000100000000000000000000000000000000000000000000000000000000110000000000000000000000000000000
000000000000000000000000000000000000000000000000000000000000110000000000000000000000000000000000000000000000000000000110000000000000000000000000000000
000000000000000000000000000000000000000000000000000000000000110000000000000000000000000000000000000000000000000000000110000000000000000000000000000000
000000000000000000000000000000000000000000000000000000000000111000000000000000000000000000000000000000000000000000011100000000000000000000000000000000
000000000000000000000000000000000000000000000000000000000000111000000000000000000000000000000000000000000000000000011100000000000000000000000000000000
000000001110000000000000000000000000000000000000000000000011111111110000000000000000000000000000000000000000000111111110000000000000000000000000000000
000000001110000000000000000000000000000000000000000000000011111111110000000000000000000000000000000000000000000111111110000000000000000000000000000000
000000001111000000000000000000000000000000000000000000011111111111110000000000000000000000000000000000000000111111111111000000000000000000000000000000
000000001111000000000000000000000000000000000000000000011111111111110000000000000000000000000000000000000000111111111111000000000000000000000000000000
000001111111000000000000000000000000000000000000000000001111111111110000000000000000000000000000000000000000011111111111110000000000000000000000000000
000001111111000000000000000000000000000000000000000000001111111111110000000000000000000000000000000000000000011111111111110000000000000000000000000000
011111111111110000000000000000000000000000000000000000001111111111111000000000000000000000000000000000000000111111111111100000000000000000000000000000
011111111111110000000000000000000000000000000000000000001111111111111000000000000000000000000000000000000000111111111111100000000000000000000000000000
011111111111111110000000000000000000000000000000000000000111111111111000000000000000000000000000000000000000111111111111100000000000000000000000000000
011111111111111110000000000000000000000000000000000000000111111111111000000000000000000000000000000000000000111111111111100000000000000000000000000000
001111111111111100000000000000000000000000000000000000000001111111111000000000000000000000000000000000000000111111111111100000000001111000000000000000
001111111111111100000000000000000000000000000000000000000001111111111000000000000000000000000000000000000000111111111111100000000001111000000000000000
011111111111111100000000000000000000000000000000000000000001111111110000000000000000000000000000000000000000111111111111111100111000000000000000000000
011111111111111100000000000000000000000000000000000000000001111111110000000000000000000000000000000000000000111111111111111100111000000000000000000000
001111111111111110000000000000000000000000000000000000001111111111111110000000000000000000000000111110001111111111111110000000000000000000000000000000
001111111111111110000000000000000000000000000000000000001111111111111110000000000000000000000000111110001111111111111110000000000000000000000000000000
000011111111111110000000000000000000000000000000000000011111111111111111000000000000000000000001111111111111111111111000000000000000000000000000000000
000011111111111110000000000000000000000000000000000000011111111111111111000000000000000000000001111111111111111111111000000000000000000000000000000000
000001111111111110000000000000000000000000000000000111111111111111111100000000000000000000000000111111111111111111111111000000000000000000000000000000
000001111111111110000000000000000000000000000000000111111111111111111100000000000000000000000000111111111111111111111111000000000000000000000000000000
000000111111111000000000000000000000000000000000000111111111111111111100000000000000000000000000111111111111111111111111000000000000000000000000000000
000000111111111000000000000000000000000000000000000111111111111111111100000000000000000000000000111111111111111111111111000000000000000000000000000000
000000111111111100000000000000000000000000000011111111111111111111111100000000000000000000000001111111000111111111111110000000000000000000000000000000
000000111111111100000000000000000000000000000011111111111111111111111100000000000000000000000001111111000111111111111110000000000000000000000000000000
000000111111111110000000000000000000000000000011111111000000111111111110000000000000000000000000110000001111111111111000000000000000000000000000000000
000000111111111110000000000000000000000000000011111111000000111111111110000000000000000000000000110000001111111111111000000000000000000000000000000000
000111111111111111000000000000000000000000000001111000000000011111111100000000000000000000000000000000001111111111110000000000000000000000000000000000
000111111111111111000000000000000000000000000001111000000000011111111100000000000000000000000000000000001111111111110000000000000000000000000000000000
111111111111111111000000000000000000000000000000000000000000111111111110000000000000000000000000000000001111111111100000000000000000000000000000000000
111111111111111111000000000000000000000000000000000000000000111111111110000000000000000000000000000000001111111111100000000000000000000000000000000000
110000011111111111100000000000000000000000000000000000000001111111111111000000000000000000000000000000001111111111110000000000000000000000000000000000
110000011111111111100000000000000000000000000000000000000001111111111111000000000000000000000000000000001111111111110000000000000000000000000000000000
000000001111111111110000000000000000000000000000000000000001111111111111000000000000000000000000000000001111111111100000000000000000000000000000000000
000000001111111111110000000000000000000000000000000000000001111111111111000000000000000000000000000000001111111111100000000000000000000000000000000000
000011111111111111111000000000000000000000000000000000000011111111111111000000000000000000000000000000011111111111110000000000000000000000000000000000
000011111111111111111000000000000000000000000000000000000011111111111111000000000000000000000000000000011111111111110000000000000000000000000000000000
111111111111111111111100000000000000000000000000000000000111111111111111000000000000000000000000000000111111111111110000000000000000000000000000000000
111111111111111111111100000000000000000000000000000000000111111111111111000000000000000000000000000000111111111111110000000000000000000000000000000000
111111111111111111111111000000000000000000000000000000000111111111111111100000000000000000000000000001111111111111111000000000000000000000000000000000
111111111111111111111111000000000000000000000000000000000111111111111111100000000000000000000000000001111111111111111000000000000000000000000000000000
111111111000111111111111100000000000000000000000000000001111111111111111110000000000000000000000000011111111111111111000000000000000000000000000000000
111111111000111111111111100000000000000000000000000000001111111111111111110000000000000000000000000011111111111111111000000000000000000000000000000000
111111111111111111111111110000000000000000000000000000011111111111111111111000000000000000000000001111111111111111111000000000000000000000000000000000
111111111111111111111111110000000000000000000000000000011111111111111111111000000000000000000000001111111111111111111000000000000000000000000000000000
111111111111111111111111110000000000000000000000000000011111111111111111111000000000000000000000111111111111111111111100000000000000000000000000000000
111111111111111111111111110000000000000000000000000000011111111111111111111000000000000000000000111111111111111111111100000000000000000000000000000000
111111111111111111111111111000000000000000000000000000001111111111111111111000000000000000000001111111111111111111111110000000000000000000000000000000
111111111111111111111111111000000000000000000000000000001111111111111111111000000000000000000001111111111111111111111110000000000000000000000000000000
111111111111111111111111111100000000000000000000000000000000111111111111100000000000000000000001111111111111111111111110000000000000000000000000000000
111111111111111111111111111100000000000000000000000000000000111111111111100000000000000000000001111111111111111111111110000000000000000000000000000000
111111111111111111111111111110000000000000000000000000000001111100111100000000000000000000000000111111111111111111111110000000000000000000000000000000
111111111111111111111111111110000000000000000000000000000001111100111100000000000000000000000000111111111111111111111110000000000000000000000000000000
111111000111111111111111111110000000000000000000000000000001111000011110000000000000000000000000001111111111111111111110000000000000000000000000000000
111111000111111111111111111110000000000000000000000000000001111000011110000000000000000000000000001111111111111111111110000000000000000000000000000000
000000000011111111111111111000000000000000000000000000000000111000001111000000000000000000000000000000111111111111111110000000000000000000000000000000
000000000011111111111111111000000000000000000000000000000000111000001111000000000000000000000000000000111111111111111110000000000000000000000000000000
000000001111111111111000000000000000000000000000000000000001111000000111100000000000000000000000000000001111000000111110000000000000000000000000000000
000000001111111111111000000000000000000000000000000000000001111000000111100000000000000000000000000000001111000000111110000000000000000000000000000000
000000001111111111000000000000000000000000000000000000000000111000000111100000000000000000000000000000011111000000011111000000000000000000000000000000
000000001111111111000000000000000000000000000000000000000000111000000111100000000000000000000000000000011111000000011111000000000000000000000000000000
000000001111111111110000000000000000000000000000000000000111111111111111110000000000000000000000000000011110000000001111000000000000000000000000000000
000000001111111111110000000000000000000000000000000000000111111111111111110000000000000000000000000000011110000000001111000000000000000000000000000000
000000000011111111111100000000000000000000000000000000001111111111111111111000000000000000000000000000011110000000001111000000000000000000000000000000
000000000011111111111100000000000000000000000000000000001111111111111111111000000000000000000000000000011110000000001111000000000000000000000000000000
000000000000001111111110000000000000000000000000000000000111111111111111100000000000000000000000000000011110000000001110000000000000000000000000000000
000000000000001111111110000000000000000000000000000000000111111111111111100000000000000000000000000000011110000000001110000000000000000000000000000000
000000000000000001111111000000000000000000000000000000000000111111111111000000000000000000000000000000011110000000001111000000000000000000000000000000
000000000000000001111111000000000000000000000000000000000000111111111111000000000000000000000000000000011110000000001111000000000000000000000000000000
000000000000000011111111111000000000000000000000000000000000111111111110000000000000000000000000000000011100000000011110000000000000000000000000000000
000000000000000011111111111000000000000000000000000000000000111111111110000000000000000000000000000000011100000000011110000000000000000000000000000000
000000000000011111111111111000000000000000000000000000111111111111111111100000000000000000000000000000011110000000011111000000000000000000000000000000
000000000000011111111111111000000000000000000000000000111111111111111111100000000000000000000000000000011110000000011111000000000000000000000000000000
000000000000111111111111111110000000000000000000000000011001111111111100000000000000000000000001111111111111111111011111000000000000000000000000000000
000000000000111111111111111110000000000000000000000000011001111111111100000000000000000000000001111111111111111111011111000000000000000000000000000000
000000001111111111111111111110000000000000000000000000011111111111111100000000000000000000000001111111111111111111111111000000000000000000000000000000
000000001111111111111111111110000000000000000000000000011111111111111100000000000000000000000001111111111111111111111111000000000000000000000000000000
011110000011111111111111111110000000000000000000000000111000111111100000000000000000000000000000111111111111111111111111000000000000000000000000000000
011110000011111111111111111110000000000000000000000000111000111111100000000000000000000000000000111111111111111111111111000000000000000000000000000000
000000000011111111111111100000000000000000000000111100000000000000000000000000000000000000000000111111111111111111111111000000000000000000000000000000
000000000011111111111111100000000000000000000000111100000000000000000000000000000000000000000000111111111111111111111111000000000000000000000000000000
000000000001111111111110000000000000000000000000000000000000000000000000000000000000000000000000011111111111111111111110000000000000000000000000000000
000000000001111111111110000000000000000000000000000000000000000000000000000000000000000000000000011111111111111111111110000000000000000000000000000000
010000000111111111111000000000000000000000000000000000000000000000000000000000000000000000000000011110000111111111111111100000000000000000000000000000
010000000111111111111000000000000000000000000000000000000000000000000000000000000000000000000000011110000111111111111111100000000000000000000000000000
111100001111111111110000000000000000000000000000000000000000000000000000000000000000000000000000011100000001111111111111100000000000000000000000000000
111100001111111111110000000000000000000000000000000000000000000000000000000000000000000000000000011100000001111111111111100000000000000000000000000000
111111111111111111000000000000000000000000000000000000000000000000000000000000000000000000000000000000000001111111111111000000000000000000000000000000
111111111111111111000000000000000000000000000000000000000000000000000000000000000000000000000000000000000001111111111111000000000000000000000000000000
111111111111000000000000000000000000000000000000000000000000000000000000000000000000000000000000000000000011111111111100000000000000000000000000000000
111111111111000000000000000000000000000000000000000000000000000000000000000000000000000000000000000000000011111111111100000000000000000000000000000000
111111111110000000000000000000000000000000000000000000000000000000000000000000000000000000000000000000001111111110000000000000000000000000000000000000
111111111110000000000000000000000000000000000000000000000000000000000000000000000000000000000000000000001111111110000000000000000000000000000000000000
111111111111100000000000000000000000000000000000000000000000000000000000000000000000000000000000000000000011111110000000000000000000000000000000000000
111111111111100000000000000000000000000000000000000000000000000000000000000000000000000000000000000000000011111110000000000000000000000000000000000000
111111111111111000000000000000000000000000000000000000000000000000000000000000000000000000000000000000000001111000000000000000000000000000000000000000
111111111111111000000000000000000000000000000000000000000000000000000000000000000000000000000000000000000001111000000000000000000000000000000000000000
111111111111111110000000000000000000000000000000000000000000000000000000000000000000000000000000000000001111111000000000000000000000000000000000000000
111111111111111110000000000000000000000000000000000000000000000000000000000000000000000000000000000000001111111000000000000000000000000000000000000000
111111111111111111100000000000000000000000000000000000000000000000000000000000000000000000000000000000001111000000000000000000000000000000000000000000
111111111111111111100000000000000000000000000000000000000000000000000000000000000000000000000000000000001111000000000000000000000000000000000000000000
111111111111111111111111111111111111111111111111111111111111111111111111111111111111111111111111111111111111111111111111111111111111111111111111111111
111111111111111111111111111111111111111111111111111111111111111111111111111111111111111111111111111111111111111111111111111111111111111111111111111111
