000000000000000000000000000000000000000000000000000000000000000000000000000000000000000000000000000000000000000000000000000001111000000000000000000000
000000000000000000000000000000000000000000000000000000000000000000000000000000000000000000000000000000000000000000000000000001111000000000000000000000
000000000000000000000000000000000000000000000000000000000000000000000000000000000000000000000000000000000000000000000000000000011100000000000000000000
000000000000000000000000000000000000000000000000000000000000000000000000000000000000000000000000000000000000000000000000000000011100000000000000000000
000000000000000000000000000000000000000000000000000000000000000000000000000000000000000000000000000000000000000000000000001000111000000000000000000000
000000000000000000000000000000000000000000000000000000000000000000000000000000000000000000000000000000000000000000000000001000111000000000000000000000
000000000000000000000000000000000000000000000000000000000000000000000000000000000000000000000000000000000000000000000000011111111000000000000000000000
000000000000000000000000000000000000000000000000000000000000000000000000000000000000000000000000000000000000000000000000011111111000000000000000000000
000000000000000000000000000000000000000000000000000000000000000000000000000000000000000000000000000000000000000111111111111111111111000000000000000000
000000000000000000000000000000000000000000000000000000000000000000000000000000000000000000000000000000000000000111111111111111111111000000000000000000
000000000000000000000000000000000000000000000000000000000000000000000000000000000000000000000000000000000000011111111111111111111111111000000000000000
000000000000000000000000000000000000000000000000000000000000000000000000000000000000000000000000000000000000011111111111111111111111111000000000000000
000000000000000000000000000000000000000000000000000000000000000000000000000000000000000000000000000000000000111111111111111111111111111111000000000000
000000000000000000000000000000000000000000000000000000000000000000000000000000000000000000000000000000000000111111111111111111111111111111000000000000
000000000000000000000000000000000000000000000000000000000000000000000000000000000000000000000000000000000001111111111111111111111111111111010000000000
000000000000000000000000000000000000000000000000000000000000000000000000000000000000000000000000000000000001111111111111111111111111111111010000000000
000000000000000000101100000000000000000000000000000000000000000000000000000000000000000000000000000000000001111111111111111111111111111111100000000000
000000000000000000101100000000000000000000000000000000000000000000000000000000000000000000000000000000000001111111111111111111111111111111100000000000
000000000000000001111100000000000000000000000000000000000000000000000000000000000000000000000000001111111100111111111111111111111111111111110000000000
000000000000000001111100000000000000000000000000000000000000000000000000000000000000000000000000001111111100111111111111111111111111111111110000000000
000000000000000001111100000000000000000000000000000000000000000000000000000000000000000000000000111111111111111111111111111111111111111111000000000000
000000000000000001111100000000000000000000000000000000000000000000000000000000000000000000000000111111111111111111111111111111111111111111000000000000
000000000000000111111111100000000000000000000000000000000000000000000000000000000000000000000000111111111111111111111111111111111111111110000000000000
000000000000000111111111100000000000000000000000000000000000000000000000000000000000000000000000111111111111111111111111111111111111111110000000000000
000000000000001111111111111000000000000000000000000000000000000000000000000000000000000000000000011111111111111111111111111111111111111111000001111111
000000000000001111111111111000000000000000000000000000000000000000000000000000000000000000000000011111111111111111111111111111111111111111000001111111
000000000000111111111111111111000000000000000000000000000000000000000000000000000000000000000000000111111111111111111111111111111111111111111110000111
000000000000111111111111111111000000000000000000000000000000000000000000000000000000000000000000000111111111111111111111111111111111111111111110000111
000000000011111111111111111111101110000000000000000000000000000000000000000000000000000000000000000011111111111111111111111111111111111111101111000000
000000000011111111111111111111101110000000000000000000000000000000000000000000000000000000000000000011111111111111111111111111111111111111101111000000
000000111111111111111111111111111100000000000000000000000000000000000000000000000000000000000000000000011111111111111111111111111111111111000000000000
000000111111111111111111111111111100000000000000000000000000000000000000000000000000000000000000000000011111111111111111111111111111111111000000000000
000000001111111111111111111111110000000000000000000000000000000000000000000000000000000000000000000011111111111111111111111111111111111111000000000000
000000001111111111111111111111110000000000000000000000000000000000000000000000000000000000000000000011111111111111111111111111111111111111000000000000
000000000111111111111111111111111000000000000000000000000000000000000000000000000000000000000000000011111111111111111111111111111111111110000000000000
000000000111111111111111111111111000000000000000000000000000000000000000000000000000000000000000000011111111111111111111111111111111111110000000000000
000000000111111111111111111111111100000000000000000000000000000000000000000000000000111110000000001111111111111111111111111111111111111100000000000000
000000000111111111111111111111111100000000000000000000000000000000000000000000000000111110000000001111111111111111111111111111111111111100000000000000
000000000111111111111111111111111100000000000000000000000000000000000000000000001111111111011111000011111111111111111111111111111111111000000000000000
000000000111111111111111111111111100000000000000000000000000000000000000000000001111111111011111000011111111111111111111111111111111111000000000000000
000000000011111111111111111111111110000000000000000000000000000000000000000000010111111111111110000000001111111111111111111111111111110000000000000000
000000000011111111111111111111111110000000000000000000000000000000000000000000010111111111111110000000001111111111111111111111111111110000000000000000
000000000001111111111111111111111110000000000000000000000000000000000000000000110111111111110000000001111111111111111111111111111111111111000000000000
000000000001111111111111111111111110000000000000000000000000000000000000000000110111111111110000000001111111111111111111111111111111111111000000000000
000000000000000111111111111111111110000000000000000000000000000000000000000000000001111111111000000011111111111111111111111111111111111111000000000000
000000000000000111111111111111111110000000000000000000000000000000000000000000000001111111111000000011111111111111111111111111111111111111000000000000
000000000000000111111111111111111100000000000000000000000000000000000000000000000001111111111000111111111111111111111111111111111111111111000000000000
000000000000000111111111111111111100000000000000000000000000000000000000000000000001111111111000111111111111111111111111111111111111111111000000000000
000000000000000111111111111111111000000000000000000000000000000000000000000000000001111111110011111111111111111111111111111111111111111111100000000000
000000000000000111111111111111111000000000000000000000000000000000000000000000000001111111110011111111111111111111111111111111111111111111100000000000
000000000000111111111111111111110000000000000000000000000000000000000000000000000001111111110111111111111111111111111111111111111111111111100000000000
000000000000111111111111111111110000000000000000000000000000000000000000000000000001111111110111111111111111111111111111111111111111111111100000000000
000001111111111111111111111111111111000000000000000000000000000000000000000000000001111111111111111111111111111111111111111111111111111111000000000000
000001111111111111111111111111111111000000000000000000000000000000000000000000000001111111111111111111111111111111111111111111111111111111000000000000
111111111111111111111111111111111111111110000000000000000000000000000000000000000000111111111111111111111111111111111111111111111111111110000000000000
111111111111111111111111111111111111111110000000000000000000000000000000000000000000111111111111111111111111111111111111111111111111111110000000000000
111110000011111111111111111111111111111110000000000000000000000000000000000000000001111111111111111111100111111111111111111111111111111000000000000000
111110000011111111111111111111111111111110000000000000000000000000000000000000000001111111111111111111100111111111111111111111111111111000000000000000
111111011111111111111111111111111111111000000000000000000000000000000000000000000001111111111111111000001111111111111111111111111111100000000000000000
111111011111111111111111111111111111111000000000000000000000000000000000000000000001111111111111111000001111111111111111111111111111100000000000000000
111111111111111111111111111111111111110000000000000000000000000000000000000000000001111111111111000000001111111111111111111111111111000000000000000000
111111111111111111111111111111111111110000000000000000000000000000000000000000000001111111111111000000001111111111111111111111111111000000000000000000
111111111111111111111111111111111111100000000000000000000000000000000000000000000000011111110000000000001111111111111111111111111111000000000000000000
111111111111111111111111111111111111100000000000000000000000000000000000000000000000011111110000000000001111111111111111111111111111000000000000000000
111111111111111111111111111111111111000000000000000000000000000000000000000000000000000000000000000000001111111111111111111111111111000000000000000000
111111111111111111111111111111111111000000000000000000000000000000000000000000000000000000000000000000001111111111111111111111111111000000000000000000
111111111111111111111111111111111111100000000000000000000000000000000000000000000000000000000000000000001111111111111111111111111110000000000000000000
111111111111111111111111111111111111100000000000000000000000000000000000000000000000000000000000000000001111111111111111111111111110000000000000000000
111111111100111111111111111111111111110000000000000000000000000000000000000000000000000000000000000000001111111111111111111111111100000000000000000000
111111111100111111111111111111111111110000000000000000000000000000000000000000000000000000000000000000001111111111111111111111111100000000000000000000
111111110000000111111111111111111111110000000000000000000000000000000000000000000000000000000000000000001111111111111111111111111110000000000000000000
111111110000000111111111111111111111110000000000000000000000000000000000000000000000000000000000000000001111111111111111111111111110000000000000000000
111111000000000011111111111111111111111000000000000000000000000000000000000000000000000000000000000000001111111111111111111111111110000000000000000000
111111000000000011111111111111111111111000000000000000000000000000000000000000000000000000000000000000001111111111111111111111111110000000000000000000
111100000000000000111111111111111111111000000000000000000000000000000000000000000000000000000000000000001111111111111111111111111111000000000000000000
111100000000000000111111111111111111111000000000000000000000000000000000000000000000000000000000000000001111111111111111111111111111000000000000000000
000000000000000000011111111111111111111100000000000000000000000000000000000000000000000000000000000000001111111111111111111111111111000000000000000000
000000000000000000011111111111111111111100000000000000000000000000000000000000000000000000000000000000001111111111111111111111111111000000000000000000
000000000000000000001111111111111111110100000000000000000000000000000000000000000000000000000000000000000011111111111111111111111000000000000000000000
000000000000000000001111111111111111110100000000000000000000000000000000000000000000000000000000000000000011111111111111111111111000000000000000000000
000000000000000000000111111111111111111000000000000000000000000000000000000000000000000000000000000000000011111111111111111111111100000000000000000000
000000000000000000000111111111111111111000000000000000000000000000000000000000000000000000000000000000000011111111111111111111111100000000000000000000
000000000000000000011111111111111111111000000000000000000000000000000000000000000000000000000000000000000011111111111111111111111100000000000000000000
000000000000000000011111111111111111111000000000000000000000000000000000000000000000000000000000000000000011111111111111111111111100000000000000000000
000000000000000000111111111111111111111100000000000000000000000000000000000000000000000000000000000000001111111111111111111111111111000000000000000000
000000000000000000111111111111111111111100000000000000000000000000000000000000000000000000000000000000001111111111111111111111111111000000000000000000
000000000000000001111111111111111111111100000000000000000000000000000000000000000000000000000000000000011111111111111111111111111111100000000000000000
000000000000000001111111111111111111111100000000000000000000000000000000000000000000000000000000000000011111111111111111111111111111100000000000000000
000000000000000011111111111111111111111110000000000000000000000000000000000000000000000000000000000000011111111111111111111111111111100000000000000000
000000000000000011111111111111111111111110000000000000000000000000000000000000000000000000000000000000011111111111111111111111111111100000000000000000
000000000000000111111111111111111111111110000000000000000000000000000000000000000000000000000000000000111111111111111111111111111111110000000000000000
000000000000000111111111111111111111111110000000000000000000000000000000000000000000000000000000000000111111111111111111111111111111110000000000000000
000000000000001111111111111111111111111110000000000000000000000000000000000000000000000000000000000001111111111111111111111111111111111000000000000000
000000000000001111111111111111111111111110000000000000000000000000000000000000000000000000000000000001111111111111111111111111111111111000000000000000
000000000000001111111111111111111111111111000000000000000000000000000000000000000000000000000000000011111111111111111111111111111111111000000000000000
000000000000001111111111111111111111111111000000000000000000000000000000000000000000000000000000000011111111111111111111111111111111111000000000000000
000000000000011111111111111111111111111111000000000000000000000000000000000000000000000000000000000011111111111111111111111111111111111100000000000000
000000000000011111111111111111111111111111000000000000000000000000000000000000000000000000000000000011111111111111111111111111111111111100000000000000
000000000000111111111111111111111111111111000000000000000000000000000000000000000000000000000000000111111111111111111111111111111111111100000000000000
000000000000111111111111111111111111111111000000000000000000000000000000000000000000000000000000000111111111111111111111111111111111111100000000000000
000000000000111111111111111111111111111111000000000000000000000000000000000000000000000000000000000111111111111111111111111111111111111110000000000000
000000000000111111111111111111111111111111000000000000000000000000000000000000000000000000000000000111111111111111111111111111111111111110000000000000
000000000001111111111111111111111111111111000000000000000000000000000000000000000000000000000000001111111111111111111111111111111111111110000000000000
000000000001111111111111111111111111111111000000000000000000000000000000000000000000000000000000001111111111111111111111111111111111111110000000000000
000000000011111111111111111111111111111111000000000000000000000000000000000000000000000000000000011111111111111111111111111111111111111111000000000000
000000000011111111111111111111111111111111000000000000000000000000000000000000000000000000000000011111111111111111111111111111111111111111000000000000
000000000011111111111111111111111111111111100000000000000000000000000000000000000000000000000000111111111111111111111111111111111111111111000000000000
000000000011111111111111111111111111111111100000000000000000000000000000000000000000000000000000111111111111111111111111111111111111111111000000000000
000000000111111111111111111111111111111111100000000000000000000000000000000000000000000000000001111111111111111111111111111111111111111111100000000000
000000000111111111111111111111111111111111100000000000000000000000000000000000000000000000000001111111111111111111111111111111111111111111100000000000
000000001111111111111111111111111111111111110000000000000000000000000000000000000000000000000011111111111111111111111111111111111111111111100000000000
000000001111111111111111111111111111111111110000000000000000000000000000000000000000000000000011111111111111111111111111111111111111111111100000000000
000000001111111111111111111111111111111111110000000000000000000000000000000000000000000000001111111111111111111111111111111111111111111111110000000000
000000001111111111111111111111111111111111110000000000000000000000000000000000000000000000001111111111111111111111111111111111111111111111110000000000
111111111111111111111111111111111111111111111111111111111111111111111111111111111111111111111111111111111111111111111111111111111111111111111111111111
111111111111111111111111111111111111111111111111111111111111111111111111111111111111111111111111111111111111111111111111111111111111111111111111111111
