000000000000000000000000000000000000000000000000000000000000000000000000000000000000000000000000000000000000000000000000000000000000000000000000000000
000000000000000000000000000000000000000000000000000000000000000000000000000000000000000000000000000000000000000000000000000000000000000000000000000000
011000000000000000000000000000000000000000000000000000000000000000000000000000000000000000000000000000000000000000000000000000000000000000000000000000
011000000000000000000000000000000000000000000000000000000000000000000000000000000000000000000000000000000000000000000000000000000000000000000000000000
011100000000000000000000000000000000000000000000000000000000000000000000000000000000000000000000000000000000000000000000000000000000000000000000000000
011100000000000000000000000000000000000000000000000000000000000000000000000000000000000000000000000000000000000000000000000000000000000000000000000000
111111000000000000000000000000000000000000000000000000000000000000000000000000000000000000000000000000000000000000000000000000000000000000000000000000
111111000000000000000000000000000000000000000000000000000000000000000000000000000000000000000000000000000000000000000000000000000000000000000000000000
111111110000000000000000000000000000000000000000000000000000000000000000000000000000000000000000000000000000000000000000000000000000000000000000000000
111111110000000000000000000000000000000000000000000000000000000000000000000000000000000000000000000000000000000000000000000000000000000000000000000000
111111100000000000000000000000000000000000000000000000000000000000000000000000000000000000000000000000000000000000000000000000000000000000000000000000
111111100000000000000000000000000000000000000000000000000000000000000000000000000000000000000000000000000000000000000000000000000000000000000000000000
111111100000000000000000000000000000000000000000000000000000000000000000000000000000000000000000000000000000000000000000000000000000000000000000000000
111111100000000000000000000000000000000000000000000000000000000000000000000000000000000000000000000000000000000000000000000000000000000000000000000000
111111000000000000000000000000000000000000000000000000000000000000000000000000000000000000000000000000000000000000000000000000000000000000000000000000
111111000000000000000000000000000000000000000000000000000000000000000000000000000000000000000000000000000000000000000000000000000000000000000000000000
111111110000000000000000000000000000000000000000000000000000000000000000000000000000000000000000000000000000000000000000000000000000000000000000000000
111111110000000000000000000000000000000000000000000000000000000000000000000000000000000000000000000000000000000000000000000000000000000000000000000000
111111111100000000000000000000000000000000000000000000000000000000000000000000000000000000000000000000010110000000000000000000000000000000000000000000
111111111100000000000000000000000000000000000000000000000000000000000000000000000000000000000000000000010110000000000000000000000000000000000000000000
111111111110000000000000000000000000000000000000000000000000000000000000000000000000000000000000000000111110000000000000000000000000000000000000000000
111111111110000000000000000000000000000000000000000000000000000000000000000000000000000000000000000000111110000000000000000000000000000000000000000000
111111111111111000000000000000000000000000000000000000000000000000000000000000000000000000000000000000011111100000000000000000000000000000000000000000
111111111111111000000000000000000000000000000000000000000000000000000000000000000000000000000000000000011111100000000000000000000000000000000000000000
111111111111111111000000000000000000000000000000000000000000000000000000000000000000000000000000000000111111111111111000000000000000000000000000000000
111111111111111111000000000000000000000000000000000000000000000000000000000000000000000000000000000000111111111111111000000000000000000000000000000000
111111111111111110000000000000000000000000000000000000000000000000000000000000000000000000000000000011111111111111111111100000000000000000000000000000
111111111111111110000000000000000000000000000000000000000000000000000000000000000000000000000000000011111111111111111111100000000000000000000000000000
111111111111111000000000000000000000000000000000000000000000000000000000000000000000000000000000001111111111111111111111000000000000000000000000000000
111111111111111000000000000000000000000000000000000000000000000000000000000000000000000000000000001111111111111111111111000000000000000000000000000000
111111111111110000000000000000000000000000000000000000000000000000000000000000000000000000000000111111111111111111111110000000000000000000000000000000
111111111111110000000000000000000000000000000000000000000000000000000000000000000000000000000000111111111111111111111110000000000000000000000000000000
111111111111111000000000000000000000000000000000000000000000000000000000000000000000000000000011111111111111111111111110000000000000000000000000000000
111111111111111000000000000000000000000000000000000000000000000000000000000000000000000000000011111111111111111111111110000000000000000000000000000000
111111111111111000000000000000000000000000000000000000000000000000000000000000000000000000000000111111111111111111111111000000000000000000000000000000
111111111111111000000000000000000000000000000000000000000000000000000000000000000000000000000000111111111111111111111111000000000000000000000000000000
111111111111111100000000000000000000000000000000000000000000000000000000000000000000000000000000001111111111111111111111000000000000000000000000000000
111111111111111100000000000000000000000000000000000000000000000000000000000000000000000000000000001111111111111111111111000000000000000000000000000000
111111111111111110000000000000000000000000000000000000000000000000000000000000000000000000000000011111111111111111111111000000000000000000000000000000
111111111111111110000000000000000000000000000000000000000000000000000000000000000000000000000000011111111111111111111111000000000000000000000000000000
111111111111111110000000000000000000000000000000000000000000000000000000000000000000000000000000011111111111111111111110000000000000000000000000000000
111111111111111110000000000000000000000000000000000000000000000000000000000000000000000000000000011111111111111111111110000000000000000000000000000000
111111111111111110000000000000000000000000000000000000000000000000000000000000000000000000000000111111111111111111111000000000000000111100000000000000
111111111111111110000000000000000000000000000000000000000000000000000000000000000000000000000000111111111111111111111000000000000000111100000000000000
111111111111111110000000000000000000000000000000000000000000000000000000000000000000000000000000111111111111111111111000000000000011111111100000000000
111111111111111110000000000000000000000000000000000000000000000000000000000000000000000000000000111111111111111111111000000000000011111111100000000000
111111111111111110000000000000000000000000000000000000000000000000000000000000000000000000000001111111111111111111111111111111111111111111100000000111
111111111111111110000000000000000000000000000000000000000000000000000000000000000000000000000001111111111111111111111111111111111111111111100000000111
111111111111111010000000000000000000000000000000000000000000000000000000000000000000000000000011111111111111111111010100011111111111111111111111111111
111111111111111010000000000000000000000000000000000000000000000000000000000000000000000000000011111111111111111111010100011111111111111111111111111111
111111111111100000000000000000000000000000000000000000000000000000000000000000000000000000000001111111111111111111100000111000000111111111111111111111
111111111111100000000000000000000000000000000000000000000000000000000000000000000000000000000001111111111111111111100000111000000111111111111111111111
111111111110000000000000000000000000000000000000000000000000000000000000000000000000000000000000101111111111111111111111111100111111111111011100011111
111111111110000000000000000000000000000000000000000000000000000000000000000000000000000000000000101111111111111111111111111100111111111111011100011111
111111111111000000000000000000000000000000000000000000000000000000000000000000000000000000000011111111111111111111111111111111111111111110011100000111
111111111111000000000000000000000000000000000000000000000000000000000000000000000000000000000011111111111111111111111111111111111111111110011100000111
111111111111100000000000000000000000000000000000000000000000000000000000000000000000000000000001111111111111111111111111111111111111111111111000000001
111111111111100000000000000000000000000000000000000000000000000000000000000000000000000000000001111111111111111111111111111111111111111111111000000001
111111111111110000000000000000000000000000000000000000000000000000000000000000000000000000000000111111111111111111111111111111111111111110000000000000
111111111111110000000000000000000000000000000000000000000000000000000000000000000000000000000000111111111111111111111111111111111111111110000000000000
111111111111111000000000000000000000000000000000000000000000000000000000000000000000000000000000001111111111111111111111111111111111111111000000000000
111111111111111000000000000000000000000000000000000000000000000000000000000000000000000000000000001111111111111111111111111111111111111111000000000000
111111111111111000000000000000000000000000000000000000000000000000000000000000000000000000000000000111111111111111111111111111111111111111100000000000
111111111111111000000000000000000000000000000000000000000000000000000000000000000000000000000000000111111111111111111111111111111111111111100000000000
111111111111110000000000000000000000000000000000000000000000000000000000000000000000000000000000000001111111111111111111110000001111111111110000000000
111111111111110000000000000000000000000000000000000000000000000000000000000000000000000000000000000001111111111111111111110000001111111111110000000000
111111111111110000000000000000000000000000000000000000000000000000000000000000000000000000000000000000111111111111111111111000000000011111110000000000
111111111111110000000000000000000000000000000000000000000000000000000000000000000000000000000000000000111111111111111111111000000000011111110000000000
111111111111100000000000000000000000000000000000000000000000000000000000000000000000000000000000000000111111111111111111111000000000000000000000000000
111111111111100000000000000000000000000000000000000000000000000000000000000000000000000000000000000000111111111111111111111000000000000000000000000000
111111111111100000000000000000000000000000000000000000000000000000000000000000000000000000000000000000111111111111111111110000000000000000000000000000
111111111111100000000000000000000000000000000000000000000000000000000000000000000000000000000000000000111111111111111111110000000000000000000000000000
111111111111100000000000000000000000000000000000000000000000000000000000000000000000000000000000000000111111111111111111110000000000000000000000000000
111111111111100000000000000000000000000000000000000000000000000000000000000000000000000000000000000000111111111111111111110000000000000000000000000000
111111111111000000000000000000000000000000000000000000000000000000000000000000000000000000000000000011111111111111111111100000000000000000000000000000
111111111111000000000000000000000000000000000000000000000000000000000000000000000000000000000000000011111111111111111111100000000000000000000000000000
111111111111000000000000000000000000000000000000000000000000000000000000000000000000000000000000000011111111111111111111000000000000000000000000000000
111111111111000000000000000000000000000000000000000000000000000000000000000000000000000000000000000011111111111111111111000000000000000000000000000000
111111111111000000000000000000000000000000000000000000000000000000000000000000000000000000000000000001111111111111111110000000000000000000000000000000
111111111111000000000000000000000000000000000000000000000000000000000000000000000000000000000000000001111111111111111110000000000000000000000000000000
111111111111100000000000000000000000000000000000000000000000000000000000000000000000000000000000000001111111111111111100000000000000000000000000000000
111111111111100000000000000000000000000000000000000000000000000000000000000000000000000000000000000001111111111111111100000000000000000000000000000000
111111111111110000000000000000000000000000000000000000000000000000000000000000000000000000000000000001111111111111111110000000000000000000000000000000
111111111111110000000000000000000000000000000000000000000000000000000000000000000000000000000000000001111111111111111110000000000000000000000000000000
111111111111110000000000000000000000000000000000000000000000000000000000000000000000000000000000000011111111111111111111000000000000000000000000000000
111111111111110000000000000000000000000000000000000000000000000000000000000000000000000000000000000011111111111111111111000000000000000000000000000000
111111111111111000000000000000000000000000000000000000000000000000000000000000000000000000000000000111111111111111111111100000000000000000000000000000
111111111111111000000000000000000000000000000000000000000000000000000000000000000000000000000000000111111111111111111111100000000000000000000000000000
111111111110000000000000000000000000000000000000000000000000000000000000000000000000000000000000001111111111111111111111110000000000000000000000000000
111111111110000000000000000000000000000000000000000000000000000000000000000000000000000000000000001111111111111111111111110000000000000000000000000000
111111111111100000000000000000000000000000000000000000000000000000000000000000000000000000000000001111111111111111111111110000000000000000000000000000
111111111111100000000000000000000000000000000000000000000000000000000000000000000000000000000000001111111111111111111111110000000000000000000000000000
111111111111110000000000000000000000000000000000000000000000000000000000000000000000000000000000011111111111111111111111111100000000000000000000000000
111111111111110000000000000000000000000000000000000000000000000000000000000000000000000000000000011111111111111111111111111100000000000000000000000000
111111111111111100000000000000000000000000000000000000000000000000000000000000000000000000000000011111111111111111111111111100000000000000000000000000
111111111111111100000000000000000000000000000000000000000000000000000000000000000000000000000000011111111111111111111111111100000000000000000000000000
111111111111111111000000000000000000000000000000000000000000000000000000000000000000000000000000011111111111111111111111111110000000000000000000000000
111111111111111111000000000000000000000000000000000000000000000000000000000000000000000000000000011111111111111111111111111110000000000000000000000000
111111111111111111100000000000000000000000000000000000000000000000000000000000000000000000000000111111111111111111111111111110000000000000000000000000
111111111111111111100000000000000000000000000000000000000000000000000000000000000000000000000000111111111111111111111111111110000000000000000000000000
111111111111111111111000000000000000000000000000000000000000000000000000000000000000000000000000111111111111111111111111111111000000000000000000000000
111111111111111111111000000000000000000000000000000000000000000000000000000000000000000000000000111111111111111111111111111111000000000000000000000000
111111111111111111111100000000000000000000000000000000000000000000000000000000000000000000000000111111111111111111111111111111100000000000000000000000
111111111111111111111100000000000000000000000000000000000000000000000000000000000000000000000000111111111111111111111111111111100000000000000000000000
111111111111111111111110000000000000000000000000000000000000000000000000000000000000000000000001111111111111111111111111111111110000000000000000000000
111111111111111111111110000000000000000000000000000000000000000000000000000000000000000000000001111111111111111111111111111111110000000000000000000000
111111111111111111111110000000000000000000000000000000000000000000000000000000000000000000000001111111111111111111111111111111110000000000000000000000
111111111111111111111110000000000000000000000000000000000000000000000000000000000000000000000001111111111111111111111111111111110000000000000000000000
111111111111111111111111100000000000000000000000000000000000000000000000000000000000000000000001111111111111111111111111111111111000000000000000000000
111111111111111111111111100000000000000000000000000000000000000000000000000000000000000000000001111111111111111111111111111111111000000000000000000000
111111111111111111111111110000000000000000000000000000000000000000000000000000000000000000000011111111111111111111111111111111111000000000000000000000
111111111111111111111111110000000000000000000000000000000000000000000000000000000000000000000011111111111111111111111111111111111000000000000000000000
111111111111111111111111111000000000000000000000000000000000000000000000000000000000000000000011111111111111111111111111111111111100000000000000000000
111111111111111111111111111000000000000000000000000000000000000000000000000000000000000000000011111111111111111111111111111111111100000000000000000000
111111111111111111111111111111111111111111111111111111111111111111111111111111111111111111111111111111111111111111111111111111111111111111111111111111
111111111111111111111111111111111111111111111111111111111111111111111111111111111111111111111111111111111111111111111111111111111111111111111111111111
