000000000000000000000000000000000000000000000000000000000000000000000000000000000000000011111111111111111111100000000000000000000000000000000000000000
000000000000000000000000000000000000000000000000000000000000000000000000000000000000000011111111111111111111100000000000000000000000000000000000000000
000000000000000000000000000000000000000000000000000000000000000000000000000000000000000001111111111111111111111000000000000000000000000000000000000000
000000000000000000000000000000000000000000000000000000000000000000000000000000000000000001111111111111111111111000000000000000000000000000000000000000
000000000000000000000000000000000000000000000000000000000000000000000000000000000000000000111111111111111111111111111110000000000000000000000000000000
000000000000000000000000000000000000000000000000000000000000000000000000000000000000000000111111111111111111111111111110000000000000000000000000000000
000000000000000000000000000000000000000000000000000000000000000000000000000000000000000000011111111111111111111111111111110000000000000000000000000000
000000000000000000000000000000000000000000000000000000000000000000000000000000000000000000011111111111111111111111111111110000000000000000000000000000
000000000000000000000000000000000000000000000000000000000000000000000000000000000000000000111111111111111111111111111111111100000000000000000000000000
000000000000000000000000000000000000000000000000000000000000000000000000000000000000000000111111111111111111111111111111111100000000000000000000000000
000000000000000000000000000000000000000000000000000000000000000000000000000000000000111111111111111111111111111111111111111111000000000000000000000000
000000000000000000000000000000000000000000000000000000000000000000000000000000000000111111111111111111111111111111111111111111000000000000000000000000
000000000000000000000000000000000000000000000000000000000000000000000000000000000111111111111111111111111111111111111111111111100000000000000000000000
000000000000000000000000000000000000000000000000000000000000000000000000000000000111111111111111111111111111111111111111111111100000000000000000000000
000000000000000000000000000000000000000000000000000000000000000000000000000000111111111111111111111111111111111111111111111111110000000000000000000000
000000000000000000000000000000000000000000000000000000000000000000000000000000111111111111111111111111111111111111111111111111110000000000000000000000
000000000000000000000000000000000000000000000000000000000000000000000000000001111111111111111111111111111111111111111111111111111000000000000000000000
000000000000000000000000000000000000000000000000000000000000000000000000000001111111111111111111111111111111111111111111111111111000000000000000000000
000000000000000000000000000000000000000000000000000000000000000000000000001111111111111111111111111111111111111111111111111111111000000000000000000000
000000000000000000000000000000000000000000000000000000000000000000000000001111111111111111111111111111111111111111111111111111111000000000000000000000
000000000000000000000000000000000000000000000000000000000000000000000000011111111111111111111111111111111111111111111111111111111100000000000000000000
000000000000000000000000000000000000000000000000000000000000000000000000011111111111111111111111111111111111111111111111111111111100000000000000000000
000000000000000000000000000000000000000000000000000000000000000000000000111111111111111111111111111111111111111111111111111111111110000000000000000000
000000000000000000000000000000000000000000000000000000000000000000000000111111111111111111111111111111111111111111111111111111111110000000000000000000
000000000000000000000000000000000000000000000000000000000000000000000001111111111111111111111111111111111111111111111111111111111111000000000000000000
000000000000000000000000000000000000000000000000000000000000000000000001111111111111111111111111111111111111111111111111111111111111000000000000000000
000000000000000000000000000000000000000000000000000000000000000000000011111111111111111111111111111111111111111111111111111111111111100000000000000000
000000000000000000000000000000000000000000000000000000000000000000000011111111111111111111111111111111111111111111111111111111111111100000000000000000
000000000000000000000000000000000000000000000000000000000000000000000011111111111111111111111111111111111111111111111111111111111111100000000000000000
000000000000000000000000000000000000000000000000000000000000000000000011111111111111111111111111111111111111111111111111111111111111100000000000000000
000000000000000000000000000000000000000000000000000000000000000000000111111111111111111111111111111111111111111111111111111111111111110000000000000000
000000000000000000000000000000000000000000000000000000000000000000000111111111111111111111111111111111111111111111111111111111111111110000000000000000
000000000000000000000000000000000000000000000000000000000000000000001111111111111111111111111111111111111111111111111111111111111111111000000000000000
000000000000000000000000000000000000000000000000000000000000000000001111111111111111111111111111111111111111111111111111111111111111111000000000000000
000000000000000000000000000000000000000000000000000000000000000000010111111111111111111111111111111111111111111111111111111111111111111000000000000000
000000000000000000000000000000000000000000000000000000000000000000010111111111111111111111111111111111111111111111111111111111111111111000000000000000
000000000000000000000000000000000000000000000000000000000000000000000111111111111111111111111111111111111111111111111111111111111111111100000000000000
000000000000000000000000000000000000000000000000000000000000000000000111111111111111111111111111111111111111111111111111111111111111111100000000000000
000000000000000000000000000000000000000000000000000000000000000000000111111111111111111111111111111111111111111111111111111111111111111100000000000000
000000000000000000000000000000000000000000000000000000000000000000000111111111111111111111111111111111111111111111111111111111111111111100000000000000
000000000000000000000000000000000000000000000000000000000000000000000111111111111111111111111111111111111111111111111111111111111111111110000000000000
000000000000000000000000000000000000000000000000000000000000000000000111111111111111111111111111111111111111111111111111111111111111111110000000000000
000000000000000000000000000000000000000000000000000000000000000000000001111111111111111111111111111111111111111111111111111111111111111110000000000000
000000000000000000000000000000000000000000000000000000000000000000000001111111111111111111111111111111111111111111111111111111111111111110000000000000
000000000000000000000000000000000000000000000000000000000000000000000000001111111111111111111111111111111111111111111111111111111111111110000000000000
000000000000000000000000000000000000000000000000000000000000000000000000001111111111111111111111111111111111111111111111111111111111111110000000000000
000000000000000000000000000000000000000000000000000000000000000000000000000001011111111111111111111111111111111111111111111111111111111111000000000000
000000000000000000000000000000000000000000000000000000000000000000000000000001011111111111111111111111111111111111111111111111111111111111000000000000
000000000000000000000000000000000000000000000000000000000000000000000000000000011111111111111111111111111111111111111111111111111111111111000000000000
000000000000000000000000000000000000000000000000000000000000000000000000000000011111111111111111111111111111111111111111111111111111111111000000000000
000000000000000000000000000000000000000000000000000000000000000000000000000000111111111111111111111111111111111111111111111111111111111111000000000000
000000000000000000000000000000000000000000000000000000000000000000000000000000111111111111111111111111111111111111111111111111111111111111000000000000
000000000000000000000000000000000000000000000000000000000000000000000000000011111111111111111111111111111111111111111111111111111111111111000000000000
000000000000000000000000000000000000000000000000000000000000000000000000000011111111111111111111111111111111111111111111111111111111111111000000000000
000000000000000000000000000000000000000000000000000000000000000000000000000000111111111111111111111111111111111111111111111111111111111111100000000000
000000000000000000000000000000000000000000000000000000000000000000000000000000111111111111111111111111111111111111111111111111111111111111100000000000
000000000000000000000000000000000000000000000000000000000000000000000000000000001111111111111111111111111111111111111111111111111111111111100000000000
000000000000000000000000000000000000000000000000000000000000000000000000000000001111111111111111111111111111111111111111111111111111111111100000000000
000000000000000000000000000000000000000000000000000000000000001100000000000000000111111111111111111111111111111111111111111111111111111111100000000000
000000000000000000000000000000000000000000000000000000000000001100000000000000000111111111111111111111111111111111111111111111111111111111100000000000
000000000000000000000000000000000000000000000000000000000000001111111111110000000001111111111111111111111111111111111111111111111111111111100000000000
000000000000000000000000000000000000000000000000000000000000001111111111110000000001111111111111111111111111111111111111111111111111111111100000000000
000000000000000000000000000000000000000000000000000000000111111111111111111000000000011111111111111111111111111111111111111111111111111111100000000000
000000000000000000000000000000000000000000000000000000000111111111111111111000000000011111111111111111111111111111111111111111111111111111100000000000
000000000000000000000000000000000000000000000000000000011111111111111111111100000000001111111111111111111111111111111111111111111111111111100000000000
000000000000000000000000000000000000000000000000000000011111111111111111111100000000001111111111111111111111111111111111111111111111111111100000000000
000000000000000000000000000000000000000000000000000000111111111111111111111110000000001111111111111111111111111111111111111111111111111111100000000000
000000000000000000000000000000000000000000000000000000111111111111111111111110000000001111111111111111111111111111111111111111111111111111100000000000
000000000000000000000000000000000000000000000000000001111111111111111111111110000000001111111111111111111111111111111111111111111111111111100000000000
000000000000000000000000000000000000000000000000000001111111111111111111111110000000001111111111111111111111111111111111111111111111111111100000000000
000000000000000000000000000000000000000000000000000001111111111111111111111110000000000111111111111111111111111111111111111111111111111111110000000000
000000000000000000000000000000000000000000000000000001111111111111111111111110000000000111111111111111111111111111111111111111111111111111110000000000
000000000000000000000000000000000000000000000000000001111111111111111111111110000000000111111111111111111111111111111111111111111110111111110000000000
000000000000000000000000000000000000000000000000000001111111111111111111111110000000000111111111111111111111111111111111111111111110111111110000000000
000000000000000000000000000000000000000000000000000000111111111111111111111110000000000011111111111111111111111111111111111111111110011111110000000000
000000000000000000000000000000000000000000000000000000111111111111111111111110000000000011111111111111111111111111111111111111111110011111110000000000
000000000000000000000000000000000000000000000000000000111111111111111111111111000000000001111111111111111111111111111111111111111110011100111000000000
000000000000000000000000000000000000000000000000000000111111111111111111111111000000000001111111111111111111111111111111111111111110011100111000000000
000000000000000000000000000000000000000000000000000000011111111111111111111111110000000001111111111111111111111111111111111111111111001110011000000000
000000000000000000000000000000000000000000000000000000011111111111111111111111110000000001111111111111111111111111111111111111111111001110011000000000
000000000000000000000000000000000000000000000000000000011111111111111111111111111000000001111111111111111111111111111111111111111111000110001000000000
000000000000000000000000000000000000000000000000000000011111111111111111111111111000000001111111111111111111111111111111111111111111000110001000000000
000000000000000000000000000000000000000000000000000000000111111111111111111111111110000001111111111111111111111111111111111111111110100001000000000000
000000000000000000000000000000000000000000000000000000000111111111111111111111111110000001111111111111111111111111111111111111111110100001000000000000
000000000000000000000000000000000000000000000000000000000001111111111111111111111111001111111111111111111111111111111111111111111110000000000000000000
000000000000000000000000000000000000000000000000000000000001111111111111111111111111001111111111111111111111111111111111111111111110000000000000000000
000000000000000000000000000000000000000000000000000000000000001111111111111111111111111111111111111111111111111111111111111111101111000000000000000000
000000000000000000000000000000000000000000000000000000000000001111111111111111111111111111111111111111111111111111111111111111101111000000000000000000
000000000000000000000000000000000000000000000000000000000000001111111111111111111111111111111111111111111111111111111111111111100111000000000000000000
000000000000000000000000000000000000000000000000000000000000001111111111111111111111111111111111111111111111111111111111111111100111000000000000000000
000000000000000000000000000000000000000000000000000000000000011111111111111111111111111111111111111111111111111111111111111111110011000000000000000000
000000000000000000000000000000000000000000000000000000000000011111111111111111111111111111111111111111111111111111111111111111110011000000000000000000
000000000000000000000000000000000000000000000000000000000000011111111111111111111111111111111111111111111111111111111111111111110001000000000000000000
000000000000000000000000000000000000000000000000000000000000011111111111111111111111111111111111111111111111111111111111111111110001000000000000000000
000000000000000000000000000000000000000000000000000000000000111111111111111111111111111111111111111111111111111111111111111111111000000000000000000000
000000000000000000000000000000000000000000000000000000000000111111111111111111111111111111111111111111111111111111111111111111111000000000000000000000
000000000000000000000000000000000000000000000000000000000000111111111111111111111111111111111111111111111111111111111111111111111000000000000000000000
000000000000000000000000000000000000000000000000000000000000111111111111111111111111111111111111111111111111111111111111111111111000000000000000000000
000000000000000000000000000000000000000000000000000000000000111111111111111111111111111111111111111111111111111111111111111111111100000000000000000000
000000000000000000000000000000000000000000000000000000000000111111111111111111111111111111111111111111111111111111111111111111111100000000000000000000
000000000000000000000000000000000000000000000000000000000000111111111111111111111111111111111111111111111111111111111111111111111100000000000000000000
000000000000000000000000000000000000000000000000000000000000111111111111111111111111111111111111111111111111111111111111111111111100000000000000000000
000000000000000000000000000000000000000000000000000000000001111111111111111111111111111111111111111111111111111111111111111111111100000000000000000000
000000000000000000000000000000000000000000000000000000000001111111111111111111111111111111111111111111111111111111111111111111111100000000000000000000
000000000000000000000000000000000000000000000000000000000001111111111111111111111110111111111111111111111111111111111111111111111110000000000000000000
000000000000000000000000000000000000000000000000000000000001111111111111111111111110111111111111111111111111111111111111111111111110000000000000000000
000000000000000000000000000000000000000000000000000000000001111111111111111111111101111111111111111111111111111111111111111111111110000000000001111000
000000000000000000000000000000000000000000000000000000000001111111111111111111111101111111111111111111111111111111111111111111111110000000000001111000
000000000000000000000000000000000000000000000000000000000001111111111111111111111001111111111111111111111111111111111111111111111111000000001111100000
000000000000000000000000000000000000000000000000000000000001111111111111111111111001111111111111111111111111111111111111111111111111000000001111100000
000000000000000000000000000000000000000000000000000000000011111111111111111111100001111111111111111111111111111111111111111111111111100000111111110000
000000000000000000000000000000000000000000000000000000000011111111111111111111100001111111111111111111111111111111111111111111111111100000111111110000
000000000000000000000000000000000000000000000000000000000011111111111111111111000001111111111111111111111111111111111111111111111111111111111100000000
000000000000000000000000000000000000000000000000000000000011111111111111111111000001111111111111111111111111111111111111111111111111111111111100000000
111111111111111111111111111111111111111111111111111111111111111111111111111111111111111111111111111111111111111111111111111111111111111111111111111111
111111111111111111111111111111111111111111111111111111111111111111111111111111111111111111111111111111111111111111111111111111111111111111111111111111
