000000000000000000000000000000000000000000000000000000000000000000000000000000000000000000000000000000000000000000000000000000000000000000000000000000
000000000000000000000000000000000000000000000000000000000000000000000000000000000000000000000000000000000000000000000000000000000000000000000000000000
000000000000000000000000000000000000000000000000000000000000000000000000000000000000000000000000000000000000000000000000000000000000000000000000000000
000000000000000000000000000000000000000000000000000000000000000000000000000000000000000000000000000000000000000000000000000000000000000000000000000000
000000000000000000000000000000000000000000000000000000000000000000000000000000000000000000000000000000000000000000000000000000000000000000000000000000
000000000000000000000000000000000000000000000000000000000000000000000000000000000000000000000000000000000000000000000000000000000000000000000000000000
000000000000000000000000000000000000000000000000000000000000000000000110000000000000000000000000000000000000000000000000000000000000000000000000000000
000000000000000000000000000000000000000000000000000000000000000000000110000000000000000000000000000000000000000000000000000000000000000000000000000000
000000000000000000000000000000000000000000000000000000000000000000001110000000000000000000000000000000000000000000000000000000000000000000000000000000
000000000000000000000000000000000000000000000000000000000000000000001110000000000000000000000000000000000000000000000000000000000000000000000000000000
000000000000000000000000000000000000000000000000000000000000000000111111111000000000000000000000000000000000000000000000000000000000000000000000000000
000000000000000000000000000000000000000000000000000000000000000000111111111000000000000000000000000000000000000000000000000000000000000000000000000000
000000000000000000000000000000000000000000000000000000000000000000111111111110000000000000000000000000000000000000000000000000000000000000000000000000
000000000000000000000000000000000000000000000000000000000000000000111111111110000000000000000000000000000000000000000000000000000000000000000000000000
000000000000000000000000000000000000000000000000000000000000000000111110011110000000000000000000000000000000000000000000000000000000000000000000000000
000000000000000000000000000000000000000000000000000000000000000000111110011110000000000000000000000000000000000000000000000000000000000000000000000000
000000000000000000000000000000000000000000000000000000000000000011111111101100000000000000000000000000000000000000000000000000000000000000000000000000
000000000000000000000000000000000000000000000000000000000000000011111111101100000000000000000000000000000000000000000000000000000000000000000000000000
000000000000000000000000000000000000000000000000000000000000001111111111111000000000000000000000000000000000000000000000000000000000000000000000000000
000000000000000000000000000000000000000000000000000000000000001111111111111000000000000000000000000000000000000000000000000000000000000000000000000000
000000000000000000000000000000000000000000000000000000000001111111111111111110000000000000000000000000000000000000000000000000000000000111111110000000
000000000000000000000000000000000000000000000000000000000001111111111111111110000000000000000000000000000000000000000000000000000000000111111110000000
000000000000000000000000000000000000000000000000000001111111111111111111111111100000000000000000000000000000000000000000000000000000111111111111000000
000000000000000000000000000000000000000000000000000001111111111111111111111111100000000000000000000000000000000000000000000000000000111111111111000000
000000000000000000000000000000000000000000000000000011111111111111111111111111111100000000000000000000000000000000000000000000000001111111111111000000
000000000000000000000000000000000000000000000000000011111111111111111111111111111100000000000000000000000000000000000000000000000001111111111111000000
000000000000000000000000000000000000000000000000000000011111111111111111111111111111000000000000000000000000000000000000000000000011111111111110000001
000000000000000000000000000000000000000000000000000000011111111111111111111111111111000000000000000000000000000000000000000000000011111111111110000001
000000000000000000000000000000000000000000000000000000011111111111111111111111111110000000000000000000000000000000000000000000000011111111111111111111
000000000000000000000000000000000000000000000000000000011111111111111111111111111110000000000000000000000000000000000000000000000011111111111111111111
000000000000000000000000000000000000000000000000000000001111111111111111111111111100000000000000000000000000000000000000000000000001111111111111111111
000000000000000000000000000000000000000000000000000000001111111111111111111111111100000000000000000000000000000000000000000000000001111111111111111111
000000000000000000000000000000000000000000000000000000011111111111111111111111111100000000000000000000000000000000000000000000000000001110000111111111
000000000000000000000000000000000000000000000000000000011111111111111111111111111100000000000000000000000000000000000000000000000000001110000111111111
000000000000000000000000000000000000000000000000000000011111111111111111111111111110000000000000000000000000000000000000000000000000000000001111111111
000000000000000000000000000000000000000000000000000000011111111111111111111111111110000000000000000000000000000000000000000000000000000000001111111111
000000000000000000000000000000000000000000000000000000011111111111111111111111111111000000000000000000000000000000000000000000000000000000000111111111
000000000000000000000000000000000000000000000000000000011111111111111111111111111111000000000000000000000000000000000000000000000000000000000111111111
000000000000000000000000000000000000000000000000000000001111111111111111111111111111100000000000000000000000000000000000000000000000000000011111111111
000000000000000000000000000000000000000000000000000000001111111111111111111111111111100000000000000000000000000000000000000000000000000000011111111111
000000000000000000000000000000000000000000000000000000000111111111111111111111111111100000000000000000000000000000000000000000000000000001111111111111
000000000000000000000000000000000000000000000000000000000111111111111111111111111111100000000000000000000000000000000000000000000000000001111111111111
000000000000000000000000000000000000000000000000000000000001111111111111111111111111100000000000000000000000000000000000000000000000000001111111100011
000000000000000000000000000000000000000000000000000000000001111111111111111111111111100000000000000000000000000000000000000000000000000001111111100011
000000000000000000000000000000000000000000000000000000000000111111111111111111111111100000000000000000000000000000000000000000000000000011111111100011
000000000000000000000000000000000000000000000000000000000000111111111111111111111111100000000000000000000000000000000000000000000000000011111111100011
000000000000000000000000000000000000000000000000000000000000111111111111111111111111100000000000000000000000000000000000000000000000000111111110000011
000000000000000000000000000000000000000000000000000000000000111111111111111111111111100000000000000000000000000000000000000000000000000111111110000011
000000000000000000000000000000000000000000000000000000000000000011111111111111111110000000000000000000000000000000000000000000000000001111111100000111
000000000000000000000000000000000000000000000000000000000000000011111111111111111110000000000000000000000000000000000000000000000000001111111100000111
000000000000000000000000000000000000000000000000000000000000000001111111111111111100000000000000000000000000000000000000000000000000011111111111111111
000000000000000000000000000000000000000000000000000000000000000001111111111111111100000000000000000000000000000000000000000000000000011111111111111111
000000000000000000000000000000000000000000000000000000000000001111111111111000100000000000000000000000000000000000000000000000000000111111111111111111
000000000000000000000000000000000000000000000000000000000000001111111111111000100000000000000000000000000000000000000000000000000000111111111111111111
000000000000000000000000000000000000000000000000000000000111111111111111111111111100000000000000000000000000000000000000000000000000111111111111111111
000000000000000000000000000000000000000000000000000000000111111111111111111111111100000000000000000000000000000000000000000000000000111111111111111111
000000000000000000000000000000000000000000000000000000001111111111111111111111111100000000000000000000000000000000000000000000000000011111111111111111
000000000000000000000000000000000000000000000000000000001111111111111111111111111100000000000000000000000000000000000000000000000000011111111111111111
000000000000000000000000000000000000000000000000000000000111111111111111111111111100000000000000000000000000000000000000000000000000000000000111111111
000000000000000000000000000000000000000000000000000000000111111111111111111111111100000000000000000000000000000000000000000000000000000000000111111111
000000000000000000000000000000000000000000000000000000001111111111111111111111111100000000000000000000000000000000000000000000000000000000000000011111
000000000000000000000000000000000000000000000000000000001111111111111111111111111100000000000000000000000000000000000000000000000000000000000000011111
000000000000000000000000000000000000000000000000000000011111111111111111111111111100000000000000000000000000000000000000000000000000000000000000111111
000000000000000000000000000000000000000000000000000000011111111111111111111111111100000000000000000000000000000000000000000000000000000000000000111111
000000000000000000000000000000000000000000000000000000111111111111111111111111111110000000000000000000000000000000000000000000000000000000000001111111
000000000000000000000000000000000000000000000000000000111111111111111111111111111110000000000000000000000000000000000000000000000000000000000001111111
000000000000000000000000000000000000000000000000000001111111111111111111111111111110000000000000000000000000000000000000000000000000000000000001111111
000000000000000000000000000000000000000000000000000001111111111111111111111111111110000000000000000000000000000000000000000000000000000000000001111111
000000000000000000000000000000000000000000000000000011111111111111111111111111111100000000000000000000000000000000000000000000000000000000000001111111
000000000000000000000000000000000000000000000000000011111111111111111111111111111100000000000000000000000000000000000000000000000000000000000001111111
000000000000000000000000000000000000000000000000000011111111111111111111111111111100000000000000000000000000000000000000000000000000000000000001111111
000000000000000000000000000000000000000000000000000011111111111111111111111111111100000000000000000000000000000000000000000000000000000000000001111111
000000000000000000000000000000000000000000000000000011111111111111111111111111111100000000000000000000000000000000000000000000000000000000000001111111
000000000000000000000000000000000000000000000000000011111111111111111111111111111100000000000000000000000000000000000000000000000000000000000001111111
000000000000000000000000000000000000000000000000000111111111111111111111111111111100000000000000000000000000000000000000000000000000000000000011111111
000000000000000000000000000000000000000000000000000111111111111111111111111111111100000000000000000000000000000000000000000000000000000000000011111111
000000000000000000000000000000000000000000000000011111111111111111111111111111111110000000000000000000000000000000000000000000000000000000000001111111
000000000000000000000000000000000000000000000000011111111111111111111111111111111110000000000000000000000000000000000000000000000000000000000001111111
000000000000000000000000000000000000000000000011111111111111111111111111111111111110000000000000000000000000000000000000000000000000000000000000111111
000000000000000000000000000000000000000000000011111111111111111111111111111111111110000000000000000000000000000000000000000000000000000000000000111111
000000000000000000000000000000000000000000011111111111111111111111111111111111111110000000000000000000000000000000000000000000000000000000000000111111
000000000000000000000000000000000000000000011111111111111111111111111111111111111110000000000000000000000000000000000000000000000000000000000000111111
111111111111000000000000000000000000001111111111111111111111111111111111111111111100000000000000000000000000000000000000000000000000000000000001111111
111111111111000000000000000000000000001111111111111111111111111111111111111111111100000000000000000000000000000000000000000000000000000000000001111111
111111111111100000000000000000000000111111111111111101111111111111111111111111111100000000000000000000000000000000000000000000000000000000000011111111
111111111111100000000000000000000000111111111111111101111111111111111111111111111100000000000000000000000000000000000000000000000000000000000011111111
111111111111111111100011111111111111111111111111000001111111111111111111111111110000000000000000000000000000000000000000000000000000000000000111111111
111111111111111111100011111111111111111111111111000001111111111111111111111111110000000000000000000000000000000000000000000000000000000000000111111111
111111111111111111111111111111111111111111111100000001111111111111111111111100000000000000000000000000000000000000000000000000000000000000001111111111
111111111111111111111111111111111111111111111100000001111111111111111111111100000000000000000000000000000000000000000000000000000000000000001111111111
111111111111111111111111111111111111111111111111111111111111111111111111110000000000000000000000000000000000000000000000000000000000000000011111111111
111111111111111111111111111111111111111111111111111111111111111111111111110000000000000000000000000000000000000000000000000000000000000000011111111111
111111111111111111111111111111111111111111111111111111111111111111111111111100000000000000000000000000000000000000000000000000000000000000011111111111
111111111111111111111111111111111111111111111111111111111111111111111111111100000000000000000000000000000000000000000000000000000000000000011111111111
111111111111111111111111111111111111111111111111111111111111111111111111111111000000000000000000000000000000000000000000000000000000000000111111111111
111111111111111111111111111111111111111111111111111111111111111111111111111111000000000000000000000000000000000000000000000000000000000000111111111111
111111111111111111111111111111111111111111111111111111111111111111111111111111111110000000000111111111111111111111100000000000000000000001111111111111
111111111111111111111111111111111111111111111111111111111111111111111111111111111110000000000111111111111111111111100000000000000000000001111111111111
111111111111111111111111111111111111111111111111111111111111111111111111111111111111111111111111111111111111111111100000000000000000000011111111111111
111111111111111111111111111111111111111111111111111111111111111111111111111111111111111111111111111111111111111111100000000000000000000011111111111111
011111111111111111111111111111111111111111111111111111111111111111111111111111111111111111111111111111111111111111100000000000000000000111111111111111
011111111111111111111111111111111111111111111111111111111111111111111111111111111111111111111111111111111111111111100000000000000000000111111111111111
000000011111111111111111111111111111111111111111111111111111111111111111111111111111111111111111111111111111111111100000000000000000001111111111111111
000000011111111111111111111111111111111111111111111111111111111111111111111111111111111111111111111111111111111111100000000000000000001111111111111111
000000000000001111111111111111111111111111111111111111111111111111111111111111111111111111111111111111111111111111100000000000000000011111111111111111
000000000000001111111111111111111111111111111111111111111111111111111111111111111111111111111111111111111111111111100000000000000000011111111111111111
000000000000000000011111111111111111111111111111111111111111111111111111111111111111111111111111111111111111111111100000000000000000111111111111111111
000000000000000000011111111111111111111111111111111111111111111111111111111111111111111111111111111111111111111111100000000000000000111111111111111111
000000000000000000000000001111111111111111111111111111111111111111111111111111111111111111111111111111111111111111000000000000000001111111111111111111
000000000000000000000000001111111111111111111111111111111111111111111111111111111111111111111111111111111111111111000000000000000001111111111111111111
000000000000000000000000000000001111111111111111111111111111111111111111111111111111111111111111111111111111111110000000000000000011111111111111111111
000000000000000000000000000000001111111111111111111111111111111111111111111111111111111111111111111111111111111110000000000000000011111111111111111111
000000000000000000000000000000000000000111111111111111111111111111111111111111111111111111111111111111111111111000000000000000000111111111111111111111
000000000000000000000000000000000000000111111111111111111111111111111111111111111111111111111111111111111111111000000000000000000111111111111111111111
111111111111111111111111111111111111111111111111111111111111111111111111111111111111111111111111111111111111111111111111111111111111111111111111111111
111111111111111111111111111111111111111111111111111111111111111111111111111111111111111111111111111111111111111111111111111111111111111111111111111111
