111111111111111111111111111111111111111111111111111111111111111111111111111111111111111111111111111111111111111111111111111111111111111111111111111111
111111111111111111111111111111111111111111111111111111111111111111111111111111111111111111111111111111111111111111111111111111111111111111111111111111
111111111111111111111111111111111111111111111111111111111111111111111111111111111111111111111111111111111111111111111111111111111111111111111111111111
111111111111111111111111111111111111111111111111111111111111111111111111111111111111111111111111111111111111111111111111111111111111111111111111111111
111111111111111111111111111111111111111111111111111111111111111111111111111111111111111111111111111111111111111111111111111111111111111111111111111111
111111111111111111111111111111111111111111111111111111111111111111111111111111111111111111111111111111111111111111111111111111111111111111111111111111
111111111111111111111111111111111111111111111111111111111111111111111111111111111111111111111111111111111111111111111111111111111111111111111111111111
111111111111111111111111111111111111111111111111111111111111111111111111111111111111111111111111111111111111111111111111111111111111111111111111111111
111111111111111111111111111111111111111111111111111111111111111111111111111111111111111111111111111111111111111111111111111111111111111111111111111111
111111111111111111111111111111111111111111111111111111111111111111111111111111111111111111111111111111111111111111111111111111111111111111111111111111
111111111111111111111111111111111111111111111111111111111111111111111111111111111111111111111111111111111111111111111111111111111111111111111111111111
111111111111111111111111111111111111111111111111111111111111111111111111111111111111111111111111111111111111111111111111111111111111111111111111111111
111111111111111111111111111111111111111111111111111111111111111111111111111111111111111111111111111111111111111111111111111111111111111111111111111111
111111111111111111111111111111111111111111111111111111111111111111111111111111111111111111111111111111111111111111111111111111111111111111111111111111
111111111111111111111111111111111111111111111111111111111111111111111111111111111111111111111111111111111111111111111111111111111111111111111111111111
111111111111111111111111111111111111111111111111111111111111111111111111111111111111111111111111111111111111111111111111111111111111111111111111111111
111111111111111111111111111111111111111111111111111111111111111111111111111111111111111111111111111111111111111111111111111111111111111111111111111111
111111111111111111111111111111111111111111111111111111111111111111111111111111111111111111111111111111111111111111111111111111111111111111111111111111
111111111111111111111111111111111111111111111111111111111111111111111111111111111111111111111111111111111111111111111111111111111111111111111111111111
111111111111111111111111111111111111111111111111111111111111111111111111111111111111111111111111111111111111111111111111111111111111111111111111111111
111111111111111111111111111111111111111111111111111111111111111111111111111111111111111111111111111111111111111111111111111111111111111111111111111111
111111111111111111111111111111111111111111111111111111111111111111111111111111111111111111111111111111111111111111111111111111111111111111111111111111
111111111111111111111111111111111111111111111111111111111111111111111111111111111111111111111111111111111111111111111111111111111111111111111111111111
111111111111111111111111111111111111111111111111111111111111111111111111111111111111111111111111111111111111111111111111111111111111111111111111111111
111111111111111111111111111111111111111111111111111111111111111111111111111111111111111111111111111111111111111111111111111111111111111111111111111111
111111111111111111111111111111111111111111111111111111111111111111111111111111111111111111111111111111111111111111111111111111111111111111111111111111
111111111111111111111111111111111111111111111111111111111111111111111111111111111111111111111111111111111111111111111111111111111111111111111111111111
111111111111111111111111111111111111111111111111111111111111111111111111111111111111111111111111111111111111111111111111111111111111111111111111111111
111111111111111111111111111111111111111111111111111111111111111111111111111111111111111111111111111111111111111111111111111111111111111111111111111111
111111111111111111111111111111111111111111111111111111111111111111111111111111111111111111111111111111111111111111111111111111111111111111111111111111
111111111111111111111111111111111111111111111111111111111111111111111111111111111111111111111111111111111111111111111111111111111111111111111111111111
111111111111111111111111111111111111111111111111111111111111111111111111111111111111111111111111111111111111111111111111111111111111111111111111111111
111111111111111111111111111111111111111111111000000111111111111111111111111111111111111111111111111110000000011111111111111111111111111111111111111111
111111111111111111111111111111111111111111111000000111111111111111111111111111111111111111111111111110000000011111111111111111111111111111111111111111
111111111111111111111111111111111111111111100000000001111111111111111111111111111111111111111111111100000000001111111111111111111111111111111111111111
111111111111111111111111111111111111111111100000000001111111111111111111111111111111111111111111111100000000001111111111111111111111111111111111111111
111111111111111111111111111111111111111111100000000001111111111111111111111111111111111111111111111100000000001111111111111111111111111111111111111111
111111111111111111111111111111111111111111100000000001111111111111111111111111111111111111111111111100000000001111111111111111111111111111111111111111
111111111111111111111111111111111111111111100000000000111111111111111111111111111111111111111111110000000000011111111111111111111111111111111111111111
111111111111111111111111111111111111111111100000000000111111111111111111111111111111111111111111110000000000011111111111111111111111111111111111111111
111111111111111111111111111111111111111111100000000000000111111111111111111111111111111111111110000000000000011111111111111111111111111111111111111111
111111111111111111111111111111111111111111100000000000000111111111111111111111111111111111111110000000000000011111111111111111111111111111111111111111
111111111111111111111111111111111111111111000000000000000011111111111111111111111111111111111100000000000000000111111111111111111111111111111111111111
111111111111111111111111111111111111111111000000000000000011111111111111111111111111111111111100000000000000000111111111111111111111111111111111111111
111111111111111111111111111111111111111110000000000000000000111111111111111111111111111111110000000000000000000011111111111111111111111111111111111111
111111111111111111111111111111111111111110000000000000000000111111111111111111111111111111110000000000000000000011111111111111111111111111111111111111
111111111111111111111111111111111111111100000000000000000000001111111111111111111111111111000000000000000000000001111111111111111111111111111111111111
111111111111111111111111111111111111111100000000000000000000001111111111111111111111111111000000000000000000000001111111111111111111111111111111111111
111111111111111111111111111111111111111000000000000000000000000111111111111111111111111110000000000000000000000001111111111111111111111111111111111111
111111111111111111111111111111111111111000000000000000000000000111111111111111111111111110000000000000000000000001111111111111111111111111111111111111
111111111111111111111111111111111111110000000000000000000000000001111111111111111111111000000000000000000000000000111111111111111111111111111111111111
111111111111111111111111111111111111110000000000000000000000000001111111111111111111111000000000000000000000000000111111111111111111111111111111111111
111111111111111111111111111111111111110000000000000000000000000000111111111111111111100000000000000000000000000000011111111111111111111111111111111111
111111111111111111111111111111111111110000000000000000000000000000111111111111111111100000000000000000000000000000011111111111111111111111111111111111
111111111111111111111111111111111111100000000000000000000000000000001111111111111111000000000000000000000000000000011111111111111111111111111111111111
111111111111111111111111111111111111100000000000000000000000000000001111111111111111000000000000000000000000000000011111111111111111111111111111111111
111111111111111111111111111111111111000000000000000000000000000000000111111111111100000000000000000000000000000000001111111111111111111111111111111111
111111111111111111111111111111111111000000000000000000000000000000000111111111111100000000000000000000000000000000001111111111111111111111111111111111
111111111111111111111111111111111111000000000000000000000000000000000001111111111000000000000000000000000000000000001111111111111111111111111111111111
111111111111111111111111111111111111000000000000000000000000000000000001111111111000000000000000000000000000000000001111111111111111111111111111111111
111111111111111111111111111111111110000000000000000000000000000000000000111111100000000000000000000000000000000000000111111111111111111111111111111111
111111111111111111111111111111111110000000000000000000000000000000000000111111100000000000000000000000000000000000000111111111111111111111111111111111
111111111111111111111111111111111110000000000000000000000000000000000000001110000000000000000000000000000000000000000111111111111111111111111111111111
111111111111111111111111111111111110000000000000000000000000000000000000001110000000000000000000000000000000000000000111111111111111111111111111111111
111111111111111111111111111111111110000000000000000000000000000000000000000000000000000000000000000000000000000000000111111111111111111111111111111111
111111111111111111111111111111111110000000000000000000000000000000000000000000000000000000000000000000000000000000000111111111111111111111111111111111
111111111111111111111111111111111110000000000000000000000000000000000000000000000000000000000000000000000000000000000111111111111111111111111111111111
111111111111111111111111111111111110000000000000000000000000000000000000000000000000000000000000000000000000000000000111111111111111111111111111111111
111111111111111111111111111111111110000000000000000000000000000000000000000000000000000000000000000000000000000000000111111111111111111111111111111111
111111111111111111111111111111111110000000000000000000000000000000000000000000000000000000000000000000000000000000000111111111111111111111111111111111
111111111111111111111111111111111110000000000000000000000000000000000000000000000000000000000000000000000000000000000111111111111111111111111111111111
111111111111111111111111111111111110000000000000000000000000000000000000000000000000000000000000000000000000000000000111111111111111111111111111111111
111111111111111111111111111111111110000000000000000000000000000000000000000000000000000000000000000000000000000000000111111111111111111111111111111111
111111111111111111111111111111111110000000000000000000000000000000000000000000000000000000000000000000000000000000000111111111111111111111111111111111
111111111111111111111111111111111111000000000000000000000000000000000000000000000000000000000000000000000000000000001111111111111111111111111111111111
111111111111111111111111111111111111000000000000000000000000000000000000000000000000000000000000000000000000000000001111111111111111111111111111111111
111111111111111111111111111111111111000000000000000000000000000000000000000000000000000000000000000000000000000000001111111111111111111111111111111111
111111111111111111111111111111111111000000000000000000000000000000000000000000000000000000000000000000000000000000001111111111111111111111111111111111
111111111111111111111111111111111111000000000000000000000000000000000000000000000000000000000000000000000000000000001111111111111111111111111111111111
111111111111111111111111111111111111000000000000000000000000000000000000000000000000000000000000000000000000000000001111111111111111111111111111111111
111111111111111111111111111111111110000000000000000000000000000000000000000000000000000000000000000000000000000000001111111111111111111111111111111111
111111111111111111111111111111111110000000000000000000000000000000000000000000000000000000000000000000000000000000001111111111111111111111111111111111
111111111111111111111111111111111110000000000000000000000000000000000000000000000000000000000000000000000000000000001111111111111111111111111111111111
111111111111111111111111111111111110000000000000000000000000000000000000000000000000000000000000000000000000000000001111111111111111111111111111111111
111111111111111111111111111111111110000000000000000000000000000000000000000000000000000000000000000000000000000000001111111111111111111111111111111111
111111111111111111111111111111111110000000000000000000000000000000000000000000000000000000000000000000000000000000001111111111111111111111111111111111
111111111111111111111111111111111110000000000000000000000000000000000000000000000000000000000000000000000000000000001111111111111111111111111111111111
111111111111111111111111111111111110000000000000000000000000000000000000000000000000000000000000000000000000000000001111111111111111111111111111111111
111111111111111111111111111111111111000000000000000000000000000000000000000000000000000000000000000000000000000000001111111111111111111111111111111111
111111111111111111111111111111111111000000000000000000000000000000000000000000000000000000000000000000000000000000001111111111111111111111111111111111
111111111111111111111111111111111110000000000000000000000000000000000000000000000000000000000000000000000000000000001111111111111111111111111111111111
111111111111111111111111111111111110000000000000000000000000000000000000000000000000000000000000000000000000000000001111111111111111111111111111111111
111111111111111111111111111111111000000000000000000000000000000000000000000000000000000000000000000000000000000000000111111111111111111111111111111111
111111111111111111111111111111111000000000000000000000000000000000000000000000000000000000000000000000000000000000000111111111111111111111111111111111
111111111111111111111111111111100000000000000000000000000000000000000000000000000000000000000000000000000000000000000001111111111111111111111111111111
111111111111111111111111111111100000000000000000000000000000000000000000000000000000000000000000000000000000000000000001111111111111111111111111111111
111111111111111111111111111110000000000000000000000000000000000000000000000000000000000000000000000000000000000000000000011111111111111111111111111111
111111111111111111111111111110000000000000000000000000000000000000000000000000000000000000000000000000000000000000000000011111111111111111111111111111
111111111111111111111111110000000000000000000000000000000000000000000000000000000000000000000000000000000000000000000000000001111111111111111111111111
111111111111111111111111110000000000000000000000000000000000000000000000000000000000000000000000000000000000000000000000000001111111111111111111111111
111111111111111111111110000000000000000000000000000000000000000000000000000000000000000000000000000000000000000000000000000000001111111111111111111111
111111111111111111111110000000000000000000000000000000000000000000000000000000000000000000000000000000000000000000000000000000001111111111111111111111
111111111111111111111000000000000000000000000000000000000000000000000000000000000000000000000000000000000000000000000000000000000111111111111111111111
111111111111111111111000000000000000000000000000000000000000000000000000000000000000000000000000000000000000000000000000000000000111111111111111111111
111111111111111111100000011000000000000000000000000000000000000000000000000000000000000000000000000000000000000000000000000001000001111111111111111111
111111111111111111100000011000000000000000000000000000000000000000000000000000000000000000000000000000000000000000000000000001000001111111111111111111
111111111111111111100000111111111111111000000000000000000000000000000000000000000000000000000000000000000000000000000000000011100000001111111111111111
111111111111111111100000111111111111111000000000000000000000000000000000000000000000000000000000000000000000000000000000000011100000001111111111111111
111111111111111111111111111111111111111000000000000000000000000000000000000000000000000000000000000000000000000001100000000111110000011111111111111111
111111111111111111111111111111111111111000000000000000000000000000000000000000000000000000000000000000000000000001100000000111110000011111111111111111
111111111111111111111111111111111111110000000000000000000000000000000000000000000000000000000000000000000000000001111111111111111101111111111111111111
111111111111111111111111111111111111110000000000000000000000000000000000000000000000000000000000000000000000000001111111111111111101111111111111111111
111111111111111111111111111111111111110000000000000000000000000000000000000000000000000000000000000000000000000001111111111111111111111111111111111111
111111111111111111111111111111111111110000000000000000000000000000000000000000000000000000000000000000000000000001111111111111111111111111111111111111
111111111111111111111111111111111111111111111111111111111111111111111111111111111111111111111111111111111111111111111111111111111111111111111111111111
111111111111111111111111111111111111111111111111111111111111111111111111111111111111111111111111111111111111111111111111111111111111111111111111111111
